2.629613448462870748e-02
2.432497040608339392e-02
4.751151368690602339e-02
1.545755215140096755e-02
6.730494698265906961e-02
1.334907492396857596e-02
7.880799718258964248e-02
6.940310328046007948e-02
1.383203496793662321e-02
3.271544652448886425e-02
6.241824937371119077e-03
4.709406608113243103e-02
1.608755933799112942e-02
1.136864504516059589e-03
7.941839772396526442e-02
2.502940274061342743e-02
5.677714903241873334e-02
3.477658022487819384e-02
3.910904761921427109e-02
2.029999831575817273e-02
1.631046425845288084e-02
3.211385831396266349e-02
4.259630513874400337e-02
1.042813433669732420e-01
8.972436381288646789e-02
