3.758578247919477228e-02
2.011151587737279589e-02
5.327325070130486950e-02
2.952086955736355975e-02
6.320964528880911038e-02
4.888356864251632711e-02
5.987214467304816795e-02
6.779662446202172621e-02
7.326020107019722005e-02
4.815365566772236011e-02
4.602799529442602039e-03
4.072100159772579914e-02
2.143656256800399382e-02
4.530572228402648428e-03
4.961011412369149137e-02
2.683801135013679645e-02
5.971706224466043905e-02
3.306930317388839108e-02
4.509746149948854615e-02
3.092571677746126443e-02
3.705568535441574468e-02
3.521584833196704512e-02
4.816891394115448838e-02
5.668286234544459706e-02
7.695083665934925043e-02
