2.039699914279177739e-02
6.986172072345910034e-02
7.429324226724111011e-03
4.457779360576342997e-02
1.094113270670415278e-01
6.145093508110318486e-02
6.884289782440193572e-02
9.864235439648212644e-02
6.117260964203798806e-02
1.433416012538046500e-02
6.140793603862433440e-03
1.014001650185456654e-01
2.578779877522012487e-02
3.778330931771915063e-02
4.733992955035241923e-02
5.461247495689452829e-03
2.385204529640318552e-02
4.563209739751945132e-02
6.384409186719545992e-02
8.663839984230717328e-02
