5.898517914131165552e-03
2.106398879225462178e-02
3.139445177462871477e-03
1.165112452359447735e-02
5.277118858687634279e-02
2.216384007110487608e-02
1.984504434050249691e-02
3.692782027260303745e-02
1.992846925543311984e-02
3.642221071902210922e-03
1.686076332824434790e-03
3.994991369225431299e-02
8.450407648557091769e-03
1.486591912551133397e-02
1.556958917049732806e-02
2.830228516468070304e-03
6.427303259703349633e-03
1.645171724993468865e-02
1.730469917043631761e-02
4.111024259600633279e-02
