3.497877637737615425e-02
4.928511888323720835e-02
1.968612804928101395e-02
5.607585624810956793e-02
4.089403180708126029e-01
1.854292288032878822e-01
7.800592715427909218e-02
1.515863259903225679e-01
1.212072935344550295e-01
2.179599209502056795e-02
1.768512208498124877e-02
6.053920519512633325e-01
4.472902545709820515e-02
1.715286196412714737e-01
9.006744592765951463e-02
1.894858849352925104e-02
2.581971491412149433e-02
1.151745803561218251e-01
8.374004908372248424e-02
1.813280669326679806e-01
