4.798188004135570117e-02
3.638798269364230259e-02
3.824211895136325756e-02
9.239541859276473312e-02
3.970822906451051265e-02
6.511864151658214306e-02
1.352109247433370444e-02
3.374448733477614093e-02
4.804267444094661998e-02
2.352748757604133586e-02
5.151765145027981802e-02
7.197314969813585483e-02
2.201477389004447699e-02
2.161765445458424181e-02
6.860660154181401349e-02
3.162926234700794842e-02
3.038556734553593541e-02
4.164848367854560862e-02
6.604084395663455120e-02
6.963886176945523199e-02
