9.123527129231255584e-02
3.300652692716267433e-02
1.943555796486269235e-02
3.020489883488709504e-01
9.939672733977562846e-02
9.534567393254843315e-02
1.805787924934368696e-02
3.335578658503878663e-02
7.907790274409386144e-02
3.402759513851403433e-02
1.863324188296888173e-01
8.489808514417848118e-01
2.052994900682030693e-02
2.066766612445983253e-02
8.618322604735510761e-02
2.645259207703697102e-02
2.917525099499081176e-02
6.712024679786884884e-02
6.730558698125001238e-02
6.642110386563321311e-02
