1.698884837263204411e-02
1.316228864981743192e-02
7.825896538687652365e-03
3.499853409115687847e-02
1.443481137214627438e-02
2.264352498103002972e-02
2.108819010374528551e-03
9.837532127312115238e-03
2.325572385878543757e-02
3.868781400654003853e-03
2.268734138458908603e-02
5.432792994403031622e-02
5.723854793299861139e-03
4.609533139430343866e-03
2.420380909463736366e-02
1.026852572651488701e-02
6.558642793997613261e-03
1.632369014068336954e-02
2.748158616296596940e-02
2.425505175349735448e-02
