4.920636660292380948e-02
6.029979718074852946e-02
3.685075340291529139e-02
4.765964240059283180e-02
7.724183532429737542e-02
7.138732054914927183e-02
4.265507090076737368e-02
5.703396871316769590e-02
6.202066500513350733e-02
2.373732151360303730e-02
3.270767823877930667e-03
7.562423552016087069e-02
8.123578177635400188e-02
4.740812391437469048e-02
5.133440001248223972e-02
1.338708236486617006e-02
6.207822892063755149e-02
4.819161261001540797e-02
8.471752408758972952e-02
6.854083924305064135e-02
