4.789903145974151039e-02 3.311456360214889982e-02 5.061908265270162986e-03 0.000000000000000000e+00 9.010773065846611196e-02 9.762599573901141470e-02 0.000000000000000000e+00 0.000000000000000000e+00 0.000000000000000000e+00 6.864180495254489436e-03 0.000000000000000000e+00 3.256157956173509338e-01 0.000000000000000000e+00 3.200933482772623517e-02 0.000000000000000000e+00 1.038828411419596802e-02 0.000000000000000000e+00 1.433073518853400230e-01 7.997732815770318415e-02 1.280284951777910796e-01
0.000000000000000000e+00 7.221819991603911811e-03 0.000000000000000000e+00 8.443957934506472751e-02 3.056600816062077230e-02 1.173305116823043365e-01 0.000000000000000000e+00 1.608778548209472414e-01 8.980154810727021542e-02 4.439375994429580960e-03 4.913191338519548590e-02 3.046186616440782480e-01 8.449775824045387129e-03 0.000000000000000000e+00 0.000000000000000000e+00 0.000000000000000000e+00 0.000000000000000000e+00 2.407955241193024745e-02 8.132995191035106985e-02 3.771344672215871247e-02
6.214119698186898466e-02 5.963005113071944557e-03 5.724208323575219297e-03 2.531175622734117003e-01 0.000000000000000000e+00 1.224992158161956335e-01 5.752341924205099828e-03 1.063862354923683778e-01 4.152630384624514392e-02 0.000000000000000000e+00 0.000000000000000000e+00 0.000000000000000000e+00 2.052731176821235085e-02 0.000000000000000000e+00 0.000000000000000000e+00 3.102921429086108115e-02 3.415212494681193513e-03 5.355619733795919518e-02 1.677697080809319452e-01 1.205922862564119541e-01
5.123591275488139501e-03 2.106121155147480661e-02 2.299246631379293915e-02 1.742411245219621374e-01 4.543215773302504250e-03 3.594445023046509945e-03 0.000000000000000000e+00 7.416863809853668776e-02 1.115840189046441305e-01 1.799464149456690698e-02 6.727682240488956633e-02 9.021264993327293702e-02 0.000000000000000000e+00 1.042565667611544677e-02 0.000000000000000000e+00 2.000538479695095073e-02 0.000000000000000000e+00 2.028504153936481480e-01 1.677537173652959568e-01 6.172000473012253033e-03
0.000000000000000000e+00 6.248422347216682493e-03 0.000000000000000000e+00 2.098827322106473214e-01 2.476534920686532595e-02 3.080842608005616295e-02 0.000000000000000000e+00 1.974051140216766531e-01 0.000000000000000000e+00 0.000000000000000000e+00 0.000000000000000000e+00 1.287351037163836365e-01 1.616691002602590327e-02 5.731528664856077454e-02 1.522340395866539908e-01 3.157197215048330313e-02 0.000000000000000000e+00 1.002702953689693505e-01 4.459634863646091962e-02 0.000000000000000000e+00
1.276394128177534559e-01 4.103293957570956080e-02 1.392588573555988800e-02 5.194792319306949790e-02 7.539934403915390937e-02 9.875386090252441518e-02 0.000000000000000000e+00 9.227774010728111154e-02 3.429627717712560586e-02 0.000000000000000000e+00 0.000000000000000000e+00 2.190180541825905991e-01 5.091255374824271013e-02 2.160438142406597567e-02 1.885144275814533421e-02 8.609900948087265138e-02 4.514478527141583576e-03 3.710440178554462454e-02 2.662229454521890942e-02 0.000000000000000000e+00
3.460857420497479194e-03 9.938485742349228991e-02 0.000000000000000000e+00 1.786510302795292493e-01 1.139277234038825748e-01 1.464737651219735204e-01 0.000000000000000000e+00 4.952985304892989354e-02 0.000000000000000000e+00 6.731849125528613365e-03 0.000000000000000000e+00 1.874143522093363601e-01 6.886104727462830088e-02 1.531203577474666080e-02 0.000000000000000000e+00 2.295138310438117613e-02 0.000000000000000000e+00 7.051154468815615250e-02 3.678970112491770916e-02 0.000000000000000000e+00
1.154535074371835779e-01 0.000000000000000000e+00 0.000000000000000000e+00 1.743812467839052707e-02 1.687806687828702079e-01 3.569218533421322087e-02 0.000000000000000000e+00 8.721090547150384120e-02 1.112675212865672086e-01 0.000000000000000000e+00 0.000000000000000000e+00 1.807397473950823619e-01 1.391212956987275887e-02 6.607118493360268630e-02 0.000000000000000000e+00 2.196225065592133027e-02 0.000000000000000000e+00 1.032163656840584809e-01 5.916733760309259710e-02 1.908807116764143358e-02
0.000000000000000000e+00 0.000000000000000000e+00 5.618030859259232068e-02 2.617464799465576419e-01 3.465804672398277442e-02 3.117089566080221297e-03 0.000000000000000000e+00 1.027685528038547839e-02 2.834917895000804103e-03 9.954635622361457381e-03 8.125265713987495433e-03 1.767702705041491462e-01 0.000000000000000000e+00 0.000000000000000000e+00 1.529064563151105206e-02 1.051028919718072774e-01 5.237809543872228024e-03 3.266304727488092158e-03 1.758261000519361905e-01 1.316123782282877797e-01
2.165906363965976189e-02 9.909862938345365135e-02 8.293865077993073376e-02 1.397920822158224552e-01 3.766942459646763913e-02 7.932472375517571339e-02 3.694069923710704192e-03 2.132475437335725754e-01 2.750627337390265312e-03 4.529918376134840774e-02 1.839966485919651692e-03 8.144137882798230255e-02 0.000000000000000000e+00 0.000000000000000000e+00 0.000000000000000000e+00 2.116969532739472470e-02 1.992948452480573437e-02 4.590500659201424138e-02 3.888779870246904941e-02 6.535267041288241041e-02
