3.198321970380318957e-02
5.396117154572003388e-02
3.525327221294221464e-02
4.477610877677382778e-02
7.842030389074246266e-02
1.095336257637894752e-02
3.650990647963330005e-02
4.040370605791011871e-02
1.112687944556162850e-02
4.693672663959107261e-02
6.843484360470357061e-03
5.845044207555066124e-02
1.357309555102073802e-02
6.992298407501360870e-03
1.645368423044621387e-01
6.299911992389374549e-02
2.577495572590663558e-02
4.223479392300968915e-02
5.751266568627244613e-02
6.907105411488883087e-03
5.327411686698525946e-03
5.036057094971839454e-03
3.116820659567774016e-02
6.361770418201721788e-02
5.870115974200134507e-02
