3.683913942805430025e-02
5.035219318367138708e-02
3.872212902138068291e-02
5.286512637681125421e-02
6.931145167928039197e-02
2.668182961333245493e-02
5.001733191892678010e-02
4.911254346395941411e-02
1.827698970999128494e-02
4.924645890188106279e-02
9.120729498878262648e-03
4.854036989163711124e-02
2.465338151467345168e-02
1.293954307089741594e-02
7.539302622035033707e-02
5.984384146524642650e-02
3.560366031183876540e-02
4.231370204266793333e-02
6.758086341318973733e-02
9.802046072939527704e-03
9.857894926433973665e-03
1.374763261621871242e-02
4.295703633520035064e-02
6.769323007063814124e-02
5.927889490111657583e-02
