1.418756346070756957e-01
3.598314345209859683e-02
1.962710225344215659e-02
3.782113249409703726e-01
1.317915486229012667e-01
1.788330009918298324e-01
9.710574406419624979e-03
7.571398704849185979e-02
9.031038632949889289e-02
2.512895165224022370e-02
1.918899334527516057e-02
7.769994906599226869e-01
2.155427696354801637e-02
4.117980892826481054e-02
1.818928347104507848e-02
3.391836576264459224e-02
1.055354550976311638e-02
8.713722435585109782e-02
1.089607180871002279e-01
6.456318200970374843e-02
