1.968993199274151132e-02
1.310529082880170643e-02
7.117316477028760510e-03
4.462805105851330723e-02
1.614956846843844385e-02
2.253769449190720295e-02
5.923632941810675744e-04
2.658106442789880466e-02
1.754886306164221005e-02
3.682381958463174908e-03
3.917008771063495640e-03
5.842566956671278039e-02
5.121808974475017436e-03
8.217307557233547582e-03
5.343902879090802090e-03
1.143385547199185157e-02
9.354314145668534168e-04
2.903370820990878315e-02
2.964529612006406786e-02
1.455239213533297306e-02
