5.570651352623129382e-02
5.454626123351345723e-02
4.223731694209173493e-02
7.954678781126400811e-02
5.678642925286862125e-02
6.857361820420719567e-02
3.334064491330469837e-02
4.580972885849932813e-02
8.195396437625152020e-02
3.404829193263215342e-02
1.043559500048956215e-02
6.504859978496992101e-02
4.970495058744563155e-02
4.590075799139410606e-02
2.605412892955186535e-02
1.819953364755777167e-02
4.847153877403476835e-02
4.753866588328062998e-02
4.512229706509072319e-02
7.667039794753938153e-02
