1.191317176102805672e-02
2.960441423522347862e-02
5.704199454865900576e-02
1.603902717260054234e-02
1.044053390702696094e-01
1.159981174937299922e-02
9.941278414716334111e-02
4.596374708517690644e-02
2.096259527387003135e-02
2.650744818948218284e-02
2.042809915121014588e-03
1.619552151808068552e-01
1.322807919466926878e-02
2.167451155513043341e-03
8.167229764729286301e-02
2.619300210582702765e-02
2.481684282029520544e-02
4.604361235406403963e-02
1.465440530214848734e-02
1.363867184872080869e-02
3.664330309458967497e-03
3.786461505941538658e-02
4.811245856797895931e-02
4.288757097655961081e-02
5.760830432928231576e-02
