1.311964444346926627e-02
2.029444658434529855e-02
1.019156511636957856e-02
2.254280764037893889e-02
1.647313698844816640e-02
3.163934628000589916e-02
8.870619596348983810e-03
1.789089306838012247e-02
5.417814754176553810e-02
6.578553817558905996e-03
2.248466353614142921e-03
4.049847014192001216e-02
9.627698583226278542e-03
1.513773300922342281e-02
7.122838661988792168e-03
3.716168243477779767e-03
9.811537428888177093e-03
1.433677704767324750e-02
1.505225997666723853e-02
3.358246784483240321e-02
