6.354411401884464683e-02
5.969413867939090540e-02
4.366484987501937504e-02
1.350184672259064078e-01
1.105943250602023642e-01
2.797258225397066256e-01
3.809027143492856038e-02
8.461178796196755503e-02
3.314981150106572905e-01
3.421041437900808335e-02
2.438062941474942319e-02
4.552308338112543984e-01
5.235168674424754698e-02
1.195751894546936839e-01
7.048048273576197620e-02
2.841390812544398667e-02
4.060876199099561906e-02
1.048140009819185231e-01
1.360478071542384204e-01
1.272706104505456348e-01
