1.545565587952882868e-02
7.113154988739299467e-02
1.456656321080614276e-02
5.546083070821120758e-02
9.001360816758756378e-02
8.393267963572215162e-02
1.547799375345484778e-02
6.943623295344937552e-02
7.772763411553365587e-02
2.201154472210763505e-02
5.961044778204282676e-03
9.983724951630756905e-02
5.271348277515831848e-02
4.517591421472427760e-02
3.381023231643408289e-02
2.430767277342615190e-02
3.980879459133914583e-02
2.415104074967054995e-02
6.813696088754943314e-02
9.088331436339192049e-02
