1.494726562500000000e+02
1.104960937500000000e+02
9.591406250000000000e+01
1.155585937500000000e+02
8.137109375000000000e+01
1.180781250000000000e+02
1.071406250000000000e+02
9.343359375000000000e+01
8.425390625000000000e+01
1.095468750000000000e+02
1.154765625000000000e+02
1.054414062500000000e+02
8.734375000000000000e+01
1.256914062500000000e+02
9.773828125000000000e+01
9.349218750000000000e+01
7.207421875000000000e+01
1.246171875000000000e+02
8.166015625000000000e+01
1.039843750000000000e+02
9.267578125000000000e+01
1.184335937500000000e+02
9.125781250000000000e+01
1.193710937500000000e+02
1.160859375000000000e+02
1.132656250000000000e+02
1.157929687500000000e+02
1.151953125000000000e+02
1.106289062500000000e+02
1.109804687500000000e+02
9.069531250000000000e+01
1.113164062500000000e+02
1.177656250000000000e+02
1.139531250000000000e+02
7.780078125000000000e+01
9.534375000000000000e+01
9.544531250000000000e+01
9.732421875000000000e+01
1.247343750000000000e+02
1.019414062500000000e+02
1.181562500000000000e+02
1.038789062500000000e+02
1.039921875000000000e+02
9.612890625000000000e+01
1.059765625000000000e+02
9.177343750000000000e+01
8.457421875000000000e+01
9.753125000000000000e+01
1.070585937500000000e+02
9.033203125000000000e+01
1.006445312500000000e+02
1.011796875000000000e+02
9.078906250000000000e+01
1.390312500000000000e+02
1.202734375000000000e+02
1.045625000000000000e+02
1.122265625000000000e+02
1.007070312500000000e+02
1.086757812500000000e+02
9.945312500000000000e+01
1.030976562500000000e+02
9.726171875000000000e+01
1.205312500000000000e+02
9.237109375000000000e+01
6.863671875000000000e+01
8.796875000000000000e+01
1.020664062500000000e+02
1.212148437500000000e+02
1.096171875000000000e+02
1.086757812500000000e+02
1.079218750000000000e+02
8.932421875000000000e+01
9.288281250000000000e+01
9.513671875000000000e+01
9.635546875000000000e+01
8.141406250000000000e+01
9.490625000000000000e+01
7.662890625000000000e+01
9.097265625000000000e+01
8.134375000000000000e+01
8.516015625000000000e+01
1.177304687500000000e+02
1.197578125000000000e+02
9.261718750000000000e+01
1.143437500000000000e+02
9.978906250000000000e+01
1.065468750000000000e+02
8.735937500000000000e+01
8.856640625000000000e+01
1.069570312500000000e+02
1.047070312500000000e+02
9.155859375000000000e+01
1.117460937500000000e+02
1.196015625000000000e+02
1.104179687500000000e+02
1.147773437500000000e+02
9.573437500000000000e+01
1.051015625000000000e+02
1.000468750000000000e+02
8.695312500000000000e+01
9.162500000000000000e+01
9.394531250000000000e+01
7.386328125000000000e+01
1.056679687500000000e+02
1.264843750000000000e+02
9.188671875000000000e+01
1.115937500000000000e+02
1.142929687500000000e+02
9.625390625000000000e+01
1.005742187500000000e+02
1.045859375000000000e+02
9.114843750000000000e+01
9.423046875000000000e+01
1.087421875000000000e+02
1.144179687500000000e+02
7.194531250000000000e+01
8.017578125000000000e+01
1.026054687500000000e+02
1.151406250000000000e+02
9.521093750000000000e+01
1.314335937500000000e+02
1.278867187500000000e+02
1.032460937500000000e+02
9.945312500000000000e+01
7.214843750000000000e+01
9.940234375000000000e+01
8.267187500000000000e+01
1.030000000000000000e+02
1.030117187500000000e+02
1.081132812500000000e+02
1.092265625000000000e+02
1.237500000000000000e+02
9.998046875000000000e+01
1.190117187500000000e+02
9.026171875000000000e+01
9.160546875000000000e+01
7.043750000000000000e+01
1.056953125000000000e+02
1.090625000000000000e+02
9.675000000000000000e+01
1.211796875000000000e+02
1.305625000000000000e+02
1.101132812500000000e+02
8.349218750000000000e+01
9.156250000000000000e+01
9.270312500000000000e+01
1.148242187500000000e+02
1.042734375000000000e+02
7.858203125000000000e+01
1.191679687500000000e+02
1.050468750000000000e+02
1.368906250000000000e+02
1.524570312500000000e+02
1.534062500000000000e+02
1.416328125000000000e+02
1.581718750000000000e+02
1.212500000000000000e+02
1.045195312500000000e+02
1.177773437500000000e+02
1.029765625000000000e+02
1.121835937500000000e+02
1.246718750000000000e+02
9.696484375000000000e+01
1.360078125000000000e+02
9.739843750000000000e+01
1.025351562500000000e+02
1.082734375000000000e+02
1.097304687500000000e+02
9.255078125000000000e+01
1.010390625000000000e+02
1.139843750000000000e+02
1.022265625000000000e+02
1.135273437500000000e+02
1.044843750000000000e+02
6.082812500000000000e+01
9.318359375000000000e+01
1.030468750000000000e+02
9.048437500000000000e+01
8.538671875000000000e+01
8.524218750000000000e+01
7.762890625000000000e+01
7.133203125000000000e+01
9.351562500000000000e+01
6.557812500000000000e+01
6.245703125000000000e+01
7.958984375000000000e+01
6.578125000000000000e+01
6.804296875000000000e+01
7.194140625000000000e+01
1.108242187500000000e+02
1.023593750000000000e+02
8.685937500000000000e+01
6.718750000000000000e+01
8.085937500000000000e+01
8.715234375000000000e+01
9.116796875000000000e+01
8.398437500000000000e+01
8.419140625000000000e+01
9.936328125000000000e+01
7.424218750000000000e+01
8.408593750000000000e+01
7.513671875000000000e+01
8.484765625000000000e+01
8.744921875000000000e+01
9.301171875000000000e+01
8.010937500000000000e+01
8.993750000000000000e+01
8.708593750000000000e+01
9.969921875000000000e+01
7.685937500000000000e+01
7.796875000000000000e+01
7.875000000000000000e+01
8.025000000000000000e+01
8.224218750000000000e+01
8.126953125000000000e+01
7.764453125000000000e+01
6.744140625000000000e+01
7.996875000000000000e+01
6.504687500000000000e+01
1.064609375000000000e+02
1.195703125000000000e+02
1.134062500000000000e+02
1.255742187500000000e+02
9.505078125000000000e+01
9.477343750000000000e+01
9.991796875000000000e+01
8.964062500000000000e+01
1.092226562500000000e+02
9.022265625000000000e+01
7.906640625000000000e+01
9.887109375000000000e+01
9.271484375000000000e+01
1.110664062500000000e+02
1.039062500000000000e+02
9.868750000000000000e+01
9.911328125000000000e+01
9.162500000000000000e+01
1.280117187500000000e+02
1.072695312500000000e+02
8.793359375000000000e+01
8.603906250000000000e+01
1.093242187500000000e+02
9.604296875000000000e+01
1.029140625000000000e+02
1.020312500000000000e+02
8.282031250000000000e+01
8.500390625000000000e+01
9.135546875000000000e+01
1.022148437500000000e+02
8.974218750000000000e+01
8.476562500000000000e+01
7.130468750000000000e+01
7.446093750000000000e+01
8.076953125000000000e+01
8.565234375000000000e+01
7.617187500000000000e+01
7.091796875000000000e+01
7.889843750000000000e+01
8.332031250000000000e+01
8.120312500000000000e+01
8.306250000000000000e+01
8.612500000000000000e+01
9.055468750000000000e+01
7.957812500000000000e+01
7.735156250000000000e+01
8.519140625000000000e+01
7.723437500000000000e+01
8.214843750000000000e+01
7.892187500000000000e+01
6.539062500000000000e+01
7.657031250000000000e+01
8.008984375000000000e+01
8.509375000000000000e+01
9.779687500000000000e+01
9.816406250000000000e+01
8.645312500000000000e+01
1.002968750000000000e+02
1.150703125000000000e+02
9.320312500000000000e+01
1.082695312500000000e+02
7.517968750000000000e+01
9.799609375000000000e+01
8.118359375000000000e+01
1.134023437500000000e+02
1.010898437500000000e+02
8.356640625000000000e+01
8.780859375000000000e+01
9.001171875000000000e+01
9.004296875000000000e+01
9.007812500000000000e+01
8.373046875000000000e+01
7.983593750000000000e+01
9.000000000000000000e+01
1.160390625000000000e+02
8.132031250000000000e+01
8.642578125000000000e+01
1.122890625000000000e+02
1.045507812500000000e+02
9.240234375000000000e+01
1.005234375000000000e+02
7.536328125000000000e+01
7.472656250000000000e+01
7.453515625000000000e+01
7.446875000000000000e+01
7.280078125000000000e+01
7.434375000000000000e+01
7.370312500000000000e+01
7.303906250000000000e+01
7.718750000000000000e+01
7.519531250000000000e+01
7.203515625000000000e+01
8.725390625000000000e+01
7.167968750000000000e+01
7.589062500000000000e+01
7.924609375000000000e+01
7.016406250000000000e+01
7.518359375000000000e+01
7.882421875000000000e+01
7.197656250000000000e+01
7.416015625000000000e+01
6.928125000000000000e+01
6.963281250000000000e+01
8.555078125000000000e+01
7.087890625000000000e+01
7.610546875000000000e+01
7.453125000000000000e+01
7.212500000000000000e+01
8.075781250000000000e+01
8.151562500000000000e+01
7.301171875000000000e+01
6.744921875000000000e+01
7.753515625000000000e+01
8.154296875000000000e+01
8.078125000000000000e+01
7.814453125000000000e+01
7.584765625000000000e+01
7.528906250000000000e+01
7.980859375000000000e+01
8.066796875000000000e+01
7.011718750000000000e+01
7.265625000000000000e+01
8.036328125000000000e+01
7.654296875000000000e+01
8.003906250000000000e+01
7.368750000000000000e+01
7.792578125000000000e+01
7.658593750000000000e+01
8.251171875000000000e+01
8.575390625000000000e+01
8.652343750000000000e+01
9.650390625000000000e+01
9.804296875000000000e+01
1.025546875000000000e+02
8.835937500000000000e+01
9.279687500000000000e+01
8.863281250000000000e+01
8.725390625000000000e+01
9.215625000000000000e+01
9.548828125000000000e+01
9.198046875000000000e+01
8.839453125000000000e+01
8.840625000000000000e+01
9.491796875000000000e+01
9.904687500000000000e+01
8.932812500000000000e+01
9.505468750000000000e+01
9.698828125000000000e+01
8.897656250000000000e+01
9.256250000000000000e+01
9.384765625000000000e+01
8.993750000000000000e+01
9.547656250000000000e+01
1.000625000000000000e+02
9.032421875000000000e+01
7.866796875000000000e+01
9.029296875000000000e+01
8.668359375000000000e+01
7.420703125000000000e+01
8.225390625000000000e+01
7.794921875000000000e+01
7.630859375000000000e+01
7.748437500000000000e+01
7.937109375000000000e+01
7.004687500000000000e+01
7.311328125000000000e+01
8.199218750000000000e+01
7.218359375000000000e+01
8.897265625000000000e+01
9.317578125000000000e+01
9.663671875000000000e+01
8.263671875000000000e+01
7.693359375000000000e+01
8.345312500000000000e+01
7.901171875000000000e+01
7.454296875000000000e+01
8.317578125000000000e+01
7.698437500000000000e+01
7.827343750000000000e+01
8.430078125000000000e+01
8.045703125000000000e+01
9.287109375000000000e+01
9.207031250000000000e+01
9.757031250000000000e+01
9.645703125000000000e+01
1.016640625000000000e+02
9.718750000000000000e+01
9.581640625000000000e+01
9.885156250000000000e+01
7.455078125000000000e+01
1.182343750000000000e+02
1.090585937500000000e+02
7.726562500000000000e+01
9.812890625000000000e+01
8.551562500000000000e+01
8.651562500000000000e+01
8.868359375000000000e+01
9.159765625000000000e+01
7.464843750000000000e+01
7.460937500000000000e+01
9.514453125000000000e+01
9.001953125000000000e+01
8.664843750000000000e+01
9.680468750000000000e+01
9.012109375000000000e+01
8.429687500000000000e+01
7.617968750000000000e+01
7.148828125000000000e+01
7.701171875000000000e+01
9.483984375000000000e+01
8.218750000000000000e+01
9.990234375000000000e+01
1.007929687500000000e+02
8.301171875000000000e+01
7.335546875000000000e+01
1.051953125000000000e+02
8.501953125000000000e+01
7.548046875000000000e+01
8.356250000000000000e+01
8.243750000000000000e+01
7.899218750000000000e+01
8.145703125000000000e+01
7.376562500000000000e+01
8.215625000000000000e+01
7.506640625000000000e+01
8.989453125000000000e+01
8.117187500000000000e+01
8.445312500000000000e+01
7.580859375000000000e+01
8.153125000000000000e+01
7.605468750000000000e+01
7.973046875000000000e+01
7.382031250000000000e+01
8.612890625000000000e+01
8.281250000000000000e+01
8.383984375000000000e+01
8.316015625000000000e+01
8.056250000000000000e+01
8.656640625000000000e+01
8.958984375000000000e+01
8.881250000000000000e+01
8.946484375000000000e+01
8.733984375000000000e+01
9.356640625000000000e+01
9.326171875000000000e+01
8.766406250000000000e+01
8.209765625000000000e+01
9.884765625000000000e+01
1.000078125000000000e+02
9.019531250000000000e+01
8.975000000000000000e+01
1.036914062500000000e+02
8.891406250000000000e+01
9.473437500000000000e+01
9.663281250000000000e+01
9.784765625000000000e+01
8.498046875000000000e+01
9.458984375000000000e+01
9.351171875000000000e+01
9.439062500000000000e+01
8.928515625000000000e+01
8.558593750000000000e+01
1.064726562500000000e+02
1.127929687500000000e+02
9.816796875000000000e+01
9.607421875000000000e+01
9.912890625000000000e+01
9.258593750000000000e+01
9.264062500000000000e+01
1.022421875000000000e+02
9.412109375000000000e+01
8.853125000000000000e+01
8.479687500000000000e+01
7.826171875000000000e+01
7.692968750000000000e+01
7.578125000000000000e+01
9.602734375000000000e+01
8.706250000000000000e+01
8.551171875000000000e+01
8.002734375000000000e+01
8.653515625000000000e+01
9.602734375000000000e+01
9.080078125000000000e+01
8.373437500000000000e+01
1.013710937500000000e+02
8.932421875000000000e+01
8.622656250000000000e+01
7.907031250000000000e+01
9.241406250000000000e+01
8.413671875000000000e+01
8.217968750000000000e+01
9.118750000000000000e+01
8.354296875000000000e+01
8.195312500000000000e+01
9.888281250000000000e+01
8.148828125000000000e+01
8.609375000000000000e+01
7.535546875000000000e+01
8.678515625000000000e+01
1.120039062500000000e+02
7.820703125000000000e+01
8.599218750000000000e+01
1.099765625000000000e+02
8.082031250000000000e+01
8.164453125000000000e+01
8.963281250000000000e+01
8.962500000000000000e+01
9.579296875000000000e+01
9.983203125000000000e+01
8.153125000000000000e+01
8.158984375000000000e+01
9.257421875000000000e+01
8.297265625000000000e+01
8.895703125000000000e+01
7.776953125000000000e+01
9.126562500000000000e+01
9.705859375000000000e+01
8.900000000000000000e+01
9.436718750000000000e+01
8.851562500000000000e+01
7.738281250000000000e+01
1.184179687500000000e+02
8.621484375000000000e+01
9.026171875000000000e+01
9.998046875000000000e+01
1.037851562500000000e+02
9.693750000000000000e+01
9.089453125000000000e+01
6.560937500000000000e+01
6.960546875000000000e+01
6.870312500000000000e+01
6.743359375000000000e+01
6.883203125000000000e+01
7.199609375000000000e+01
7.276171875000000000e+01
6.881250000000000000e+01
6.801562500000000000e+01
7.114062500000000000e+01
6.738671875000000000e+01
7.011328125000000000e+01
6.803125000000000000e+01
6.599218750000000000e+01
6.664062500000000000e+01
6.521484375000000000e+01
6.575390625000000000e+01
6.480859375000000000e+01
6.418750000000000000e+01
6.714843750000000000e+01
6.300390625000000000e+01
6.421484375000000000e+01
8.597656250000000000e+01
9.436718750000000000e+01
9.312890625000000000e+01
9.429296875000000000e+01
8.505468750000000000e+01
9.051953125000000000e+01
8.807812500000000000e+01
8.377734375000000000e+01
9.463281250000000000e+01
8.616015625000000000e+01
8.475390625000000000e+01
8.091796875000000000e+01
8.359375000000000000e+01
8.007031250000000000e+01
7.964453125000000000e+01
9.094921875000000000e+01
8.199218750000000000e+01
7.881250000000000000e+01
8.062500000000000000e+01
9.103906250000000000e+01
8.194531250000000000e+01
7.835156250000000000e+01
1.048125000000000000e+02
1.056992187500000000e+02
9.271875000000000000e+01
8.907421875000000000e+01
7.511328125000000000e+01
9.305468750000000000e+01
9.308593750000000000e+01
8.379296875000000000e+01
9.201953125000000000e+01
1.005078125000000000e+02
8.694531250000000000e+01
9.041015625000000000e+01
1.067890625000000000e+02
9.628125000000000000e+01
9.146093750000000000e+01
9.929296875000000000e+01
7.758984375000000000e+01
9.576171875000000000e+01
9.421093750000000000e+01
9.570312500000000000e+01
9.188281250000000000e+01
1.014960937500000000e+02
7.737890625000000000e+01
7.589843750000000000e+01
9.556250000000000000e+01
8.268750000000000000e+01
8.498437500000000000e+01
1.111835937500000000e+02
1.174804687500000000e+02
9.601171875000000000e+01
1.180898437500000000e+02
8.994140625000000000e+01
1.188515625000000000e+02
1.038632812500000000e+02
1.142695312500000000e+02
1.059531250000000000e+02
9.499609375000000000e+01
1.126484375000000000e+02
1.200937500000000000e+02
1.086054687500000000e+02
1.074257812500000000e+02
9.686328125000000000e+01
9.639062500000000000e+01
1.013984375000000000e+02
9.169921875000000000e+01
1.084765625000000000e+02
8.749218750000000000e+01
8.244140625000000000e+01
9.871484375000000000e+01
1.159570312500000000e+02
1.041445312500000000e+02
1.087695312500000000e+02
1.017890625000000000e+02
1.149765625000000000e+02
1.016757812500000000e+02
1.138437500000000000e+02
1.298710937500000000e+02
1.112578125000000000e+02
1.066210937500000000e+02
1.137421875000000000e+02
1.051679687500000000e+02
1.121914062500000000e+02
1.185625000000000000e+02
1.085351562500000000e+02
1.047421875000000000e+02
1.052968750000000000e+02
1.087890625000000000e+02
1.223906250000000000e+02
1.161171875000000000e+02
9.403125000000000000e+01
1.161132812500000000e+02
1.077890625000000000e+02
9.058593750000000000e+01
8.910156250000000000e+01
7.230468750000000000e+01
6.716015625000000000e+01
6.839843750000000000e+01
7.617578125000000000e+01
9.779687500000000000e+01
7.991015625000000000e+01
7.274218750000000000e+01
8.421093750000000000e+01
6.939843750000000000e+01
6.554296875000000000e+01
9.299609375000000000e+01
8.360156250000000000e+01
7.576171875000000000e+01
7.976171875000000000e+01
6.842578125000000000e+01
8.824218750000000000e+01
7.551562500000000000e+01
9.175390625000000000e+01
9.341015625000000000e+01
7.173437500000000000e+01
7.218750000000000000e+01
7.762500000000000000e+01
7.441406250000000000e+01
9.963671875000000000e+01
9.030859375000000000e+01
1.030078125000000000e+02
1.146953125000000000e+02
8.167968750000000000e+01
9.003515625000000000e+01
7.205468750000000000e+01
1.039296875000000000e+02
9.108203125000000000e+01
1.029179687500000000e+02
9.305468750000000000e+01
1.077031250000000000e+02
8.552734375000000000e+01
9.384765625000000000e+01
8.098046875000000000e+01
7.060546875000000000e+01
9.755859375000000000e+01
1.020000000000000000e+02
8.050390625000000000e+01
9.702343750000000000e+01
1.043828125000000000e+02
1.115468750000000000e+02
1.022656250000000000e+02
9.464453125000000000e+01
7.725781250000000000e+01
7.412500000000000000e+01
1.105156250000000000e+02
1.145156250000000000e+02
9.795703125000000000e+01
9.673046875000000000e+01
1.100742187500000000e+02
1.082929687500000000e+02
1.025507812500000000e+02
1.138242187500000000e+02
1.103437500000000000e+02
1.177304687500000000e+02
1.128554687500000000e+02
9.604687500000000000e+01
1.261640625000000000e+02
1.055351562500000000e+02
1.082070312500000000e+02
1.215351562500000000e+02
9.878906250000000000e+01
1.026328125000000000e+02
1.184765625000000000e+02
1.420976562500000000e+02
1.368320312500000000e+02
1.197382812500000000e+02
1.105273437500000000e+02
1.187031250000000000e+02
1.159648437500000000e+02
1.244882812500000000e+02
1.116015625000000000e+02
7.488671875000000000e+01
8.129687500000000000e+01
7.373828125000000000e+01
8.020703125000000000e+01
8.758984375000000000e+01
9.015625000000000000e+01
9.446484375000000000e+01
8.182031250000000000e+01
8.712890625000000000e+01
7.345703125000000000e+01
7.289062500000000000e+01
9.594140625000000000e+01
8.859765625000000000e+01
8.344140625000000000e+01
7.593750000000000000e+01
8.819921875000000000e+01
9.093750000000000000e+01
6.744921875000000000e+01
7.887890625000000000e+01
7.119140625000000000e+01
9.183203125000000000e+01
7.167578125000000000e+01
8.367578125000000000e+01
8.286718750000000000e+01
6.891406250000000000e+01
6.632421875000000000e+01
9.863671875000000000e+01
1.271992187500000000e+02
9.103515625000000000e+01
9.239062500000000000e+01
1.039179687500000000e+02
1.422460937500000000e+02
1.069531250000000000e+02
9.389843750000000000e+01
8.070703125000000000e+01
1.066484375000000000e+02
1.505468750000000000e+02
1.251054687500000000e+02
1.281210937500000000e+02
1.120234375000000000e+02
8.971484375000000000e+01
9.419140625000000000e+01
9.870703125000000000e+01
9.546875000000000000e+01
9.964062500000000000e+01
1.509843750000000000e+02
1.469218750000000000e+02
1.155351562500000000e+02
1.006250000000000000e+02
1.177421875000000000e+02
1.178984375000000000e+02
1.207539062500000000e+02
8.180468750000000000e+01
7.007812500000000000e+01
7.763281250000000000e+01
8.222656250000000000e+01
6.197265625000000000e+01
6.382421875000000000e+01
6.907812500000000000e+01
8.301953125000000000e+01
7.235937500000000000e+01
9.376171875000000000e+01
6.946484375000000000e+01
6.393750000000000000e+01
6.872265625000000000e+01
6.767968750000000000e+01
6.964062500000000000e+01
6.222265625000000000e+01
8.184765625000000000e+01
6.683984375000000000e+01
6.067187500000000000e+01
7.619921875000000000e+01
8.011718750000000000e+01
8.557421875000000000e+01
8.508593750000000000e+01
8.777343750000000000e+01
7.862109375000000000e+01
8.803515625000000000e+01
8.394921875000000000e+01
9.052343750000000000e+01
8.316015625000000000e+01
7.477343750000000000e+01
8.102734375000000000e+01
8.569531250000000000e+01
9.019140625000000000e+01
8.154296875000000000e+01
8.710156250000000000e+01
7.564062500000000000e+01
7.678906250000000000e+01
7.297265625000000000e+01
7.287500000000000000e+01
7.502734375000000000e+01
7.988281250000000000e+01
1.067187500000000000e+02
1.102929687500000000e+02
9.594140625000000000e+01
1.065703125000000000e+02
9.690625000000000000e+01
8.980078125000000000e+01
1.167695312500000000e+02
9.095703125000000000e+01
8.578906250000000000e+01
1.172109375000000000e+02
8.481250000000000000e+01
8.533593750000000000e+01
8.978515625000000000e+01
9.976171875000000000e+01
8.533203125000000000e+01
9.892968750000000000e+01
9.696875000000000000e+01
1.063281250000000000e+02
9.602343750000000000e+01
9.601953125000000000e+01
7.929687500000000000e+01
9.122656250000000000e+01
6.250781250000000000e+01
8.596484375000000000e+01
8.025390625000000000e+01
8.088281250000000000e+01
7.913281250000000000e+01
7.948046875000000000e+01
8.404296875000000000e+01
9.603125000000000000e+01
6.532031250000000000e+01
9.097656250000000000e+01
9.891015625000000000e+01
9.766015625000000000e+01
6.793359375000000000e+01
8.972265625000000000e+01
7.992578125000000000e+01
1.040703125000000000e+02
1.015585937500000000e+02
9.140234375000000000e+01
9.903125000000000000e+01
8.366015625000000000e+01
1.113945312500000000e+02
1.135820312500000000e+02
8.441015625000000000e+01
7.835546875000000000e+01
8.418359375000000000e+01
7.730859375000000000e+01
8.880468750000000000e+01
1.069179687500000000e+02
7.779687500000000000e+01
1.058593750000000000e+02
9.241406250000000000e+01
1.100546875000000000e+02
9.301953125000000000e+01
1.001132812500000000e+02
