2.875252262720156438e+00
2.780646098336594818e+00
2.838651235322896316e+00
3.526846868884540243e+00
3.555627751956947247e+00
3.285523177592954980e+00
2.851845340019569353e+00
3.230308219178082307e+00
3.426927898727984534e+00
2.881421232876712146e+00
2.784498838062622106e+00
2.811269263698630283e+00
2.949172884050880405e+00
2.800009173189824008e+00
3.505519202544031376e+00
3.023781494618395183e+00
4.562301247553816275e+00
2.942231837084148705e+00
2.940794704011741700e+00
3.501697040117417004e+00
2.845676369863013644e+00
3.253913894324853118e+00
2.927745841487279677e+00
2.634907045009784898e+00
2.660286203522504778e+00
2.513278192270058664e+00
2.449348703522504778e+00
3.640281005381604817e+00
2.719269814090019555e+00
3.121093750000000000e+00
3.080578828277886316e+00
2.742485628669276032e+00
2.766213613013698502e+00
3.369037426614481578e+00
3.318103290117417004e+00
3.393040606653620284e+00
2.961403803816046842e+00
3.704325159001956802e+00
3.225920376712328785e+00
3.199180528375733967e+00
3.450610017123287854e+00
3.732257522015655749e+00
3.833628913894324697e+00
3.473986362524462024e+00
3.039658757338552064e+00
3.345133622798434292e+00
5.252109833659491578e+00
3.379999388454011822e+00
3.439778008806262388e+00
4.128157106164383805e+00
3.357570939334638016e+00
3.266939823874755344e+00
3.170361423679060486e+00
3.662472480430528421e+00
3.675460188356164171e+00
3.799030699608610728e+00
3.460249510763209191e+00
4.766932179549901782e+00
4.665316169275929958e+00
4.151648116438356517e+00
3.820358365949119595e+00
3.346998838062622106e+00
2.802203094422700769e+00
3.740574547455968624e+00
3.449172884050880405e+00
2.781456396771037287e+00
3.294245352250489312e+00
2.748180650684931337e+00
3.532969973091976357e+00
3.202123593444226923e+00
3.035813661937377894e+00
2.585922211350293320e+00
3.040652519569471579e+00
3.535370291095890405e+00
3.359229757827788543e+00
2.779384784735812186e+00
3.846838307240704413e+00
3.334821428571428381e+00
2.925964713796477490e+00
3.609092159980430647e+00
3.573951198630136883e+00
2.903796171722113684e+00
2.492271587573385627e+00
2.920904170743639838e+00
2.701091609589040932e+00
2.516886313600782632e+00
2.786761558219178259e+00
2.918763759784735790e+00
2.875290484344422914e+00
2.537189640410959068e+00
2.532794153620352429e+00
3.192185971135029554e+00
3.299298250978473401e+00
2.888851516634050931e+00
3.018919704011741700e+00
3.783306323385518422e+00
3.021732815557729879e+00
2.374357876712328785e+00
2.943967098825831741e+00
3.052707619863013644e+00
3.724789016634050931e+00
3.078591303816046842e+00
3.406242355675146882e+00
2.593138454011741700e+00
3.712152947651663482e+00
2.751024339530332874e+00
3.059916218199608462e+00
2.766389432485322875e+00
3.181331029843444291e+00
2.389378975048923603e+00
2.815741193737768988e+00
2.609933035714285587e+00
2.549756910469667126e+00
2.625481592465753522e+00
3.054343505381604817e+00
3.133171783268101862e+00
2.703621881115459757e+00
2.582337022994129150e+00
2.604322101272015466e+00
2.804977984344422914e+00
2.215493517612524332e+00
2.528268713307240567e+00
2.531265288649706680e+00
2.880931996086105507e+00
3.428212145303326963e+00
3.212015349804305142e+00
2.290950648238747611e+00
3.047585922211350162e+00
2.944372248043052753e+00
3.356607754403130972e+00
3.149010824363992267e+00
2.937071917808219190e+00
2.919925697162426559e+00
2.362845523483366073e+00
2.863120719178082307e+00
2.931300452544031376e+00
3.258760396281800364e+00
3.530745474559686681e+00
3.362914322407045020e+00
2.554007155088062753e+00
2.131765227495107773e+00
2.377163343933463846e+00
2.153520976027397449e+00
2.333300207925636194e+00
2.098864053326810364e+00
2.327138882093933603e+00
2.037640655577299231e+00
2.276739848336594818e+00
2.917479513209393360e+00
2.221899461839530243e+00
2.128004219667318786e+00
1.906127690802348340e+00
2.560887047455968624e+00
1.924244740704500911e+00
1.831152152641878583e+00
1.847839713796477490e+00
2.141397076810175992e+00
2.200059625733855384e+00
2.591563723091976357e+00
2.407213184931507044e+00
2.253860384050880405e+00
2.023406922700587085e+00
2.524347174657534332e+00
2.171645670254402916e+00
2.159460616438356073e+00
2.191849620841487489e+00
2.280829562133072308e+00
2.228488869863013644e+00
2.393973214285714413e+00
2.253050085616438380e+00
2.032159674657534332e+00
2.525616132583170081e+00
2.676377507338552064e+00
3.528047027886497045e+00
3.737188111545988178e+00
3.897764799412915870e+00
4.081396771037182347e+00
4.713200220156555709e+00
3.321222174657534332e+00
3.307821673189824008e+00
3.080670560176125061e+00
2.840180100293542065e+00
2.952910958904109595e+00
4.073591915362035465e+00
4.196443860078278298e+00
3.890181629158512511e+00
3.640579134050880405e+00
3.525967771526418826e+00
3.044749877690802187e+00
3.213368395303326963e+00
3.435114970645792631e+00
3.045330846379647571e+00
3.256658206947162348e+00
4.065680039138943158e+00
3.539008989726027288e+00
3.201710799902152793e+00
3.768889126712328785e+00
3.011145425636007733e+00
2.813960066046966801e+00
2.962588674168297409e+00
3.362241621819960891e+00
3.184885640900195547e+00
3.402427837573385627e+00
2.900967771526418826e+00
3.281953277886497045e+00
3.062714041095890405e+00
3.661012414383561620e+00
3.064434014187866762e+00
3.394301920254402916e+00
3.067636986301369717e+00
2.892344973091976357e+00
3.348833476027397449e+00
3.315106714774950891e+00
3.317308280332681214e+00
3.042036142367905871e+00
3.283627385029354251e+00
3.171278742661447936e+00
2.968986974070450202e+00
3.455831090998043198e+00
2.582681017612524332e+00
3.305306690313111417e+00
2.722274033757338341e+00
2.651273544520547976e+00
2.998234160958904049e+00
3.030195083170254211e+00
2.985728045499021377e+00
2.751949302837573441e+00
2.665178571428571619e+00
3.881535897749510688e+00
3.193890655577299231e+00
3.531960922211350162e+00
3.102961411448140971e+00
2.938424963307240567e+00
3.358549412915851295e+00
3.234826015166340607e+00
3.544596991193737612e+00
3.820809381115459757e+00
2.644049657534246478e+00
3.051996697651663482e+00
2.724842526908023643e+00
2.891335922211350162e+00
2.765074608610567530e+00
3.049374694227005911e+00
3.007392062133072308e+00
2.591433769569471579e+00
2.995130565068492956e+00
2.523827360567514777e+00
2.714881971624266033e+00
3.153704439823874939e+00
2.595424107142857206e+00
3.241170804794520688e+00
3.001773483365949069e+00
2.545414933953033199e+00
3.083246697651663482e+00
2.536348764677103684e+00
3.207367600293542065e+00
2.434281739236790809e+00
3.341089774951076397e+00
2.906892123287671215e+00
3.108969850782778988e+00
2.893170560176125061e+00
2.950747614970645749e+00
3.057332436399217368e+00
3.269500672700587085e+00
3.343719422700587085e+00
3.337894447162426559e+00
3.017444349315068663e+00
3.237340998043052753e+00
3.027336105675146882e+00
2.453017979452054576e+00
3.397252629647749433e+00
3.018338735322896316e+00
3.131696428571428381e+00
2.625290484344422914e+00
2.445847602739726234e+00
2.802271893346379716e+00
2.556399828767123239e+00
2.650287426614481578e+00
3.141030149217221012e+00
3.394187255381604817e+00
2.982746758806262388e+00
2.688654293052837652e+00
3.680398422211350162e+00
2.931216364970645749e+00
2.638094728473581174e+00
2.962328767123287854e+00
3.210341242661447936e+00
2.419948630136986356e+00
2.784009601272015466e+00
2.693821856653620284e+00
2.894179611056751256e+00
3.087382277397260122e+00
2.612944899706457935e+00
2.335845768101761255e+00
2.888270547945205546e+00
3.307340080724070486e+00
2.407648911448140971e+00
2.895525012230919959e+00
3.569295804794520688e+00
2.986461900684931337e+00
3.316146342954990001e+00
3.210539995107632105e+00
3.755702666340508866e+00
4.399507705479452468e+00
4.789574669765165993e+00
3.644928754892367895e+00
3.990857387475537976e+00
4.600369985322895872e+00
3.706725477005870850e+00
3.554741010273972712e+00
5.410913038160469313e+00
4.395379770058708502e+00
4.108297150195694414e+00
4.457092404598825830e+00
4.494626039628180081e+00
3.958820022015655749e+00
3.951053387964774899e+00
3.634387230919765344e+00
4.432210127201565264e+00
3.592603351272015466e+00
4.560833537181996356e+00
5.291860322896281943e+00
4.136130136986301054e+00
6.111836472602739434e+00
4.674130075831702591e+00
4.817591120352250122e+00
4.626062561154598463e+00
4.259310787671233278e+00
4.054901541095890849e+00
4.099498532289628017e+00
4.643590998043053197e+00
4.305314334637964535e+00
2.998448202054794454e+00
3.315198446673189636e+00
4.460578216731898138e+00
3.533069349315068663e+00
4.684258806262231012e+00
3.853817575831702591e+00
3.417066719667318786e+00
4.131168970156555709e+00
4.150921905577299675e+00
4.392398483365949069e+00
4.103129586594912226e+00
4.587795070939334252e+00
4.384769447162426559e+00
4.421523361056751256e+00
3.808104513209393360e+00
3.379349620841487489e+00
5.525142184442270121e+00
5.051813233855185992e+00
3.679794520547945424e+00
3.061559748043052753e+00
3.720821612035225101e+00
3.725293542074363806e+00
2.862126956947162348e+00
3.628470523483366073e+00
3.684037120841487489e+00
4.033910225048924048e+00
3.806055834148728056e+00
3.102449241682974534e+00
3.768522199119373806e+00
3.054763943248532510e+00
3.936399217221135061e+00
3.532985261741683036e+00
3.721861240215264210e+00
3.807179549902152793e+00
3.366484222113502955e+00
3.236966426125244656e+00
3.390479757827788543e+00
3.108365949119373806e+00
5.525333292563600729e+00
3.520425636007827652e+00
4.090822223581213279e+00
3.128027152641878583e+00
4.379303754892368339e+00
3.666187622309197813e+00
3.415400256849315141e+00
3.829080540606653482e+00
4.029216609589041376e+00
3.231477800880626194e+00
3.510449792074363806e+00
3.682026663405088218e+00
4.262735445205479756e+00
3.318829500978473401e+00
3.447468199608610728e+00
3.565336044520547976e+00
3.263843872309197813e+00
4.565901724559687125e+00
4.082566352739726234e+00
4.523215814579256033e+00
3.844185726516633927e+00
4.272764799412915870e+00
3.239619006849315141e+00
4.566108121330723968e+00
3.793870780332681214e+00
3.559602800880626194e+00
3.182745229941291498e+00
3.975125366927592996e+00
3.755970217710371983e+00
3.410928326810175992e+00
3.477097602739726234e+00
2.829462756849315141e+00
3.423564395792563442e+00
2.260121086105675303e+00
3.294986851761252389e+00
3.067912181996085952e+00
3.146373532289628017e+00
2.656930344911937247e+00
2.762131543542074574e+00
2.393483977495107773e+00
2.490024156066536154e+00
2.648980247064579352e+00
2.127698446673189636e+00
2.886198935909980445e+00
3.290186215753424737e+00
3.113449425146771254e+00
2.722847358121330608e+00
4.361867049902152793e+00
2.671752690802348340e+00
2.676064090019569353e+00
2.816161631604696680e+00
2.615314640410959068e+00
2.754341976516633927e+00
2.406899767612524332e+00
4.128195327788649394e+00
2.877614359099804453e+00
2.621926981409001822e+00
3.036455785225049109e+00
3.067652274951076397e+00
2.927554733365949069e+00
2.763339346868884494e+00
2.547639432485322875e+00
3.312568798923678948e+00
3.009929977984344251e+00
2.817422945205479312e+00
2.809679244129158704e+00
2.606317270058708502e+00
2.727862035225049109e+00
3.049948018590998178e+00
2.863372981898238745e+00
2.943347908512720323e+00
3.253982693248532510e+00
2.854299168297456113e+00
2.958888820939334696e+00
3.263713918786692592e+00
3.791577482876712146e+00
3.785569043542074574e+00
3.524064334637964979e+00
3.474681996086105507e+00
3.553426186399217368e+00
3.656242355675146882e+00
3.247385640900195547e+00
3.427034919275929514e+00
3.696956029843444291e+00
4.162587145303326963e+00
3.526617539138943158e+00
3.343283696183953158e+00
3.070702360567514777e+00
2.892306751467710324e+00
3.282778864970645749e+00
3.230407595401174170e+00
3.507705479452054576e+00
2.946581457925636194e+00
3.235758622798434292e+00
3.945824669765166437e+00
4.065695327788649394e+00
3.507239175636007733e+00
3.198981775929549798e+00
3.643491621819960891e+00
3.821397994129158704e+00
3.038496819960860851e+00
3.848749388454011822e+00
3.253180039138943158e+00
3.676339285714285587e+00
3.491851149706457935e+00
3.505404537671232834e+00
3.285760151663405182e+00
3.159949853228962713e+00
3.523070572407045020e+00
3.488625244618395183e+00
2.948576626712328785e+00
4.440458353718199191e+00
3.700808769569471579e+00
3.319777397260273766e+00
3.087726272015655749e+00
3.393315802348336518e+00
4.102693860078278298e+00
2.940504219667318786e+00
3.439044153620352429e+00
4.047845829256360162e+00
4.497515594422700325e+00
3.313402030332681214e+00
2.952467588062622106e+00
2.696053999510763077e+00
3.112983121330723968e+00
2.803624938845401093e+00
2.694066475048923603e+00
3.127606714774950891e+00
2.717213490704501133e+00
3.199165239726027288e+00
2.927080785225049109e+00
2.936108732876712146e+00
3.571612035225049109e+00
2.652542502446184169e+00
2.659682301859099596e+00
3.098229574363992267e+00
3.599980124755381539e+00
3.011802837573385627e+00
3.018132338551859029e+00
3.237593260763209191e+00
3.141978045499021377e+00
3.350606959393346518e+00
3.034903987279843562e+00
2.683731347847358339e+00
3.280218016144814008e+00
3.040813050391389272e+00
3.194341670743639838e+00
2.651518162915851295e+00
2.235567514677103684e+00
2.743272994129158704e+00
2.987501528864970446e+00
3.105843321917808098e+00
3.317728718199608462e+00
2.711434381115459757e+00
2.319578644814090040e+00
2.990727433953033199e+00
2.740360506360078219e+00
2.593092588062622106e+00
2.602479818982387449e+00
2.671423984833659393e+00
2.672081396771037287e+00
3.259433096868884494e+00
2.608174840998043198e+00
2.447743395303326963e+00
2.806988441780821741e+00
2.594866071428571619e+00
3.004601883561643927e+00
2.594491499510763077e+00
2.555857081702543887e+00
2.493479390900195547e+00
2.015204562133072308e+00
2.570801736790606640e+00
2.224987769080234656e+00
2.455043725538160526e+00
2.608878118884540243e+00
2.717458109099804453e+00
2.758523422211350162e+00
4.970362952544030932e+00
3.509616560665361984e+00
3.516121881115459757e+00
4.240047089041095951e+00
4.906188845401174170e+00
4.221326137475537976e+00
3.962351700097847207e+00
4.349223336594912226e+00
3.507323263209393360e+00
3.423594973091976357e+00
4.915591364970645749e+00
4.394645914872798542e+00
4.004701259784735790e+00
4.191054611056751256e+00
4.670422578277886316e+00
4.430474865459882672e+00
5.465187744618395627e+00
4.374235567514676681e+00
5.062148361056751256e+00
4.544474681996086396e+00
4.986377813111546153e+00
5.031494618395303320e+00
5.205020792563600729e+00
4.171767979452054576e+00
4.170353779354207369e+00
5.129984099804305586e+00
4.363594667318982268e+00
4.475950954011741700e+00
4.078400195694716679e+00
4.852617416829745345e+00
3.860422272504892227e+00
3.922922272504892227e+00
3.850377629647749433e+00
4.647267918297456113e+00
4.321505014677104128e+00
4.512215631115459757e+00
4.026556384540117328e+00
3.706350905088062753e+00
4.393789750489236923e+00
5.292678265655577086e+00
4.792838796477495222e+00
3.548342710371819919e+00
3.734390288649706680e+00
4.305222602739726234e+00
4.942338857632093685e+00
5.047715875733855384e+00
4.049993884540117328e+00
4.606592465753424293e+00
4.166179977984344696e+00
3.127514982876712146e+00
3.376689395792563442e+00
4.905722541585126883e+00
4.303510273972602995e+00
3.689938539628180081e+00
3.485621024951076397e+00
3.347572162426614373e+00
3.834538588551859029e+00
3.818454929060665304e+00
4.390265716731898138e+00
4.360919153620351985e+00
4.680551308708414737e+00
3.461442025440313319e+00
4.033573874755381539e+00
3.871468321917808098e+00
4.431231653620351985e+00
4.253906250000000000e+00
4.476677164872798542e+00
4.343222541585126883e+00
4.435237279843444291e+00
3.236033818493150527e+00
3.141435298434442469e+00
3.430742416829745789e+00
3.254877079256360162e+00
3.568088001467710324e+00
3.799443493150684859e+00
3.237677348336594818e+00
3.386581152152641661e+00
3.383271159491193725e+00
3.139325464774950891e+00
3.846608977495107773e+00
3.676538038160469757e+00
4.086579623287671659e+00
3.269691780821917693e+00
3.019470095401174170e+00
3.128241193737768988e+00
3.882048067514677125e+00
3.986599498532289676e+00
3.535033940802348340e+00
3.667578889432485223e+00
3.245260518590998178e+00
3.074402213796477490e+00
3.597579806751467490e+00
3.571604390900195547e+00
3.358748165362035021e+00
2.953713613013698502e+00
3.407878241193737612e+00
3.696092221135029554e+00
3.512322651663405182e+00
3.098283084637964979e+00
3.276059503424657571e+00
4.361798250978473845e+00
3.341586656066536154e+00
3.240414016634050931e+00
3.589988992172211457e+00
3.618754586594911782e+00
3.066658512720156438e+00
3.421775623776908137e+00
3.275516756360078219e+00
2.650157473091976357e+00
3.958881176614481578e+00
3.655906005381604817e+00
3.921561582681017732e+00
3.360238808708414737e+00
3.727074669765166437e+00
4.014799412915850851e+00
3.454692086594911782e+00
4.163833170254402916e+00
3.828400195694716235e+00
3.536700403620352429e+00
3.618815741193737612e+00
3.580188967710371983e+00
4.064762720156555709e+00
3.534995719178082307e+00
2.983694655088062753e+00
4.339774951076321052e+00
3.710830479452054576e+00
4.109321489726027288e+00
4.323301431017612551e+00
3.163619129158512511e+00
3.795376712328767166e+00
3.520846073874755344e+00
3.209660897749510688e+00
3.997324486301369717e+00
3.041699792074363806e+00
3.654346563111546153e+00
3.412778253424657571e+00
2.926698568982387449e+00
3.993341793052837652e+00
3.007606103228962713e+00
3.416577482876712146e+00
3.303754892367905871e+00
3.509532473091976357e+00
2.806720890410959068e+00
2.791508683953033199e+00
3.557966915362035021e+00
3.218421294031311053e+00
3.399981653620352429e+00
3.143277580724070486e+00
3.619863013698630283e+00
4.290384968199608906e+00
2.487203400195694858e+00
2.857914933953033199e+00
2.930130870841487489e+00
3.903750305772994089e+00
3.461717221135029554e+00
3.577727495107632105e+00
3.662831763698630283e+00
3.373471135029354251e+00
4.092618639921721702e+00
3.585562928082191902e+00
2.770540300880626194e+00
2.883408757338552064e+00
3.320740582191780810e+00
3.984864236790606640e+00
5.764378975048924048e+00
3.591640166340508866e+00
2.963291952054794454e+00
3.658979023972602551e+00
3.847319899706457935e+00
2.842954990215264210e+00
2.843826443248532510e+00
2.897237340998043198e+00
3.448492539138943158e+00
4.074432791095890849e+00
3.330838735322896316e+00
4.042976394324853118e+00
3.591387903620352429e+00
3.321627323874755344e+00
3.205899889921722146e+00
3.704455112524462024e+00
3.095118334148728056e+00
3.586380870841487489e+00
3.600048923679060486e+00
2.660943615459882672e+00
3.935367233365949069e+00
3.231837084148728056e+00
2.943584882583170081e+00
3.890563845401174170e+00
3.636038405088062753e+00
3.320832314090019555e+00
3.131184258806262388e+00
3.909414750489236923e+00
3.441436827299412915e+00
3.640670865949119595e+00
2.903222847358121417e+00
3.856095584637964979e+00
2.623127140410959068e+00
2.750191108121330608e+00
2.820526541095890405e+00
3.124892979452054576e+00
2.993334148727984534e+00
2.798694349315068663e+00
3.482647382583170081e+00
3.181078767123287854e+00
2.977051736790606640e+00
3.116721196183953158e+00
3.098053754892367895e+00
3.660003363502935425e+00
3.482563295009784898e+00
2.976646587573385627e+00
2.834706763698630283e+00
3.167693554305283765e+00
3.403337512230919959e+00
2.984650195694716235e+00
3.331098642367905871e+00
3.242034613502935425e+00
2.954332803326810364e+00
3.525027519569471579e+00
3.210417685909980445e+00
3.008485200587084130e+00
2.300872981898238745e+00
2.294000733855185992e+00
2.457161203522504778e+00
2.365031800391389272e+00
2.473114909491193725e+00
2.219330968688845385e+00
2.430214958414872672e+00
2.140999571917808098e+00
2.662594789628180081e+00
2.306522137964774899e+00
1.952383500489236701e+00
2.291990276418786721e+00
2.225721624266144616e+00
2.142597235812133238e+00
2.560948202054794454e+00
2.704867906066536154e+00
2.645196306262231012e+00
2.191360384050880405e+00
2.322368823385518422e+00
2.136558219178082307e+00
2.200082558708414737e+00
2.316864909491193725e+00
2.270555589530332874e+00
2.857387475538160526e+00
2.357662671232876761e+00
2.545621330724070486e+00
3.418381543542074574e+00
3.797157840019569353e+00
3.962084148727984534e+00
4.302371269569471579e+00
3.288068737769080041e+00
4.212466364970645749e+00
3.606760640900195547e+00
4.083246697651663482e+00
3.845034246575342429e+00
3.037304305283757166e+00
3.145341548434442469e+00
2.727288710861056842e+00
3.577513454011741700e+00
4.351294948630137327e+00
3.219468566536203724e+00
3.367088123776908137e+00
3.152810053816046842e+00
3.369029782289628017e+00
3.942323568982387449e+00
3.811422150195694858e+00
4.344866071428571175e+00
7.006421232876712146e+00
4.590600538160469313e+00
6.887995352250489312e+00
6.191727311643835385e+00
4.375779721135029554e+00
5.068240887964774899e+00
6.735789200097847207e+00
5.129487218688845829e+00
5.617042257827788987e+00
4.994113869863014088e+00
4.096945327788649394e+00
4.856324914383561620e+00
4.701168052837573441e+00
8.860857999021526155e+00
4.576909552348336518e+00
5.507690190802348340e+00
6.889638882093933603e+00
7.153750305772994089e+00
5.947300024461839918e+00
4.014501284246575707e+00
3.178617294520547976e+00
2.874961778375733967e+00
4.027626590019569797e+00
4.518101761252446558e+00
3.654201320939334696e+00
4.003332925636008177e+00
3.658245168786692592e+00
4.379716548434442025e+00
4.177432424168297409e+00
4.556682668786693036e+00
3.565756482387475668e+00
3.707895058708414737e+00
6.824432791095890849e+00
4.421485139432485667e+00
3.214782595401174170e+00
2.961510824363992267e+00
3.697185359589040932e+00
3.661578094422700769e+00
3.626116071428571619e+00
3.280042196673189636e+00
3.701359160958904049e+00
3.668022260273972712e+00
4.084378057729940892e+00
3.455273055283757166e+00
4.291149400684931337e+00
4.116400134540117328e+00
6.535821306262231012e+00
5.157786509295498867e+00
3.838169642857142794e+00
4.074325770547945424e+00
5.252690802348336518e+00
4.864534919275929958e+00
3.489351455479452024e+00
5.773835004892368339e+00
4.886458842954990445e+00
3.866132583170254211e+00
4.838551859099804453e+00
2.882009845890411093e+00
2.630419826320939514e+00
3.593039077788649838e+00
3.324516878669276032e+00
3.626223091976516599e+00
3.417028498043052753e+00
2.677936949608610728e+00
3.011672884050880405e+00
2.980491682974559797e+00
2.675536631604696680e+00
2.858740521037181903e+00
2.906257644324853118e+00
2.495933219178082307e+00
3.709561521526418826e+00
2.850408206947162348e+00
3.254976455479452024e+00
2.730140044031311053e+00
2.658535653131115506e+00
2.986958781800391538e+00
