8.911569199403619468e-01
8.443140652329048645e-01
8.328132669114285402e-01
8.606990911323332272e-01
9.128397757787748423e-01
8.309286083981388682e-01
7.966729675226984497e-01
8.610051490158421306e-01
8.710732541169461385e-01
8.088922865434611253e-01
8.240584479931618578e-01
8.135705005159789005e-01
8.813335827871553452e-01
8.577401742762083003e-01
8.035342199565573829e-01
7.926733840773242390e-01
8.712161062544502288e-01
8.210873045700513018e-01
8.917217999243234328e-01
8.508329218182930642e-01
8.127369631484649970e-01
8.386659623347527681e-01
8.330758564257042531e-01
8.208461018777399865e-01
8.117708058193742193e-01
8.158948066017825962e-01
8.127400369526318613e-01
8.190112981412307480e-01
7.824119245292486813e-01
7.580131905340308229e-01
7.970708696177176700e-01
8.347650980914833596e-01
8.225485085313869460e-01
8.334088551349367879e-01
8.858291522339964974e-01
9.492732661093632451e-01
8.772116857069244267e-01
8.663719303779846559e-01
8.204129619221163239e-01
8.638907489761105118e-01
8.585658471987576146e-01
8.277705542824214113e-01
8.847050470095341179e-01
9.428147136928013428e-01
8.416786878038822195e-01
9.188254291189413836e-01
8.696507370956889638e-01
9.104266324538923261e-01
9.016084228100926801e-01
9.319549656075749589e-01
8.636517857620642502e-01
8.795068951686848546e-01
9.277098356281553437e-01
8.364626883636816501e-01
8.474085405842942675e-01
9.248929984215579214e-01
8.995134447711763404e-01
8.426988500480958599e-01
8.905490249810598113e-01
8.933176229752277653e-01
8.290965713118756408e-01
8.441690314844796372e-01
8.496505277735391104e-01
8.227361549202376612e-01
8.490480694512427817e-01
8.869077763341637333e-01
9.009918155025187225e-01
8.221398437766371803e-01
8.391274936058490397e-01
9.539768775887090824e-01
9.570738311313308211e-01
9.184752752480924709e-01
8.965653878696037138e-01
9.115647472516390515e-01
8.982249780051509980e-01
8.668531812735917885e-01
9.273908990139760888e-01
8.716701657221662680e-01
8.986076323002303301e-01
8.931433584559678174e-01
8.761675832950657217e-01
8.907225144979411535e-01
9.026590911779437398e-01
8.876571138444733222e-01
9.055191298403422184e-01
8.982245948125370250e-01
9.186375705213322140e-01
8.576699046934357362e-01
8.855425308720977773e-01
8.869837954691472959e-01
8.570931295526954541e-01
9.051201178710159834e-01
9.220835000463964981e-01
9.192752742919589881e-01
8.631082372318108487e-01
8.839571599165036986e-01
8.992162309779376805e-01
9.210974469020434263e-01
8.536130581205096934e-01
9.131563926893677685e-01
9.352553380716073228e-01
9.454510866645104983e-01
8.703158204387668739e-01
9.166114252321091449e-01
9.247484095297241469e-01
8.939169897052205993e-01
8.824351822115905630e-01
8.614360873836837129e-01
9.144331990747008865e-01
9.030602978667422454e-01
9.744120806265273993e-01
9.501297309109641986e-01
8.901857674324465952e-01
8.555823202947776540e-01
9.126480835118075952e-01
9.117756036624534710e-01
8.950128029893118509e-01
9.056159335985074499e-01
8.527799003435211356e-01
9.240480177523462402e-01
8.671368291727096222e-01
8.382430630830166596e-01
9.141147142729704189e-01
8.728815220612098358e-01
8.468940368798406615e-01
8.679183647145489733e-01
8.716935198581876598e-01
9.226884968952162591e-01
9.690235076395413705e-01
8.771992540682075346e-01
9.126075526304631147e-01
8.775537704822788942e-01
8.788107284494720561e-01
8.144842625017159055e-01
8.868467856560611207e-01
8.712997239773666580e-01
8.674890833435174864e-01
9.047419283049235039e-01
9.551734788880406057e-01
8.322407080249041300e-01
8.587179076920766763e-01
9.131179188693832049e-01
8.373255073188379249e-01
8.368174130046835968e-01
8.480942671229095842e-01
8.272186999240660477e-01
8.158035231134794785e-01
8.493114058423993917e-01
8.686376071530603760e-01
8.349574993299839765e-01
8.368445988226930199e-01
8.034778290651307664e-01
7.755137745170705976e-01
8.303217504270620219e-01
7.638901430815294713e-01
7.698172573154016263e-01
8.483202625862729107e-01
8.181130503453408753e-01
8.469170731347110959e-01
8.686153744847204816e-01
8.028792368544035440e-01
7.890384499791878170e-01
9.072375900300413409e-01
8.490868057570416516e-01
8.455040061604219837e-01
8.616967882316746152e-01
8.447683293294483420e-01
8.578117969212973870e-01
8.133843589183114009e-01
8.483870500159698125e-01
7.508486862708427800e-01
8.193052845821290342e-01
8.518625244248763106e-01
8.893995876219485952e-01
8.290886970701123460e-01
8.460715032695063087e-01
8.911654969793549874e-01
8.624257698479071976e-01
8.830145696187204907e-01
7.906608618353062612e-01
8.511481915253391595e-01
9.167942494989239632e-01
9.183645114308769397e-01
8.738228827266077969e-01
8.359921687536492341e-01
8.730277763200916530e-01
8.934662247067280960e-01
8.928103270747751452e-01
8.683665766211630110e-01
9.466817200501138618e-01
7.644125926003313420e-01
9.070535127246071028e-01
8.774604893532028660e-01
8.882370871905620469e-01
9.095200653374077016e-01
8.560940974713571183e-01
8.835959311841032893e-01
8.696258469444893002e-01
9.507041669791538308e-01
8.903840446789957896e-01
9.193365972149394327e-01
9.017069664867181089e-01
9.220844943058068566e-01
8.718377050260139871e-01
8.802524824259668756e-01
8.886972090544937863e-01
8.960131682623380112e-01
9.019986141022706683e-01
9.281652110988983795e-01
9.224135363256490416e-01
9.121806003007282282e-01
9.225864772232403865e-01
9.080673074021565760e-01
9.368743861765678194e-01
9.071911285050329177e-01
8.585625473083291492e-01
8.825777178806930579e-01
8.356598257835072818e-01
8.632013113311546304e-01
8.927320393621104300e-01
9.440005349862102824e-01
8.610985752227013901e-01
9.489362025023417857e-01
9.256436591709311656e-01
9.286877343005421892e-01
8.952325150311644109e-01
8.321172010471933334e-01
9.121373646364328014e-01
8.969965273897639868e-01
8.780556142731370528e-01
8.889493656024864965e-01
8.835609879420974755e-01
8.972018815638886924e-01
9.216040899610407067e-01
9.083535129277722220e-01
9.095607577585498316e-01
9.096680674291490742e-01
9.048980877461075822e-01
9.077548509765993590e-01
9.121132904075619496e-01
8.773683694175016257e-01
9.220076251048614502e-01
9.041857070445975531e-01
9.236847721986622961e-01
8.871957828149376057e-01
8.831498433153580629e-01
8.757758243439780488e-01
8.989120212189689596e-01
9.441384225795894647e-01
8.576413627995818079e-01
8.818685969309238981e-01
9.095436904506906117e-01
9.004720819074558680e-01
9.128408899954297828e-01
9.120067816253177861e-01
8.908858971746175248e-01
8.138263579973302742e-01
8.936833103288550628e-01
8.803980376944915420e-01
8.925901030806330239e-01
8.521150817734162164e-01
9.088145464483088354e-01
8.356157025732378063e-01
8.608816950384075017e-01
8.685731480112836023e-01
9.032643551248173974e-01
8.837953562646980732e-01
9.185794241646034752e-01
9.268962427445257557e-01
8.610810683591050285e-01
8.912705477157145673e-01
8.928414839769056588e-01
8.917758455142004159e-01
7.556747015389191358e-01
8.663669983842867683e-01
8.720619009414863898e-01
8.263273828288759670e-01
9.036403662793999203e-01
8.748683029316899340e-01
8.380925953395375050e-01
8.855309831348452398e-01
9.098601385346020143e-01
8.791455110567920617e-01
8.671187607736321468e-01
8.045576883918562627e-01
8.585013464173829600e-01
8.333649951772347242e-01
8.221552637021118937e-01
8.310532011958022824e-01
8.189695245204002827e-01
8.520034457236917991e-01
8.636217632533101929e-01
8.072921248621219847e-01
8.374918854953742331e-01
8.626655401845455540e-01
9.035454109419700508e-01
8.027181981910442854e-01
8.550288282813982566e-01
8.516903881890179884e-01
8.311685285853238625e-01
9.349343096873907744e-01
9.181284927628092785e-01
9.434608997714838408e-01
9.120786216328905516e-01
9.160035446633936207e-01
9.382980938654470471e-01
9.365321462765967553e-01
9.244777862335664675e-01
9.575865119402834358e-01
9.400681524602209072e-01
9.043322419105533916e-01
9.268833577479735908e-01
9.071454592975370934e-01
9.163938573516130504e-01
9.305963093160106725e-01
8.955016775889763636e-01
9.286280402343444207e-01
9.206119604728352224e-01
9.100744517757435315e-01
9.407633479768335860e-01
8.659992939370834142e-01
9.112477432592372972e-01
8.875380895516915558e-01
9.145636616322512236e-01
8.848454098113359700e-01
8.687073473928449419e-01
8.921633609159698164e-01
9.265416016768578400e-01
9.241743775727665478e-01
9.167167451146440715e-01
8.669293424476676169e-01
9.051824466495532739e-01
9.182035666805363761e-01
8.455642708753005055e-01
9.239365507441914538e-01
9.087241027053315490e-01
9.088353228732561906e-01
9.379202445602573546e-01
9.212255537299820496e-01
8.659059736769630922e-01
8.768486761344038705e-01
9.161128717923522347e-01
8.933100246111173037e-01
8.757046934847574349e-01
8.842395274063821198e-01
9.351989831337116366e-01
9.001234032045939415e-01
8.989027572516914422e-01
9.241668766723929451e-01
9.107874422479439458e-01
9.220114406067679846e-01
9.697184481007223855e-01
9.086964168348989901e-01
9.555177669567092025e-01
9.216410377494947959e-01
9.515788713667433507e-01
9.501195697186879396e-01
9.403797064902202907e-01
9.376004101554512582e-01
9.763054766045196065e-01
9.410489330172990829e-01
9.404291242177252874e-01
9.198494900507949712e-01
9.371864369591846877e-01
9.439391646784919265e-01
9.555879409574732364e-01
9.366535966811448954e-01
9.408696196199911599e-01
9.452541838986388001e-01
9.568901588219266285e-01
8.885707820302557458e-01
9.065352299844238182e-01
8.935972585316073191e-01
9.400785437069871797e-01
8.808814801464495137e-01
8.937493944883265762e-01
9.242020470278957678e-01
8.915218624551930482e-01
9.365302366399095302e-01
8.861126147632704120e-01
8.625164256661165263e-01
9.214280908496683686e-01
9.184379170200946962e-01
8.637653421276003662e-01
9.001505894880421632e-01
9.243608663988326368e-01
8.430866614472539711e-01
9.111972025755710192e-01
9.343875958117412450e-01
9.141648085292189974e-01
9.188513528404098629e-01
8.897375880488671562e-01
9.008967683626035727e-01
9.140514533599627400e-01
9.092546784956609951e-01
9.461238091204455802e-01
9.259115103541077918e-01
8.993303135274264282e-01
8.751203048571050136e-01
8.640420346954361674e-01
9.019621492205989188e-01
9.020658547412229167e-01
9.068109979040230861e-01
9.182129322403518312e-01
9.325569826995284695e-01
8.946095902109254538e-01
9.220893908009137885e-01
9.094791271626621043e-01
8.634765637056357468e-01
9.187247629644095248e-01
9.247543869215451018e-01
8.829726735062704002e-01
8.408468973009592951e-01
9.189983993448531674e-01
9.091287801364091870e-01
9.323821917630362721e-01
9.172428463504481710e-01
9.111677934099392528e-01
8.960910671913182579e-01
9.466003050623735815e-01
9.487899175826992604e-01
9.168655707030973767e-01
9.428513478738470566e-01
8.991149494108180429e-01
8.707756642151849302e-01
8.717338272505557040e-01
9.298617258654129358e-01
9.652055747009358200e-01
8.588816569672570456e-01
9.292079552091326855e-01
9.025544864382093468e-01
8.495094404773912977e-01
9.198071684205894050e-01
8.845179041094899386e-01
9.477708628196935825e-01
9.299163334926076052e-01
9.259622962480822395e-01
9.185164991589409578e-01
8.644162787172890994e-01
9.621135643246918612e-01
8.997007547791919801e-01
8.944858994210731495e-01
9.224707325006907821e-01
9.163452090151379403e-01
9.333563595016378667e-01
9.124056157596326377e-01
8.965120301558591187e-01
9.099193108470431390e-01
9.252958854313279025e-01
9.339357188185646308e-01
9.387795755869323688e-01
8.964449192664158961e-01
9.411015804786387884e-01
8.807936278046647471e-01
8.545429646250770617e-01
9.159821605136299061e-01
9.139628979575817880e-01
9.044230199955970440e-01
9.210536746092180538e-01
9.146590212914270657e-01
8.861019652548376424e-01
8.863062750257797440e-01
9.158349027531738074e-01
8.815165152848081220e-01
9.312066909515359647e-01
9.067423999545223268e-01
9.064635215202243579e-01
9.102607305879819588e-01
9.238079232375855376e-01
9.281340368607222668e-01
9.368298360957515447e-01
9.130989269937652697e-01
9.209550540975365296e-01
9.141747702113124374e-01
9.128599262716554641e-01
8.954521659017602442e-01
9.377878454693249211e-01
9.398128872420721258e-01
8.934205726328392494e-01
8.994751186558961331e-01
9.105904435234182248e-01
8.975943890744635389e-01
8.760686316777273053e-01
9.492545103995857492e-01
9.100659626866787200e-01
8.999366354167575022e-01
9.620025787015838992e-01
9.355594607736557045e-01
9.312780179326085594e-01
9.242992010001662706e-01
9.416984105914436576e-01
9.132381018039572584e-01
9.013707206428203111e-01
9.386190483972267629e-01
8.947697319429467333e-01
9.104635748878984192e-01
8.839822224478393053e-01
9.425930569086649058e-01
9.272765902804901428e-01
9.211736106502963484e-01
8.833370454780575809e-01
9.042023025463719055e-01
9.387834132835495282e-01
8.912831025801706275e-01
9.075145786035793138e-01
9.684288662170694728e-01
9.177970600638337695e-01
9.101812070292727430e-01
9.395895486670295949e-01
9.325572595365492212e-01
9.537535748788534828e-01
9.390780273273882095e-01
9.532891524784102844e-01
9.554183145198889004e-01
9.058733861844010526e-01
9.750166784142308973e-01
8.323497897027078984e-01
8.625216422556771789e-01
7.203004711947911254e-01
8.992023080689612868e-01
8.404317480432874632e-01
9.044860315944226459e-01
7.922243153994802389e-01
8.679486679470402866e-01
7.871017960663315716e-01
8.986263601864112882e-01
9.104007186247047301e-01
8.034608641076049773e-01
8.480521560015348292e-01
8.777734627157249836e-01
9.109281461540541525e-01
9.057447702724947813e-01
9.394216385872287134e-01
8.758380111449899363e-01
8.425765035672387882e-01
8.998672940856534685e-01
9.173417480458201378e-01
8.995442851005710505e-01
9.014775131725167867e-01
8.482347541630758103e-01
7.382146077601550171e-01
8.456511676128601884e-01
7.506603181356631405e-01
8.353702019364352971e-01
9.015522310815525797e-01
8.512842540642850953e-01
8.888686144170003800e-01
8.746300339770174403e-01
8.934297287155277267e-01
8.954773919465844889e-01
8.648126706736326552e-01
8.911062458784281270e-01
8.668464706736147551e-01
8.429601690730811336e-01
8.938586546125297794e-01
8.657498803404142240e-01
8.681005848771634614e-01
8.654024600574532489e-01
8.256481720536255065e-01
8.807993563185387842e-01
8.591748453797259932e-01
8.462395764072034865e-01
8.752821746927402780e-01
8.760103879738317945e-01
8.349134336825961844e-01
8.238656358835176885e-01
8.653036720025421014e-01
8.558398414632262252e-01
8.304997142773113961e-01
8.461815151838538718e-01
8.754954816940760942e-01
8.736808147130536994e-01
8.399024402579149395e-01
8.982408576383691390e-01
8.947946571138482019e-01
8.715947672760955278e-01
8.761990519038751479e-01
8.918061854787211473e-01
9.095460472354293113e-01
8.594480926755242445e-01
8.483417124732512971e-01
8.912478998631492288e-01
8.611928156731921691e-01
8.796497462029668757e-01
8.765823795164031651e-01
8.673093419020719841e-01
8.794602213858500050e-01
8.712238053025436191e-01
8.730105042488427447e-01
8.686169850263899539e-01
8.653316478704107251e-01
8.903007409711988229e-01
8.171472184318701037e-01
8.679229743476926107e-01
8.311652394045783154e-01
8.512836547604238913e-01
8.892285068582105323e-01
8.533925005851754619e-01
8.600115605024054588e-01
8.929866058409650087e-01
8.712662009239199312e-01
8.427985137097424584e-01
8.668199201105494245e-01
8.897784932024483950e-01
8.960808557058219659e-01
8.864208223030795031e-01
8.693743465459726760e-01
8.423262965320515994e-01
8.769939408413739423e-01
8.927892043396721267e-01
8.672483192887026071e-01
8.408362836958758191e-01
8.671365859190892644e-01
8.255534894508900212e-01
8.514566189116121731e-01
8.713701785501124508e-01
8.372918421237089959e-01
8.405294251970404362e-01
8.761586337676630087e-01
9.046045740186241524e-01
8.547103146472676549e-01
8.960997107714647747e-01
8.628995749476973121e-01
9.018008601056037854e-01
8.932779978626124162e-01
8.862420231049511488e-01
8.755663141550618089e-01
8.709271782785604765e-01
8.955033291756183678e-01
9.442628486393942477e-01
8.445781475652032189e-01
8.916258989967477122e-01
8.897736974313046332e-01
9.051164669083598957e-01
9.051105034026754037e-01
8.978107598119504651e-01
8.724422078559592730e-01
8.837158545278251953e-01
8.765063409493958346e-01
9.009529298822982479e-01
9.044574776911510350e-01
8.464401590047656576e-01
8.479239237497326886e-01
8.706594709818874511e-01
8.752906256996098033e-01
8.815285528912453206e-01
8.390431717427540015e-01
9.311013596415200766e-01
8.162727189465401878e-01
8.097781581038432375e-01
8.524501209317121297e-01
8.357427135427862863e-01
8.841504688281731639e-01
8.428807636429027639e-01
8.430364143112656361e-01
8.426012406155987122e-01
7.871857808294330239e-01
8.663772381766958741e-01
8.438589622255951994e-01
8.593175757218254329e-01
9.047803635791284993e-01
8.503017747351533373e-01
8.581769554317738580e-01
8.784210456160228553e-01
8.351343804252815417e-01
8.795380442857845260e-01
8.735585345573149141e-01
8.354137042501372790e-01
8.557610890370448420e-01
7.956543655034626905e-01
8.914802733780913258e-01
9.091987413066741075e-01
8.289610871174224460e-01
9.124223911745183990e-01
8.720030320639515775e-01
8.868120096758485005e-01
8.453641051783065130e-01
8.863554632953274393e-01
8.779500832956524947e-01
8.944618615942646622e-01
8.069189410491492964e-01
8.927101932558936248e-01
7.972423423339564108e-01
7.871138249009731469e-01
8.361749243696745548e-01
8.409719586774270228e-01
8.454178928188620379e-01
8.784423131954903763e-01
7.863790972012947300e-01
8.296141083716129794e-01
8.839005331730492854e-01
8.227498044621547324e-01
8.518548533186696137e-01
8.943173860359683314e-01
8.549599277970114652e-01
8.907727074708159387e-01
8.710516154444124526e-01
8.798712155954231395e-01
8.519573240451470131e-01
9.167829383061962822e-01
8.323744839930392603e-01
8.595140789206514587e-01
8.519089841526708007e-01
8.502062922158832858e-01
8.166986154901691997e-01
8.839078975128472626e-01
8.436755878997307390e-01
8.847700192839695887e-01
8.984266438073192917e-01
8.966651040703965680e-01
7.963325235111600175e-01
8.889367458525077037e-01
8.338939810524488294e-01
8.010463460409491532e-01
8.659301407579491627e-01
8.764002892318958349e-01
7.999142837988102439e-01
8.304653406836695062e-01
8.974067982967679491e-01
8.626136308955126841e-01
8.831728538269741913e-01
8.640646581132334081e-01
9.061156213815617644e-01
9.167507320039742780e-01
9.439088725691407999e-01
8.627903082264523071e-01
8.654959461869491388e-01
9.026715005026324512e-01
9.468285855427297504e-01
9.138135477096225312e-01
8.508203711166864025e-01
8.501825582066631082e-01
8.926155753485598421e-01
9.351424924420510543e-01
9.048477662943226196e-01
9.206249051774806347e-01
9.073819255630826142e-01
8.997884428090502373e-01
9.185000137879040238e-01
9.078364373513991836e-01
8.715069208858927663e-01
8.169902590768091111e-01
8.160026840837559803e-01
6.905260022190069513e-01
6.954991811880861796e-01
7.279519884064122870e-01
7.506708062025863049e-01
8.204644236195982598e-01
7.622866899420341902e-01
7.229397592024076058e-01
7.115794957832410894e-01
7.389807010945851351e-01
8.004848394388743849e-01
7.707525479197351315e-01
7.980476689250932676e-01
8.315275287694972040e-01
7.943831677639161537e-01
7.292894664844884467e-01
7.056766862023584608e-01
8.226958030495805652e-01
7.459130237028940291e-01
8.011686124578358825e-01
8.326448011291917028e-01
7.908194697123247519e-01
7.973907662259563933e-01
7.667342932808453027e-01
8.048859374621950558e-01
7.170286795192546414e-01
7.070286066424209537e-01
6.947764988856920398e-01
7.518849273129559752e-01
7.142462956693587106e-01
7.211612890913394747e-01
6.084883828523781624e-01
7.148920917144344633e-01
7.068231277518881583e-01
6.762103977958369150e-01
6.898030808971823413e-01
6.842714216599986576e-01
7.193675038951294898e-01
6.730584748368118042e-01
7.439417003668137296e-01
7.495440432491446980e-01
7.191759695467092595e-01
7.278712918153946720e-01
6.847070301616358101e-01
6.624425408782824709e-01
6.964758489695596078e-01
6.735465558894362381e-01
6.959490848545430985e-01
7.322130474994766880e-01
7.295383037063948306e-01
6.733186360812446480e-01
9.009112259980851523e-01
8.910334381670333981e-01
8.648740566391572848e-01
8.714021427779441442e-01
8.497668157789289856e-01
8.310932631238973078e-01
8.522715460570294832e-01
8.508156065703260662e-01
8.236543086528947955e-01
7.572002223085521067e-01
8.283269263055609288e-01
8.195257646888047809e-01
8.234662664649606834e-01
8.629857770994532329e-01
8.745661188003818198e-01
8.477703465061550148e-01
9.085038520809021190e-01
8.834316731724436433e-01
8.235273467086441368e-01
8.928821580694250581e-01
8.959598427281387778e-01
8.588048342292813331e-01
8.970160819136329122e-01
8.570619756578848891e-01
8.753722039033154934e-01
8.641584261848546111e-01
8.071091698913245294e-01
8.474675332602010780e-01
8.671526023108251380e-01
8.474080379629966853e-01
8.784332152967431195e-01
8.925988623722616033e-01
8.968379589808757046e-01
8.557097296534723618e-01
8.877060494391463275e-01
8.368618292623930532e-01
8.713454061094820791e-01
8.581313695763657101e-01
8.711866916289248142e-01
8.932423779431913902e-01
8.295895722544081030e-01
8.955885882504277529e-01
8.919736765520609456e-01
8.769078676702340980e-01
9.147834643137553456e-01
8.957522222825966551e-01
9.022378151427795645e-01
9.197450297039656553e-01
8.418542886571060979e-01
8.580114939457051948e-01
9.314732795899119955e-01
8.602298509671602034e-01
8.588131390498382478e-01
9.026409748092373286e-01
8.737080854456822365e-01
9.105652587047599056e-01
9.021656943568550080e-01
8.862379305837793098e-01
8.885784253587920567e-01
9.194998764838682170e-01
9.001962543756290014e-01
8.194912115165722266e-01
8.970976598275353098e-01
8.696475384350055293e-01
8.881947931824587528e-01
9.007071788829292824e-01
9.190687999719853174e-01
8.747320054988174665e-01
8.899824280335143500e-01
9.103448555245086116e-01
8.663634608751438204e-01
8.046970542132227955e-01
8.840779407065878504e-01
8.918003159622210907e-01
8.663442619292546221e-01
8.489194959530317330e-01
8.996109445443372099e-01
9.066476725454182262e-01
8.669253055480081738e-01
8.445821561420341350e-01
8.030744492904950960e-01
8.726998521706703649e-01
9.037743961992350528e-01
9.240729986854903100e-01
7.736705839345265900e-01
8.396057849140829976e-01
8.552418831071784133e-01
8.057806417599850946e-01
8.345491288617686854e-01
8.756896780502991806e-01
8.673562644431451751e-01
8.862169413472491541e-01
8.925525511387724098e-01
9.095918916671347221e-01
9.036367136888590057e-01
8.993511695254721161e-01
9.211646114232683313e-01
