2.925100905088062753e-01
2.162350171232876594e-01
1.876987524461839474e-01
2.261420621330724190e-01
1.592389310176125228e-01
2.310726516634050987e-01
2.096685420743640005e-01
1.828446061643835552e-01
1.648804427592955035e-01
2.143774461839530465e-01
2.259815313111545876e-01
2.063432607632093851e-01
1.709271037181996078e-01
2.459714408023483401e-01
1.912686521526418826e-01
1.829592710371819864e-01
1.410454378669275810e-01
2.438692514677103795e-01
1.598046110567514777e-01
2.034919275929549798e-01
1.813616071428571508e-01
2.317682852250489145e-01
1.785867172211350329e-01
2.336029231898238689e-01
2.271740459882583274e-01
2.216548434442270066e-01
2.266007216242661437e-01
2.254311399217221179e-01
2.164949241682974646e-01
2.171829134050880517e-01
1.774859344422700658e-01
2.178403253424657515e-01
2.304611056751467713e-01
2.230002446183952935e-01
1.522520181017612551e-01
1.865826810176125228e-01
1.867814334637964702e-01
1.904583537181996078e-01
2.440985812133072419e-01
1.994939456947162348e-01
2.312255381604696736e-01
2.032855308219178037e-01
2.035072162426614373e-01
1.881191903131115561e-01
2.073905332681017510e-01
1.795957681017612551e-01
1.655072773972602607e-01
1.908635029354207313e-01
2.095080112524461968e-01
1.767750122309197647e-01
1.969560298434442358e-01
1.980033023483366017e-01
1.776693982387475557e-01
2.720768101761252278e-01
2.353687622309197647e-01
2.046232876712328896e-01
2.196214530332681047e-01
1.970783390410958957e-01
2.126727617416829808e-01
1.946245107632093851e-01
2.017566658512720268e-01
1.903360445205479479e-01
2.358732876712328896e-01
1.807653498043052809e-01
1.343184319960861184e-01
1.721501956947162348e-01
1.997385640900195825e-01
2.372110445205479479e-01
2.145150440313111639e-01
2.126727617416829808e-01
2.111974070450097773e-01
1.748027764187866928e-01
1.817667563600782743e-01
1.861775318003913993e-01
1.885625611545988234e-01
1.593230185909980390e-01
1.857265166340508755e-01
1.499587206457925759e-01
1.780286815068493067e-01
1.591854207436399216e-01
1.666539261252446280e-01
2.303923067514677125e-01
2.343597113502935425e-01
1.812469422700587196e-01
2.237646771037181959e-01
1.952819227005870850e-01
2.085066046966732034e-01
1.709576810176125228e-01
1.733197773972602607e-01
2.093092588062622217e-01
2.049061276908023532e-01
1.791753302348336463e-01
2.186812010763209413e-01
2.340539383561643927e-01
2.160821306262230845e-01
2.246131971624266144e-01
1.873471135029354251e-01
2.056782045009784843e-01
1.957864481409001822e-01
1.701626712328767055e-01
1.793052837573385627e-01
1.838460127201565486e-01
1.445465386497064575e-01
2.067866316046966801e-01
2.475232387475538032e-01
1.798174535225048887e-01
2.183830724070450202e-01
2.236653008806262222e-01
1.883638087084148760e-01
1.968184319960861184e-01
2.046691536203522621e-01
1.783726761252446280e-01
1.844040484344422748e-01
2.128027152641878694e-01
2.239099192759295420e-01
1.407931751467710324e-01
1.568997676125244711e-01
2.007934809197651771e-01
2.253241193737769155e-01
1.863227739726027454e-01
2.572085983365949291e-01
2.502675513698630061e-01
2.020471501956947191e-01
1.946245107632093851e-01
1.411906800391389549e-01
1.945251345401174115e-01
1.617844911937377783e-01
2.015655577299412804e-01
2.015884907045009666e-01
2.115719789628180136e-01
2.137506115459882616e-01
2.421722113502935425e-01
1.956564946183952935e-01
2.328996453033267966e-01
1.766374143835616473e-01
1.792670621330724190e-01
1.378424657534246534e-01
2.068401418786692814e-01
2.134295499021526543e-01
1.893346379647749544e-01
2.371422455968688892e-01
2.555039138943248633e-01
2.154858732876712424e-01
1.633897994129158426e-01
1.791829745596868750e-01
1.814151174168297520e-01
2.247049290606653593e-01
2.040576076320939347e-01
1.537808830724070319e-01
2.332054182974559742e-01
2.055711839530332818e-01
2.678877201565557642e-01
2.983503546966732034e-01
3.002079256360078441e-01
2.771679305283757389e-01
3.095340019569471357e-01
2.372798434442270066e-01
2.045392000978473457e-01
2.304840386497064575e-01
2.015196917808219079e-01
2.195373654598825885e-01
2.439762720156555820e-01
1.897550758317025354e-01
2.661601027397260122e-01
1.906035958904109540e-01
2.006558830724070319e-01
2.118853962818003922e-01
2.147367294520547976e-01
1.811169887475538032e-01
1.977281066536203391e-01
2.230613992172211235e-01
2.000519814090019610e-01
2.221670132093933325e-01
2.044704011741682870e-01
1.190374266144814119e-01
1.823553693737769155e-01
2.016572896281800253e-01
1.770731409001956858e-01
1.670972969667318953e-01
1.668144569471624317e-01
1.519156678082191902e-01
1.395930161448140916e-01
1.830051369863013588e-01
1.283329256360078163e-01
1.222251100782778821e-01
1.557531188845401038e-01
1.287304305283757389e-01
1.331564946183952935e-01
1.407855308219178037e-01
2.168771404109589018e-01
2.003118884540117384e-01
1.699792074363992156e-01
1.314823874755381705e-01
1.582375244618395294e-01
1.705525318003913993e-01
1.784108977495107717e-01
1.643529843444226923e-01
1.647581335616438436e-01
1.944486912915851240e-01
1.452880381604696736e-01
1.645517367906066675e-01
1.470385885518591118e-01
1.660423801369863006e-01
1.711335004892367839e-01
1.820190190802348229e-01
1.567698140900195825e-01
1.760029354207436336e-01
1.704225782778865106e-01
1.951061032289628239e-01
1.504097358121330719e-01
1.525807240704500911e-01
1.541095890410958957e-01
1.570450097847358173e-01
1.609436154598825885e-01
1.590401785714285754e-01
1.519462451076321052e-01
1.319792685909980390e-01
1.564946183953033199e-01
1.272932974559686792e-01
2.083384295499021432e-01
2.339927837573385627e-01
2.219300391389432414e-01
2.457421110567514777e-01
1.860093566536203391e-01
1.854666095890410982e-01
1.955341854207436336e-01
1.754219667318982490e-01
2.137429672211350329e-01
1.765609711350293598e-01
1.547287793542074241e-01
1.934855063600782743e-01
1.814380503913894382e-01
2.173510885518591118e-01
2.033390410958904049e-01
1.931262230919765233e-01
1.939594545009784843e-01
1.793052837573385627e-01
2.505121697651663260e-01
2.099208047945205491e-01
1.720813967710371761e-01
1.683738992172211235e-01
2.139417196673189803e-01
1.879510151663404960e-01
2.013973825831702480e-01
1.996697651663404960e-01
1.620749755381604706e-01
1.663481531311154504e-01
1.787778253424657515e-01
2.000290484344422748e-01
1.756207191780821963e-01
1.658818493150684970e-01
1.395395058708414904e-01
1.457161203522504833e-01
1.580617049902152682e-01
1.676171110567514777e-01
1.490643346379647849e-01
1.387827177103718168e-01
1.544000733855185881e-01
1.630534491193737778e-01
1.589102250489236867e-01
1.625489236790606529e-01
1.685420743639921837e-01
1.772107387475538032e-01
1.557301859099804175e-01
1.513729207436399216e-01
1.667150807240704580e-01
1.511435909980430592e-01
1.607601516634050987e-01
1.544459393346379605e-01
1.279659980430528365e-01
1.498440557729941169e-01
1.567315924657534110e-01
1.665239726027397393e-01
1.913833170254403138e-01
1.921018835616438436e-01
1.691841976516633983e-01
1.962756849315068497e-01
2.251865215264187980e-01
1.823935909980430592e-01
2.118777519569471635e-01
1.471226761252446280e-01
1.917731775929549798e-01
1.588720034246575430e-01
2.219223948140900127e-01
1.978274828767123406e-01
1.635350415851271888e-01
1.718367783757338563e-01
1.761481775929549798e-01
1.762093321917808098e-01
1.762781311154598962e-01
1.638561032289628239e-01
1.562347113502935425e-01
1.761252446183952935e-01
2.270823140900195825e-01
1.591395547945205491e-01
1.691306873776907971e-01
2.197437622309197647e-01
2.046003546966732034e-01
1.808265044031311108e-01
1.967190557729941169e-01
1.474819593933463791e-01
1.462359344422700658e-01
1.458613625244618295e-01
1.457314090019569408e-01
1.424672822896281832e-01
1.454867906066536209e-01
1.442331213307240789e-01
1.429335861056751367e-01
1.510518590998043142e-01
1.471532534246575430e-01
1.409689946183952935e-01
1.707512842465753466e-01
1.402733610567514777e-01
1.485139432485322875e-01
1.550804182974559742e-01
1.373073630136986412e-01
1.471303204500978568e-01
1.542548312133072419e-01
1.408543297455968624e-01
1.451275073385518699e-01
1.355797455968688892e-01
1.362677348336595040e-01
1.674183586105675026e-01
1.387062744618395294e-01
1.489343811154598962e-01
1.458537181996086007e-01
1.411448140900195825e-01
1.580387720156555820e-01
1.595217710371819864e-01
1.428800758317025354e-01
1.319945572407044965e-01
1.517322040117416726e-01
1.595752813111545876e-01
1.580846379647749544e-01
1.529247186888454124e-01
1.484298556751467713e-01
1.473367172211350329e-01
1.561812010763209413e-01
1.578629525440313208e-01
1.372156311154598962e-01
1.421844422700587196e-01
1.572666952054794509e-01
1.497905454990215157e-01
1.566322162426614373e-01
1.442025440313111639e-01
1.524966364970645749e-01
1.498746330724070319e-01
1.614710738747553720e-01
1.678158635029354251e-01
1.693217954990215157e-01
1.888530454990215157e-01
1.918649094911937247e-01
2.006941046966732034e-01
1.729146281800391372e-01
1.815985812133072419e-01
1.734497309197651771e-01
1.707512842465753466e-01
1.803449119373776999e-01
1.868655210371819864e-01
1.800009173189823786e-01
1.729834271037181959e-01
1.730063600782778821e-01
1.857494496086105618e-01
1.938295009784735679e-01
1.748104207436399216e-01
1.860170009784735679e-01
1.898009417808219079e-01
1.741224315068493067e-01
1.811399217221134894e-01
1.836549045988258300e-01
1.760029354207436336e-01
1.868425880626223001e-01
1.958170254403131250e-01
1.767597235812133072e-01
1.539490582191780921e-01
1.766985689823874772e-01
1.696352128180039220e-01
1.452192392367906149e-01
1.609665484344422748e-01
1.525425024461839474e-01
1.493318860078277910e-01
1.516328277886496989e-01
1.553250366927592940e-01
1.370780332681017510e-01
1.430788282778865106e-01
1.604543786692759211e-01
1.412594789628180136e-01
1.741147871819960780e-01
1.823400807240704580e-01
1.891129525440313208e-01
1.617156922700587196e-01
1.505549779843444180e-01
1.633133561643835552e-01
1.546217588062622217e-01
1.458766511741682870e-01
1.627706090998043142e-01
1.506543542074363917e-01
1.531769814090019610e-01
1.649721746575342485e-01
1.574501590019569408e-01
1.817438233855185881e-01
1.801767367906066675e-01
1.909399461839530465e-01
1.887613136007827708e-01
1.989511986301369939e-01
1.901908023483366017e-01
1.875076443248532287e-01
1.934472847358121306e-01
1.458919398238747445e-01
2.313784246575342485e-01
2.134219055772994256e-01
1.512047455968688892e-01
1.920330846379647849e-01
1.673495596868884439e-01
1.693065068493150582e-01
1.735491071428571508e-01
1.792517734833659615e-01
1.460830479452054909e-01
1.460066046966732034e-01
1.861928204500978568e-01
1.761634662426614373e-01
1.695664138943248633e-01
1.894416585127201569e-01
1.763622186888454124e-01
1.649645303326810197e-01
1.490796232876712424e-01
1.398987891389432414e-01
1.507078644814089929e-01
1.855965631115459868e-01
1.608365949119373861e-01
1.955036081213307186e-01
1.972465141878669281e-01
1.624495474559686792e-01
1.435527764187866928e-01
2.058616682974559742e-01
1.663787304305283654e-01
1.477112891389432414e-01
1.635273972602739601e-01
1.613258317025440258e-01
1.545835371819960780e-01
1.594071061643835552e-01
1.443554305283757389e-01
1.607754403131115561e-01
1.469009907045009666e-01
1.759188478473581174e-01
1.588490704500978568e-01
1.652703033268101696e-01
1.483534124266144838e-01
1.595523483365949013e-01
1.488350048923678948e-01
1.560283145792563664e-01
1.444624510763209413e-01
1.685497186888454124e-01
1.620596868884540132e-01
1.640701443248532287e-01
1.627400318003913993e-01
1.576565557729941169e-01
1.694058830724070319e-01
1.753225905088062753e-01
1.738013698630136994e-01
1.750779721135029277e-01
1.709194593933463791e-01
1.831045132093933325e-01
1.825082558708414904e-01
1.715539383561643927e-01
1.606607754403131250e-01
1.934396404109589018e-01
1.957100048923678948e-01
1.765074608610567586e-01
1.756360078277886538e-01
2.029186032289628239e-01
1.740001223091976468e-01
1.853901663405088107e-01
1.891053082191780921e-01
1.914826932485322875e-01
1.663022871819960780e-01
1.851073263209393471e-01
1.829974926614481301e-01
1.847174657534246534e-01
1.747263331702544054e-01
1.674871575342465890e-01
2.083613625244618295e-01
2.207298801369863006e-01
1.921095278864970723e-01
1.880121697651663537e-01
1.939900318003913993e-01
1.811857876712328896e-01
1.812928082191780921e-01
2.000825587084148760e-01
1.841900073385518699e-01
1.732509784735812020e-01
1.659430039138943269e-01
1.531540484344422748e-01
1.505473336594911893e-01
1.482999021526418826e-01
1.879204378669275810e-01
1.703767123287671104e-01
1.673419153620352151e-01
1.566092832681017510e-01
1.693447284735812020e-01
1.879204378669275810e-01
1.776923312133072419e-01
1.638637475538160526e-01
1.983778742661448102e-01
1.748027764187866928e-01
1.687408268101761311e-01
1.547364236790606529e-01
1.808494373776907971e-01
1.646511130136986412e-01
1.608213062622309286e-01
1.784491193737769155e-01
1.634891756360078163e-01
1.603779354207436336e-01
1.935084393346379605e-01
1.594682607632093851e-01
1.684809197651663537e-01
1.474666707436399216e-01
1.698339652641878694e-01
2.191857265166340385e-01
1.530470278864970723e-01
1.682821673189823786e-01
2.152183219178082085e-01
1.581610812133072419e-01
1.597740337573385627e-01
1.754066780821917915e-01
1.753913894324853340e-01
1.874617783757338563e-01
1.953660102739726012e-01
1.595523483365949013e-01
1.596670132093933325e-01
1.811628546966732034e-01
1.623731042074363917e-01
1.740842098825831630e-01
1.521908635029354251e-01
1.786020058708414904e-01
1.899385396281800253e-01
1.741682974559686792e-01
1.846715998043052809e-01
1.732204011741682870e-01
1.514340753424657515e-01
2.317377079256359995e-01
1.687178938356164448e-01
1.766374143835616473e-01
1.956564946183952935e-01
2.031020670254403138e-01
1.897015655577299342e-01
1.778757950097847318e-01
1.283940802348336463e-01
1.362142245596868750e-01
1.344483855185910071e-01
1.319639799412915815e-01
1.347006482387475557e-01
1.408925513698630061e-01
1.423908390410958957e-01
1.346624266144814119e-01
1.331029843444226923e-01
1.392184442270058831e-01
1.318722480430528365e-01
1.372079867906066675e-01
1.331335616438356073e-01
1.291432240704500911e-01
1.304121819960861184e-01
1.276220034246575430e-01
1.286769202544031376e-01
1.268269936399217257e-01
1.256115459882583274e-01
1.314059442270058831e-01
1.232953155577299481e-01
1.256650562622309286e-01
1.682515900195694636e-01
1.846715998043052809e-01
1.822483488258317130e-01
1.845263576320939347e-01
1.664475293542074241e-01
1.771419398238747445e-01
1.723642367906066675e-01
1.639478351272015688e-01
1.851914138943248633e-01
1.686108732876712424e-01
1.658589163405088107e-01
1.583521893346379605e-01
1.635885518590998178e-01
1.566933708414872672e-01
1.558601394324853340e-01
1.779828155577299342e-01
1.604543786692759211e-01
1.542318982387475557e-01
1.577788649706458046e-01
1.781586350293541954e-01
1.603626467710371761e-01
1.533298679060665359e-01
2.051125244618395294e-01
2.068477862035225101e-01
1.814456947162426670e-01
1.743135396281800253e-01
1.469927226027397393e-01
1.821031066536203391e-01
1.821642612524461968e-01
1.639784124266144838e-01
1.800773605675146660e-01
1.966884784735812020e-01
1.701473825831702480e-01
1.769278987279843396e-01
2.089805528375733856e-01
1.884173189823874772e-01
1.789842221135029277e-01
1.943110934442270066e-01
1.518392245596868750e-01
1.874006237769080263e-01
1.843658268101761311e-01
1.872859589041095951e-01
1.798098091976516599e-01
1.986224926614481301e-01
1.514264310176125228e-01
1.485292318982387449e-01
1.870107632093933325e-01
1.618150684931506933e-01
1.663099315068493067e-01
2.175804182974559742e-01
2.299030699608610451e-01
1.878898605675146660e-01
2.310955846379647849e-01
1.760105797455968624e-01
2.325862279843444180e-01
2.032549535225048887e-01
2.236194349315068497e-01
2.073446673189823786e-01
1.859023361056751367e-01
2.204470401174168370e-01
2.350171232876712424e-01
2.125351638943248633e-01
2.102265777886496989e-01
1.895563233855185881e-01
1.886313600782778821e-01
1.984313845401174115e-01
1.794505259295499089e-01
2.122829011741682870e-01
1.712175880626223001e-01
1.613334760273972546e-01
1.931797333659491245e-01
2.269217832681017510e-01
2.038053449119373861e-01
2.128562255381604706e-01
1.991958170254403138e-01
2.250030577299412804e-01
1.989741316046966801e-01
2.227862035225048887e-01
2.541508683953033199e-01
2.177256604696673203e-01
2.086518468688845496e-01
2.225874510763209413e-01
2.058081580234833730e-01
2.195526541095890460e-01
2.320205479452054909e-01
2.123975660469667182e-01
2.049749266144814119e-01
2.060604207436399216e-01
2.128944471624266144e-01
2.395119863013698558e-01
2.272352005870841574e-01
1.840141878669275810e-01
2.272275562622309286e-01
2.109375000000000000e-01
1.772718933463796609e-01
1.743670499021526543e-01
1.414964530332681047e-01
1.314288772015655693e-01
1.338521281800391372e-01
1.490719789628180136e-01
1.913833170254403138e-01
1.563799535225048887e-01
1.423526174168297520e-01
1.647963551859099873e-01
1.358090753424657515e-01
1.282641267123287576e-01
1.819884417808219079e-01
1.636038405088062753e-01
1.482616805283757389e-01
1.560894691780821963e-01
1.339056384540117384e-01
1.726852984344422748e-01
1.477800880626223001e-01
1.795575464774951113e-01
1.827987402152641827e-01
1.403803816046966801e-01
1.412671232876712424e-01
1.519080234833659615e-01
1.456243884540117384e-01
1.949837940313111639e-01
1.767291462818003922e-01
2.015808463796477379e-01
2.244526663405088107e-01
1.598428326810176214e-01
1.761940435420743523e-01
1.410072162426614373e-01
2.033849070450097773e-01
1.782427226027397393e-01
2.014050269080234767e-01
1.821031066536203391e-01
2.107693248532289676e-01
1.673724926614481301e-01
1.836549045988258300e-01
1.584744985322896205e-01
1.381711717221134894e-01
1.909170132093933325e-01
1.996086105675146660e-01
1.575418909001956858e-01
1.898697407045009666e-01
2.042716487279843396e-01
2.182913405088062753e-01
2.001284246575342485e-01
1.852143468688845496e-01
1.511894569471624317e-01
1.450587084148728112e-01
2.162732387475538032e-01
2.241010273972602607e-01
1.916967343444226923e-01
1.892964163405088107e-01
2.154094300391389549e-01
2.119236179060665359e-01
2.006864603718199747e-01
2.227479818982387449e-01
2.159368884540117384e-01
2.303923067514677125e-01
2.208521893346379605e-01
1.879586594911937247e-01
2.468964041095890460e-01
2.065267245596868750e-01
2.117554427592955035e-01
2.378378791585127328e-01
1.933249755381604706e-01
2.008469911937377783e-01
2.318523727984344307e-01
2.780776051859099596e-01
2.677730552837573330e-01
2.343214897260273988e-01
2.162961717221134894e-01
2.322957436399217257e-01
2.269370719178082085e-01
2.436169887475538032e-01
2.183983610567514777e-01
1.465493517612524443e-01
1.590936888454011766e-01
1.443019202544031376e-01
1.569609222113503011e-01
1.714086961839530465e-01
1.764310176125244711e-01
1.848627079256359995e-01
1.601180283757338563e-01
1.705066658512720268e-01
1.437515288649706402e-01
1.426431017612524443e-01
1.877522627201565486e-01
1.733809319960861184e-01
1.632904231898238689e-01
1.486056751467710324e-01
1.726012108610567586e-01
1.779598825831702480e-01
1.319945572407044965e-01
1.543618517612524443e-01
1.393178204500978568e-01
1.797104329745596862e-01
1.402657167318982490e-01
1.637490826810176214e-01
1.621667074363992156e-01
1.348611790606653593e-01
1.297929916829745622e-01
1.930268468688845496e-01
2.489221501956947191e-01
1.781509907045009666e-01
1.808035714285714246e-01
2.033619740704500911e-01
2.783680895303327074e-01
2.093016144814089929e-01
1.837542808219178037e-01
1.579393957925636083e-01
2.087053571428571508e-01
2.946122798434442358e-01
2.448247920743640005e-01
2.507262108610567308e-01
2.192239481409001822e-01
1.755672089041095951e-01
1.843276051859099873e-01
1.931644447162426670e-01
1.868272994129158426e-01
1.949914383561643927e-01
2.954684442270058553e-01
2.875183463796477379e-01
2.260961961839530465e-01
1.969178082191780921e-01
2.304152397260273988e-01
2.307210127201565486e-01
2.363090141878669281e-01
1.600874510763209413e-01
1.371391878669275810e-01
1.519233121330724190e-01
1.609130381604696736e-01
1.212772137964774899e-01
1.249006237769080263e-01
1.351822407045009666e-01
1.624648361056751367e-01
1.416034735812133072e-01
1.834867294520547976e-01
1.359390288649706402e-01
1.251223091976516599e-01
1.344866071428571508e-01
1.324455724070450202e-01
1.362830234833659615e-01
1.217664505870841435e-01
1.601715386497064575e-01
1.308020425636007844e-01
1.187316536203522482e-01
1.491178449119373861e-01
1.567851027397260399e-01
1.674642245596868750e-01
1.665086839530332818e-01
1.717679794520547976e-01
1.538573263209393471e-01
1.722801492172211235e-01
1.642841854207436336e-01
1.771495841487279732e-01
1.627400318003913993e-01
1.463276663405088107e-01
1.585662304305283654e-01
1.677011986301369939e-01
1.764998165362035298e-01
1.595752813111545876e-01
1.704531555772994256e-01
1.480247064579256477e-01
1.502721379647749544e-01
1.428036325831702480e-01
1.426125244618395294e-01
1.468245474559686792e-01
1.563264432485322875e-01
2.088429549902152682e-01
2.158375122309197647e-01
1.877522627201565486e-01
2.085524706457925759e-01
1.896404109589041043e-01
1.757353840508806275e-01
2.285118028375733856e-01
1.779981042074363917e-01
1.678846624266144838e-01
2.293756115459882616e-01
1.659735812133072419e-01
1.669979207436399216e-01
1.757048067514677125e-01
1.952284124266144838e-01
1.669902764187866928e-01
1.936001712328767055e-01
1.897627201565557642e-01
2.080785225048923659e-01
1.879127935420743523e-01
1.879051492172211235e-01
1.551797945205479479e-01
1.785255626223092029e-01
1.223244863013698697e-01
1.682286570450097773e-01
1.570526541095890460e-01
1.582833904109589018e-01
1.548587328767123406e-01
1.555390777886496989e-01
1.644676492172211235e-01
1.879280821917808098e-01
1.278284001956947191e-01
1.780363258317025354e-01
1.935619496086105618e-01
1.911157656555773077e-01
1.329424535225048887e-01
1.755824975538160526e-01
1.564105308219178037e-01
2.036601027397260399e-01
1.987448018590998178e-01
1.788695572407044965e-01
1.937989236790606529e-01
1.637185053816047065e-01
2.179932118395303264e-01
2.222740337573385627e-01
1.651862157534246534e-01
1.533375122309197647e-01
1.647428449119373861e-01
1.512888331702544054e-01
1.737860812133072419e-01
2.092328155577299342e-01
1.522443737769080263e-01
2.071612035225048887e-01
1.808494373776907971e-01
2.153712084148728112e-01
1.820343077299412804e-01
1.959164016634050987e-01
