2.493086175518272884e-01
3.753042720685312861e-01
4.364778390147246445e-01
3.321580017568773191e-01
6.816751897315661557e-01
3.608102701590447658e-01
3.909176374575860646e-01
4.811334158060989186e-01
6.268386594237582710e-01
3.611292517569381633e-01
3.456592173157456704e-01
3.441699271167676932e-01
6.557430471772681679e-01
3.298731121009680356e-01
4.356928350123149829e-01
4.481288108047387087e-01
6.912698730191926266e-01
2.470620644375836894e-01
7.164742221462783167e-01
3.778326141465069843e-01
4.118525473544887849e-01
2.935060676600396712e-01
4.787805775072777048e-01
3.063668505689819410e-01
3.283450527562900567e-01
3.356239511137636966e-01
2.569514771462919067e-01
3.157801047788670323e-01
3.180869408854182234e-01
3.212416588242981708e-01
4.202173488032447946e-01
3.576802365051650057e-01
2.843985933601916316e-01
3.031657574881435058e-01
6.990081124158353809e-01
7.102588165168429724e-01
6.348753935954571936e-01
5.918777111293389570e-01
4.501422540349389045e-01
6.537341280674801025e-01
5.353468979804855143e-01
5.588440593650696453e-01
6.208750866287915393e-01
6.220284097360493369e-01
4.782183073973600429e-01
7.104732990371929180e-01
7.036040092865047946e-01
6.621528191458344592e-01
6.461625231687206927e-01
7.101506150474800050e-01
5.200402486927384604e-01
5.479378303081776647e-01
6.851526575351284398e-01
4.451540985076439805e-01
5.042042491324851827e-01
6.450285537789630652e-01
6.157281773764378130e-01
5.984252419862553518e-01
6.156332567092802632e-01
6.385149764367069602e-01
5.538888740922142118e-01
6.502995601164406336e-01
4.376450530970125152e-01
5.988479904531167630e-01
7.193021264125569747e-01
6.694918943177409210e-01
6.498983951276484650e-01
4.198281294281027698e-01
6.106255146284842450e-01
6.650217436177772168e-01
6.641335741795655334e-01
7.000871404228352635e-01
6.830614298559656294e-01
6.584729764318513201e-01
6.505691789830060356e-01
6.403186983359917539e-01
6.639335019218574052e-01
6.477230987999379463e-01
7.013530599473348781e-01
6.429405540797143992e-01
6.799699891181391065e-01
5.903958043933584809e-01
6.295621639069126640e-01
6.817521476380296042e-01
6.309187210068267770e-01
6.569324144355941364e-01
6.510036579254230293e-01
6.592821604725970230e-01
6.509501176260945599e-01
6.448383103283125140e-01
6.423481289579195952e-01
6.669916590503105480e-01
6.267800070577458360e-01
5.977137829866678853e-01
6.146468222655272484e-01
5.967381154413435862e-01
6.385719798671978253e-01
6.019019380411140263e-01
6.331859723812696128e-01
6.369781341396175689e-01
6.658371574120258707e-01
6.676711874516446654e-01
6.720558247862207235e-01
6.186745782427180984e-01
5.985639202437393891e-01
6.378171647616340811e-01
5.218356939146054918e-01
4.593296418880503107e-01
6.927307786253521504e-01
5.630614284824548843e-01
6.502430505833574070e-01
7.012496314894255400e-01
6.079525175739668441e-01
4.282118016247679626e-01
5.454605594902326438e-01
7.115143029156267840e-01
7.206508423078120673e-01
5.701480962196087132e-01
4.177307084979546836e-01
5.959894551730919865e-01
3.990601645341128600e-01
3.652344802747307106e-01
6.190669733623722637e-01
5.954038989737303611e-01
6.587022092630934189e-01
5.526626817366568911e-01
6.375080981901527499e-01
5.668475704532910386e-01
6.391093502441033136e-01
5.297918061744085749e-01
5.423178568781268361e-01
3.865662788116328019e-01
5.213763508780151490e-01
3.802178764073534389e-01
6.294537982766462703e-01
6.077610983705753478e-01
7.002759291575896272e-01
5.769124901880846590e-01
6.036138128227600541e-01
5.313086441857440834e-01
3.883421683919914269e-01
4.818842358347286137e-01
4.644722780546243768e-01
5.575207993305850707e-01
5.312089368032822945e-01
5.115519622113772202e-01
3.592873258730429620e-01
4.019908013593775920e-01
5.428592030749459507e-01
4.274980928427299376e-01
4.651670106973583296e-01
2.196593098491760043e-01
2.078204486312943411e-01
1.941685371147427175e-01
2.348922368376930303e-01
1.963979941049891487e-01
4.479055910356773418e-01
4.299286807826591672e-01
4.464269976877497936e-01
5.039413535071771699e-01
4.237866367286331482e-01
3.800384125535634094e-01
6.341015405872512112e-01
3.844165934574746979e-01
4.625877609260308776e-01
4.489121631777299726e-01
3.749996947757283650e-01
4.274789044009761341e-01
4.766193504355182298e-01
3.694272965470458692e-01
3.677668330764449767e-01
4.511309405347506130e-01
3.748747642491016552e-01
5.269767202741374446e-01
7.265820448473679916e-01
5.094129192910374915e-01
5.506172636643767992e-01
5.743356139838042829e-01
5.840967956441782682e-01
5.877458184117567708e-01
6.183452464031214957e-01
7.428054816128180082e-01
6.075095215063556209e-01
7.007553967090983660e-01
7.184004473868205176e-01
6.104891493093455024e-01
7.436037178897658695e-01
7.411835624298300784e-01
6.800660124159823017e-01
5.633154408175820027e-01
4.697013680409600767e-01
6.791927129168043864e-01
7.577765599648459416e-01
5.991943464258208119e-01
6.181354520558058896e-01
6.441975236164709795e-01
6.570365765278527448e-01
6.650903544476111096e-01
6.816609529094593833e-01
6.936974293988631413e-01
6.909799077570795145e-01
7.029279020533861777e-01
7.116390289795415658e-01
6.591339010489907224e-01
5.955833459756766368e-01
6.738954530923895181e-01
6.611375875012255321e-01
6.717424160707304859e-01
5.729814704006492843e-01
7.297993142496571606e-01
7.221359038216712545e-01
7.449677468643708389e-01
6.872801156385111021e-01
7.263174469132098743e-01
6.993614444700307908e-01
6.666584707502177798e-01
7.085967242543514955e-01
6.460028728895297334e-01
6.902653051956920693e-01
6.135422243628156913e-01
6.112143435220750431e-01
6.150216207962692083e-01
6.088559182166801698e-01
6.386231354548984607e-01
6.586248578862461400e-01
6.299292169116801343e-01
6.101533809688760579e-01
6.291329303682872132e-01
6.521421516330973001e-01
6.636335892430016425e-01
6.342205660020853175e-01
6.619409560012158300e-01
6.303134769977917218e-01
6.343800214822770123e-01
6.413831176155353475e-01
6.162173577180736217e-01
6.737095037613020088e-01
6.191216443289602189e-01
6.140191400095319496e-01
6.505945352752591226e-01
6.940163566795486405e-01
6.020967789550044635e-01
6.317890938463666117e-01
6.652137146752902241e-01
6.361922165690687692e-01
6.812677793859848174e-01
6.398791109420884915e-01
6.160786409304036537e-01
5.955804909355093546e-01
6.461901713049621465e-01
6.684936142198815157e-01
7.421900585518049764e-01
7.240781111189599217e-01
6.689681277675572080e-01
6.674411730450612312e-01
6.860622261669953037e-01
6.010291090953758797e-01
6.846277563086921036e-01
6.217641755293603634e-01
6.998463422618895757e-01
6.234067118477177871e-01
6.912981252244739805e-01
5.953020574474462423e-01
5.941744185481673268e-01
6.515323794240895916e-01
6.793383366515712840e-01
6.890791442636221564e-01
6.807217199169088850e-01
6.970727842488502191e-01
6.943562661208246833e-01
6.949171913070928408e-01
6.825177208273141005e-01
6.805114290926882470e-01
5.005299175386517252e-01
6.023163916911804527e-01
5.802427121463585857e-01
5.827208774200365315e-01
6.082401703031896645e-01
6.026360970568047648e-01
5.410721088741190510e-01
6.979525195365646750e-01
6.487724309866845784e-01
6.639670131870818448e-01
4.551269777846819187e-01
5.685749617654033417e-01
6.561257940381907128e-01
6.132960757095824444e-01
6.182923073602366593e-01
5.783598317971294644e-01
6.106958533829695002e-01
6.328763667766164058e-01
6.415862067344203501e-01
5.795386655831045175e-01
5.339543005418178057e-01
6.104749931380372141e-01
6.262887318458936203e-01
5.007743178292163311e-01
6.008193697565372693e-01
6.357031458834928594e-01
5.571863405107024825e-01
7.506296930446607618e-01
7.245407177730491810e-01
7.560318054793869758e-01
7.404746417923222523e-01
7.550304527924803777e-01
7.495670855050698966e-01
7.513910927502356341e-01
7.476717388411975307e-01
7.557654902862691593e-01
7.523150291786134813e-01
7.527603079433407007e-01
7.134516997921255266e-01
7.472823645583530627e-01
7.438882945805737057e-01
7.340629969014488276e-01
7.153613250336192664e-01
7.570522859856588793e-01
7.352620197701753568e-01
7.307022731872571120e-01
7.595983189256672041e-01
7.351175714341082745e-01
7.465003303245433264e-01
6.804848680850960063e-01
7.626696095967993028e-01
6.810927077697800369e-01
6.801835136949575533e-01
7.438910527375957038e-01
7.115028511588602500e-01
7.007520922792294105e-01
7.162123969218443520e-01
7.329370371230368164e-01
6.847781890864822474e-01
7.177680456093802341e-01
6.425702621974715978e-01
7.293867685290624792e-01
7.113267013878940004e-01
7.376113644394994839e-01
6.958238856753260482e-01
7.114850892115928138e-01
7.124294395605247354e-01
7.071659960689096192e-01
6.962646791689992565e-01
7.340408961490597628e-01
7.129605032963740596e-01
7.035678938606847455e-01
7.192053770399393642e-01
6.891568630158569908e-01
7.050659778127907895e-01
6.991436023998868210e-01
6.159203032881697126e-01
6.400220181628337723e-01
6.626407992023605198e-01
6.427358638509821365e-01
6.656116948921988463e-01
6.373918694667607410e-01
6.556824569994217367e-01
6.658446271892008994e-01
6.565215788041787182e-01
6.525951400284515369e-01
6.611676633991540042e-01
6.527930092891045533e-01
6.482289262952971587e-01
6.562859173555819492e-01
6.281852750637517691e-01
6.585053290379304647e-01
6.728825349236764453e-01
6.433070120198904895e-01
6.348241368868163814e-01
6.469671983288433070e-01
6.624265956052977078e-01
6.305316858838057037e-01
6.166819819651104817e-01
6.444203900830445253e-01
6.444267531162950480e-01
6.064887995115508801e-01
6.695664517091391987e-01
6.505152934411174703e-01
6.451257216790580173e-01
7.198024733346957138e-01
6.768892988427167579e-01
6.638901267890274793e-01
7.022237799644522882e-01
6.441241951201190918e-01
6.577085067294399234e-01
7.023080202285477691e-01
6.857645057050919535e-01
6.661630794296531377e-01
6.574360768191815918e-01
6.453268452294099733e-01
6.467096551868274368e-01
6.672301295974090163e-01
7.204726896030161365e-01
6.888723090998087883e-01
6.384133303986944119e-01
7.220912608767274810e-01
7.077565161521022219e-01
7.292333221312878866e-01
7.111376883273015093e-01
6.872076001291200775e-01
6.764370264127896881e-01
6.501218163182038712e-01
6.619409844280813582e-01
6.596077788905833073e-01
6.440309386173480588e-01
6.372684065398155351e-01
6.538306362501421498e-01
6.347229186682179503e-01
6.488720884165687375e-01
6.542104778005597421e-01
5.513555944194680203e-01
5.848217454360022938e-01
6.678183885224832084e-01
6.247570888700765268e-01
6.959269098849092394e-01
7.091896873248541011e-01
6.268298271576639991e-01
6.931689880158189432e-01
7.061276215997003280e-01
7.086441448973436197e-01
6.452594107141766955e-01
6.690207952490060395e-01
6.762363860871108967e-01
6.819354847712453260e-01
6.333633722898706075e-01
6.582665938581444554e-01
6.979924517995788058e-01
7.003527781897502802e-01
8.040062084295427347e-01
6.545995921443586996e-01
6.914229595266666584e-01
6.194530827143825968e-01
6.144982770510005743e-01
7.427114264839596025e-01
7.202978086758625720e-01
6.290178205409109324e-01
7.630935590047798200e-01
7.347303115709215016e-01
7.344256132123430092e-01
6.678711039098906843e-01
7.596857027730008483e-01
7.627626164549061727e-01
7.466887270507719387e-01
7.626468903151942813e-01
7.782973200995918495e-01
6.405463271154171467e-01
6.984043594334894411e-01
6.737907702293675083e-01
7.450777616407908699e-01
7.017596743280807292e-01
7.031554029759873314e-01
7.461227912591913425e-01
7.004210563258981281e-01
6.850179125054347562e-01
6.866536111605553439e-01
6.811644806371438543e-01
6.819862080203379362e-01
6.869666878269971022e-01
6.700823449665153086e-01
6.813429902965079110e-01
7.131898372488723048e-01
6.760345603003445891e-01
6.702334505331413173e-01
6.709057087643430783e-01
6.866446968010745389e-01
7.186507593893366463e-01
6.763702622715016544e-01
6.620643740126631593e-01
6.720744718716161747e-01
6.461785365079609766e-01
6.429958422386130579e-01
6.734451535526391197e-01
6.619324218416242633e-01
6.311654669784949601e-01
6.522372255726226475e-01
6.564741115716916653e-01
6.208995013047508005e-01
6.639818118787452761e-01
6.676616143017508609e-01
6.571514548641999021e-01
6.339735135113421238e-01
6.333638347907220023e-01
5.940351142108684090e-01
5.826840060718501135e-01
6.755265415074359625e-01
6.415648570885756907e-01
6.389918951944209002e-01
6.719842140835122768e-01
6.707856796798887800e-01
6.255720251447588476e-01
6.684025951952914379e-01
6.658221882413898340e-01
6.857393221772036807e-01
7.233519852860439414e-01
7.503379612509293306e-01
7.574635269422895778e-01
6.839911784457026744e-01
6.632590324053222464e-01
6.575982505888614549e-01
7.138490396136261129e-01
6.744682033652328323e-01
6.215907840770467097e-01
6.053680840704714905e-01
6.716817065400285669e-01
6.124892834429631616e-01
6.650250761575801084e-01
7.228036246395149744e-01
6.831987640294459041e-01
6.545889904881421195e-01
6.979406241333456773e-01
7.281336536593284725e-01
6.988615892746495861e-01
7.046010359831555991e-01
7.290198311797244646e-01
6.770743595699139084e-01
6.822695395513082017e-01
7.310241875850210791e-01
6.501224203842398408e-01
6.354036790264743217e-01
4.711261315880795331e-01
6.839941032796137410e-01
6.681079659995516895e-01
6.003938557996171266e-01
6.136765834392529095e-01
6.498950201191914244e-01
5.618763979982061008e-01
6.705422704501312614e-01
6.483800569475550724e-01
5.020998300219585708e-01
6.799983710876539300e-01
6.789227579238332755e-01
6.919852354647150205e-01
7.128756566272260731e-01
6.404249997882317524e-01
6.533518142436830489e-01
6.778048600942142565e-01
6.327090498321088496e-01
6.819371571520967956e-01
6.948577832330896653e-01
6.642215852126177600e-01
6.466469050630151427e-01
4.118866737890882757e-01
6.067597989913312562e-01
4.623402110550298705e-01
6.239938443364013709e-01
6.732690227837131447e-01
5.987089657506585727e-01
6.334102585278987840e-01
7.376275061464923066e-01
7.116489214249700490e-01
7.407180967867924570e-01
7.407138086156765944e-01
7.293366725663944505e-01
6.903006310879853391e-01
6.808457601513031587e-01
7.563383220377642990e-01
6.987314213935176266e-01
7.339530841794055238e-01
7.115898926683066339e-01
6.587349723443243210e-01
7.153323138544506188e-01
7.223310098556857684e-01
7.203779450913885274e-01
7.154743835748768044e-01
7.702726910191236565e-01
6.983361292284330224e-01
7.135533655890518023e-01
7.174854456623960264e-01
7.411231181195079287e-01
7.124962062989758094e-01
6.055371035552178371e-01
6.264516295195218243e-01
6.311174058371741280e-01
5.855272838361017529e-01
6.734856136169544705e-01
6.686229161028309775e-01
6.590513631629182356e-01
6.830823143671642672e-01
6.255941609286160832e-01
6.492396098738510979e-01
6.557598590579766240e-01
6.289896902603747675e-01
6.757565835444143687e-01
6.722373629382785154e-01
6.841805349823514293e-01
6.334452804167697293e-01
6.976882376212635295e-01
6.778630368380771376e-01
6.831199390811852901e-01
6.214777743945906208e-01
6.486730179384000428e-01
6.939805066851648663e-01
6.121492672865621598e-01
5.694421257330245512e-01
6.229764684731690094e-01
6.070726415800593578e-01
6.405042123618470695e-01
6.160080154268157138e-01
5.979050622423593975e-01
6.601364945512080418e-01
6.088088223540958355e-01
6.018114145082518185e-01
6.204429392355188533e-01
6.148902410676005958e-01
5.869114025706518856e-01
6.209404148811894508e-01
6.413388698408608590e-01
5.946388739138583901e-01
6.635295617805306856e-01
6.222121342500556151e-01
6.231175656582077504e-01
5.908935443565181966e-01
5.908042651707542392e-01
5.832579726127744557e-01
6.186800220055997945e-01
6.623203025813659828e-01
5.688663264457998192e-01
5.817362295709834763e-01
6.029440209370867665e-01
6.040155548265124796e-01
5.827297900994257152e-01
6.301395371111894184e-01
5.604636269236028534e-01
5.883036269173500532e-01
5.483363554081485125e-01
5.958075038987131755e-01
5.725981139631720618e-01
6.035281123612801224e-01
6.155766089791746554e-01
5.825293614502071726e-01
5.723158997566398787e-01
5.891625677775886860e-01
5.895219143209129431e-01
6.150797782831857186e-01
6.278000600540337706e-01
6.031565071650438759e-01
6.568041037924694514e-01
6.099811002176035446e-01
6.428346578324360960e-01
6.756991073782384616e-01
6.194090783460607375e-01
5.816425666965376884e-01
5.980832308659219665e-01
5.933413725603933209e-01
5.917536756727898029e-01
5.656901231754883907e-01
6.077480854600390003e-01
5.723985140959363394e-01
5.382673815349287016e-01
5.658471780488671943e-01
5.780124427357884453e-01
5.891802162363231066e-01
5.851543282811807467e-01
5.839826309658894266e-01
5.722402012225417112e-01
5.790065708343221651e-01
5.721475729843898961e-01
5.681837800515834314e-01
5.812133331614284248e-01
5.732873569397715086e-01
5.506822586793734819e-01
6.306046782591738786e-01
5.708965132441268242e-01
5.718298072178605862e-01
6.275661897209640072e-01
5.967574444628740427e-01
6.811573313999964574e-01
7.395852856175559875e-01
6.909377394201764444e-01
6.731957151713678922e-01
5.114740046740425816e-01
6.808288158234774290e-01
6.614030873344641792e-01
6.271985245730193892e-01
7.712912521110585340e-01
7.422886018572742994e-01
6.566069608200580943e-01
6.217196268518276892e-01
6.950900975174459928e-01
6.970520871449483735e-01
7.682868010399859227e-01
5.661139182388051916e-01
7.361559206506205211e-01
6.310296314438589294e-01
6.197672465333932124e-01
7.210955483299765767e-01
6.903590915532880068e-01
7.163187483124686672e-01
7.041238679810692958e-01
5.121508966313089717e-01
5.647308818501595162e-01
5.057095526181556444e-01
5.570339700421228502e-01
6.334512969317390718e-01
5.615526748260302181e-01
6.546940691372700183e-01
6.016070084304606658e-01
6.068487659163877002e-01
5.432225581015058813e-01
5.881903059943766054e-01
5.526154414458523956e-01
6.187397709416858627e-01
5.786482143881949147e-01
6.467955483738127009e-01
7.042936205949928974e-01
5.339253471689907604e-01
5.541181150008880341e-01
5.454936675536902202e-01
6.272141909398168957e-01
6.127297850822279734e-01
5.674679289521201708e-01
5.135381957839042499e-01
6.927070211367523100e-01
6.562455425308907353e-01
6.155480075546747587e-01
5.026872118487477614e-01
5.414196738579997170e-01
5.192934191131718391e-01
4.957748753502837502e-01
4.933907328588662544e-01
5.240220365355849896e-01
5.162522632159972646e-01
5.193220514858082337e-01
5.390613313796859263e-01
5.378585530031676498e-01
5.682466581860959876e-01
4.549752625397674999e-01
5.611455235428880473e-01
4.631160988761031660e-01
4.791876129326017031e-01
5.637479679900710972e-01
5.375162719023189872e-01
5.602039261686220240e-01
5.392250553288484571e-01
5.674277040653541437e-01
5.648540206496731608e-01
5.228836290323770619e-01
5.373805276065372061e-01
5.358130188728087440e-01
5.195112457760405755e-01
5.506231304513303781e-01
5.134219203084761096e-01
6.130181327157734339e-01
6.209686622233976383e-01
4.741495094157373580e-01
4.813980528068358966e-01
4.719953927410650008e-01
5.007263617017441160e-01
5.257990343719013415e-01
5.341805243966496475e-01
5.026622830628403316e-01
5.605639315492599861e-01
6.083826016181708152e-01
4.249676723409647194e-01
4.857305756871858060e-01
5.180187812102146072e-01
6.697269164168739852e-01
5.289969390847543140e-01
4.324999178903768393e-01
3.898212851347769847e-01
6.286946035384891607e-01
6.162878633752382207e-01
5.002833754807030076e-01
6.322098448101767243e-01
5.153134422762992717e-01
6.133961881387237636e-01
5.934008905740071338e-01
6.059350689337485996e-01
4.521765938709269572e-01
2.290579583710614930e-01
4.326296615762147968e-01
4.843998754460679956e-01
3.177479783522573764e-01
2.357081818553564412e-01
2.490819211903353148e-01
3.478694588257003617e-01
3.985320021552535286e-01
3.544409406157615905e-01
2.723046301580064887e-01
2.447065568151791104e-01
3.442691684759656701e-01
3.144966615690918399e-01
3.918038858682728609e-01
5.178992386702672146e-01
4.315054034575931396e-01
3.456247890555312896e-01
2.797182983964370262e-01
2.865970317440688087e-01
3.353341713979811622e-01
3.616234765646358373e-01
3.556583231561764036e-01
3.757606108429565883e-01
3.318948511559197123e-01
2.320779378761625988e-01
7.339727654700726189e-01
7.566322835066473518e-01
7.054932235912048100e-01
7.221866137067608493e-01
7.502979232372417595e-01
7.719947482894076174e-01
7.639246076576902134e-01
6.980569134085051752e-01
7.015169448625325765e-01
4.299696224039013526e-01
6.695742198298557657e-01
6.809543254116705580e-01
7.456570695530135851e-01
7.668085391280294871e-01
7.611258774229794355e-01
7.705932610487257195e-01
7.101015301729733942e-01
7.813470852007462497e-01
7.459018441917724118e-01
7.383605414661755795e-01
7.466640858022902671e-01
6.129260385379963205e-01
7.264556877622104780e-01
6.403408550073885763e-01
7.079904347839375278e-01
6.458745347110480539e-01
6.634915716504303784e-01
6.842728535636336540e-01
7.025835695035319572e-01
6.965561568402862669e-01
7.198390941727196291e-01
6.764571400346451879e-01
6.690077055640548664e-01
6.347061118003513025e-01
6.703954404707680448e-01
6.767498128676162628e-01
6.420354847317349956e-01
7.061227241198093640e-01
6.600333094729087247e-01
6.839366016400436621e-01
5.140323527477717036e-01
4.760954063225499855e-01
4.924228385126488416e-01
5.696658675472023869e-01
6.415768235603648284e-01
5.548519173528088100e-01
5.683640159168392714e-01
5.109612435425174848e-01
5.454458895014393516e-01
4.376849011108680521e-01
5.969834155322281122e-01
6.129020012738610745e-01
5.681084244308881592e-01
6.394107429966928713e-01
5.351010574517799379e-01
6.413665538550307188e-01
6.499929188407256309e-01
5.792243402253118845e-01
5.814879069286585933e-01
5.109469728540226852e-01
5.006571097378649249e-01
5.836577980538233401e-01
6.223512975344923648e-01
7.252186254183542458e-01
6.039708427393902790e-01
6.499317188980425763e-01
6.993286927976758438e-01
6.367556139094260326e-01
6.983852037692068748e-01
6.821820683071423419e-01
5.969946350487207454e-01
7.073453647346139572e-01
6.280127284167499324e-01
6.048600633557627004e-01
5.972424092516720462e-01
7.051525437949549557e-01
6.709767685506211610e-01
6.810496562135832654e-01
5.885489133187258304e-01
5.571027526420629927e-01
5.677091455188494340e-01
5.929569075121871036e-01
6.527898897718662496e-01
6.422803991064701679e-01
4.152474126672039967e-01
6.063382717475661599e-01
6.601163178126496778e-01
6.186319213302226006e-01
6.685542714760179805e-01
6.037504722302383664e-01
6.184774458113798667e-01
6.134038027500197110e-01
6.026854325240669219e-01
6.067519655013494662e-01
6.180236999768937700e-01
6.122335444446520558e-01
6.114451370774949268e-01
