8.059194965835790245e-03
9.905129030479706276e-02
4.773978231152799928e-02
1.752554235090860238e-02
9.507978951198507722e-02
3.274811345030035487e-02
6.492620275990802770e-02
4.359767429777591102e-02
1.113895822095015316e-02
2.327098151218481500e-02
1.166424014158938538e-02
3.599869351683748081e-02
4.972027692462189542e-03
4.266168657835445188e-02
1.377762284752187538e-01
3.062295222744943271e-02
2.052244618614470703e-02
6.917472099126699935e-03
8.268636273885318633e-02
1.318782249355580222e-02
3.657238221755157795e-03
6.813982481930804837e-03
2.828082677206151391e-02
6.743149496649236685e-02
6.366899572199431756e-02
