5.962378200775916848e-02
1.207252397444362885e-01
1.637142609231400855e-02
1.344879258108255815e-01
1.537381302877396383e-01
1.125726920124648367e-01
1.116174767780992762e-02
3.578416517052148554e-02
2.306473340540509190e-02
4.339317376923941538e-02
4.079638117434349898e-01
8.735352803299493152e-01
2.269770279554623668e-02
2.644297607196105862e-02
1.206819757268608462e-01
1.595719764426263218e-02
3.641458769554992148e-02
6.367904090155811214e-02
8.598356491380221289e-02
9.311892288679096685e-02
