1.426893023100772942e-02
2.585060481830286916e-02
7.926058384351248459e-03
1.654316140801699586e-02
2.309132860916470950e-02
1.643098757728365597e-02
2.321651548438054182e-03
1.345154410131123995e-02
8.662480198233308420e-03
5.029653734114644323e-03
2.924793804840556191e-02
4.940569410784269311e-02
5.474045754716772016e-03
4.281554079965956515e-03
2.814820560591407492e-02
3.547916409034644614e-03
4.526107274496438300e-03
1.432641725991458566e-02
2.520483907220881850e-02
2.625686418008099307e-02
