3.969112312455035096e-02
2.381467128110262635e-02
4.523814489753423540e-02
5.323689854142029526e-02
8.264113345090057239e-02
3.745671613548887807e-02
8.034732080921312691e-02
5.348752081587906243e-02
7.887029379509215982e-03
3.057901453826834121e-02
2.002190695455921196e-02
1.443255100467514401e-02
2.118280908505628182e-02
5.357707554276957412e-02
7.539165906870971823e-02
4.762869874750146060e-02
3.069276480263918166e-02
5.265735720621466526e-02
7.066653175537969400e-02
2.357260561841639096e-02
3.325345339533530148e-02
3.394075889729562812e-02
6.220847777979464366e-02
6.991217692223035407e-02
7.006101681082763100e-02
