4.602017935460767789e-02
1.899309538391557445e-02
3.662500450700038879e-02
3.657496782997330526e-02
5.800767789432145771e-02
2.209535883706592943e-02
6.304243194194876498e-02
5.973426452013112092e-02
4.498299503776084091e-03
1.719776458795790539e-02
7.662556741690027158e-03
8.153247931543559923e-03
1.350138759021211367e-02
4.388842767507090958e-02
1.036951825474461408e-01
3.735720401776533584e-02
2.594072261252832606e-02
6.235881462843505252e-02
5.981909872068445766e-02
1.345529969258043267e-02
1.989884130530311657e-02
2.216674719689602086e-02
5.429272025486245323e-02
7.638307358384159584e-02
8.863763114044215241e-02
