1.115625029394628903e-01
5.539305129372706915e-02
2.693635408490193187e-02
2.851831770508403974e-01
1.216264622120768607e-01
1.468807057261403703e-01
1.641330567827465822e-02
6.033876702340816578e-02
1.033844153027831982e-02
1.078216430094842450e-02
1.524184281720089573e-01
1.160119943405595766e+00
1.814928328462854859e-02
4.455928280530871421e-02
6.182653679446552253e-02
4.426362722757815754e-02
1.504676091028363596e-02
1.262228188276886265e-01
3.744430822641522244e-02
3.233406735302355589e-02
