4.661060686095373079e-02
4.638776735507263438e-02
4.599528085189639320e-02
9.918662474659770134e-02
8.885541704086513670e-02
6.691378652407189986e-02
4.369874885206947307e-02
5.924546350864621364e-02
9.484745540066355507e-02
1.943027802014208466e-02
1.773784325331265437e-03
6.965653858449286084e-02
4.068879551014225465e-02
5.339353209255601890e-02
2.514719614950088056e-02
2.214868981240706788e-02
5.967382912187934457e-02
4.704383632284999534e-02
6.124027271666287325e-02
6.505862059721957691e-02
