8.162924960307391120e-03
1.477096333404219128e-02
1.028596336973020692e-02
2.903812253210245192e-02
2.892750560331040777e-02
3.635998781701794969e-02
8.734523596373144558e-03
1.655837102294477337e-02
4.885689899317229024e-02
3.394532671858335043e-03
3.453881948147893215e-04
3.507855974937994920e-02
6.301634801931927515e-03
1.620992270320204681e-02
4.006111950931479961e-03
3.104437543970616203e-03
1.331584361497201684e-02
1.309272313916405063e-02
1.475127296189081803e-02
3.007328489622726128e-02
