3.683298094634140235e-02
5.518242531173440935e-02
4.154432988344743810e-02
2.658750498002320217e-01
1.286147696830290121e-01
3.553605301238549896e-01
4.064309890339203035e-02
1.010356984011853698e-01
3.521427954335718535e-01
1.878648547886407200e-02
1.396689699753048651e-02
2.631885538930246460e-01
3.600817989349582027e-02
1.820456707231956628e-01
2.368828316616521448e-02
2.133996046270373453e-02
5.440921892640797342e-02
8.193334543040625695e-02
6.632846422831403799e-02
1.612179569528627288e-01
