6.612199780785511793e-02
2.243305224416862476e-02
1.112611553644200432e-02
6.547372518623267856e-02
5.003021567850339524e-02
7.418801112548353838e-02
1.107187337861055727e-02
3.925046208587900515e-02
1.557829390526298541e-01
2.571009000535677200e-02
4.784705464802366508e-04
1.207312338619293685e-01
9.511856684955988586e-03
6.640298154666946125e-03
6.137077828490272030e-02
1.121425624824013909e-02
3.270177280568351691e-02
9.419594969350493507e-02
8.979243934348800360e-02
5.217446227498653138e-02
