5.994690322492512297e-02
4.066628608933290506e-02
2.448380979766513407e-02
8.882033266511407676e-02
6.992913808585249358e-02
8.107553124714882153e-02
2.591448196116456076e-02
5.610257914630584208e-02
1.127648957421772402e-01
4.790212702737083744e-02
1.858139913159225073e-03
9.721748902380950019e-02
2.211321111831015054e-02
2.040365097644632891e-02
7.849977015387195334e-02
3.234583979808322574e-02
4.979227841723663645e-02
8.198049607383212090e-02
8.292763088491471313e-02
7.456953901978347066e-02
