1.770234269935756499e-01
2.506965889940222444e-02
1.204066929128529834e-02
1.959490017778489357e-01
9.841931159837857823e-02
1.783611504648001111e-01
2.608764768216764729e-02
5.485219936195913359e-02
1.817018119207859383e-01
5.572617587481891455e-02
1.591856508359906427e-02
7.734448920162505514e-01
2.498863013188798096e-02
1.920950916085345170e-02
6.196210575276538124e-02
2.432992919929169787e-02
4.817683485969728729e-02
1.637420836489192899e-01
1.403512461338550787e-01
6.771158043627326095e-02
