6.809228899047314876e-02
6.507249271145805480e-02
7.025433030790266542e-02
7.891831199364876537e-02
4.972692926314505046e-02
5.946716355659572434e-02
9.522986593371062999e-03
5.550099879160116240e-02
2.364343620824949088e-02
1.411620751084299505e-02
6.485431883788092544e-02
6.176014990599305865e-02
3.231897512052798321e-02
3.860703232391102940e-02
7.186381094205997189e-02
1.468436938134730189e-02
2.004558486348145124e-02
4.209039972330352875e-02
7.467825254251596323e-02
6.862882855396301718e-02
