8.278354574935407884e-02
5.878148884510529804e-02
4.416295586321785510e-02
1.196594215250364190e-01
2.444643155013843938e-02
8.168947237712892440e-02
3.733354508871726367e-03
4.165312245334057417e-02
1.712314687203982805e-02
7.696806215392181134e-03
5.123628542538603836e-02
1.636611032158659385e-01
1.488060661250928222e-02
2.557523925037030049e-02
4.748444547379285924e-02
6.588831460256467341e-03
8.728006143955222701e-03
3.469226993649723867e-02
1.058858198354373226e-01
5.953764668630415202e-02
