2.421784329462910515e-02
2.228038633585581810e-02
1.188343587191596079e-02
3.130417406380481965e-02
1.065805443687228848e-02
2.008465113210464170e-02
1.316283067858307638e-03
1.159798030535670078e-02
6.329145677605853802e-03
2.400279239644447903e-03
1.567230500856292910e-02
6.328515918319864431e-02
6.984684794302250394e-03
7.920968131914177951e-03
1.385398047836832076e-02
1.743798712102692747e-03
2.936522935650608644e-03
1.537952086758368614e-02
2.813564484721075773e-02
1.903124061847776688e-02
