1.129217709427953048e-01
7.411046820455408080e-02
2.072119490808077558e-02
2.639443273345108976e-01
5.553313696251727799e-02
2.156149287202543396e-01
1.715131837386272423e-02
4.001351878844983806e-02
2.936259986099254427e-02
2.628982581550899991e-02
7.168567834073380496e-02
9.227700012051279765e-01
2.835114771306853840e-02
5.215427185682378758e-02
4.761768098478180028e-02
9.041056614937504135e-03
1.328794761189073213e-02
6.968530046083901142e-02
6.151943618706975925e-02
7.163325263816480715e-02
