1.433855795713665469e-02
7.453138483167405515e-02
1.363531057887512089e-02
5.816985930448217296e-02
8.400956076445752208e-02
9.437338837451222928e-02
1.957055956440866690e-02
5.786304845192209723e-02
7.397228742003764124e-02
1.325581445794029277e-02
1.232613816671442953e-03
5.230649862016871487e-02
4.500404759009220268e-02
4.947215876966369608e-02
3.853328546758781614e-02
9.172810501404402364e-03
3.890398208162335059e-02
3.904026355610058785e-02
8.668695394167304225e-02
1.359276139495682600e-01
