4.211774019334041386e-02
3.026708092283438359e-02
5.575903971780525603e-02
2.813054496463578136e-02
6.196788480666349380e-02
3.959198122695806177e-02
6.079164528778987359e-02
6.763506345464671832e-02
3.227554559938541207e-02
6.043839208336137386e-02
4.987262223594507611e-03
6.085453147468215113e-02
3.766100907075300812e-03
8.704619567439092487e-03
5.173845465534967353e-02
2.186694961669389051e-02
4.680992836520957850e-02
4.212572098402244530e-02
5.665837075360724562e-02
3.398886729752793878e-02
3.270436672558372365e-02
4.232971193265614579e-02
4.271989747703903301e-02
4.040717750314035822e-02
5.482102183169090120e-02
