4.641208388336959256e-02
4.974533856170790941e-02
4.439496066067922381e-02
5.568563196080551780e-02
3.299455575688960141e-02
6.086951896100283727e-02
4.666524767629423587e-03
4.130128115904104641e-02
5.370947850997987577e-02
1.518889121789499842e-02
5.371919074534566192e-03
1.735632421164375050e-01
1.039750250493315722e-02
3.511444827956140824e-02
5.447269546656569733e-02
2.207244595476228269e-02
9.865286818732551394e-03
5.660046433785892450e-02
1.215523410816045785e-01
1.060213889260094022e-01
