5.171262245697511029e-02
5.995554579434542175e-02
5.846284181531131996e-02
6.633161007614903071e-02
4.146509236499910239e-02
6.770696403994568013e-02
1.256036890717699556e-02
5.805813114853664719e-02
6.310118954978208294e-02
2.958238857516733503e-02
1.139749351539637127e-02
1.150813881128435329e-01
2.308726740280276843e-02
5.059161369370944461e-02
8.321319269560963072e-02
4.099172044297957895e-02
2.278121885525220477e-02
5.989379324195785032e-02
1.080105116106935825e-01
1.006256113919324485e-01
