1.449990396600718268e-01
4.065532042040621158e-02
4.649603115662128555e-02
2.098688155687729040e-01
6.680959838736189038e-02
1.258373482124960918e-01
1.451944394947383629e-02
4.073724611319325117e-02
5.353353334629787352e-02
5.769807096954424064e-02
1.622346582195126341e-02
8.228198672199618091e-01
2.263215169831322982e-02
6.051771380638427261e-02
4.498840543585044122e-02
2.870855430656882312e-02
1.469616251466964417e-02
7.828644956374905539e-02
1.137935991958413939e-01
1.260338403764822146e-01
