1.644837095645953692e-02
1.365727434201610344e-02
6.338774961197755908e-02
2.477625378845872868e-03
6.187996184487532664e-02
2.958906000851567117e-02
1.213129046334880806e-01
7.941617084879679100e-02
2.616018253501194851e-02
5.637822971542121031e-02
1.388211266598758566e-03
5.898896352065882698e-02
2.734995233460225939e-02
1.007712728563446569e-03
9.455028771934709253e-02
2.368134807605875095e-02
1.138775731381741659e-02
3.641609466533032163e-02
3.515541680599779117e-02
1.308721576585154985e-02
1.510674443967942836e-02
4.366603816198152965e-02
2.506845596254981060e-02
4.618745960067659889e-02
9.625081176287843265e-02
