2.980487277400456145e-02
2.422808083342150448e-02
5.373099055427896231e-02
7.007073088975286287e-03
6.939494332164346246e-02
5.476706901695986562e-02
8.369733267764643825e-02
5.836783273154493717e-02
3.896539059404990207e-02
5.845409975399649266e-02
3.092207847595408819e-03
5.789514616307399331e-02
4.009836652468840718e-02
1.522714943448650682e-03
6.325827396188807294e-02
3.600310507048722075e-02
2.799965451411418060e-02
4.057732439691816989e-02
4.964915042685964786e-02
2.956420948822163774e-02
3.126285643616518589e-02
4.225097276517844613e-02
4.336898809266263866e-02
6.270447386472809137e-02
6.313250734947581377e-02
