3.858495493813293709e-02
8.922748899570073777e-02
1.987321734563417611e-02
5.788602440712496688e-02
8.208293787957308962e-02
1.018303295198836195e-01
2.270897588547241344e-02
7.544384689105768094e-02
7.045027717788354682e-02
1.585723431730807695e-02
3.893476315840452631e-03
6.298552765105729090e-02
4.833012027296863106e-02
2.871483382778866611e-02
3.939668599248989656e-02
1.494196057881387943e-02
3.928498537872354701e-02
3.313333139148547102e-02
6.792475016126187093e-02
8.744904107179921060e-02
