3.645868591366006883e-02
5.131031162879296642e-02
2.900826964004022887e-02
4.735083453821397476e-02
7.192665636910865190e-02
6.187736100070721779e-02
2.487074432856201112e-02
5.990541829049067513e-02
5.047174913709517180e-02
2.391993640925383843e-02
8.493996745063205761e-03
5.983045375429818513e-02
5.865708615232433087e-02
3.389075150865162450e-02
5.241559211206506946e-02
2.158867204254424910e-02
4.918176677790631751e-02
4.640199063174593047e-02
6.010519794457904602e-02
5.948745744499948918e-02
