1.534853530184617128e-02
2.805689741101335954e-02
4.723617989664945921e-02
3.756882614456889466e-03
4.434388965535348420e-02
1.666412228017986538e-02
5.182398027039097910e-02
3.774630297312583233e-02
3.368063901743861138e-02
6.482250591015786823e-02
6.480274151366813458e-03
4.542429703258986373e-02
3.131265499225239363e-02
1.448514850255016098e-02
8.232807367571549906e-02
2.589933965673020880e-02
6.710732316737338943e-02
3.534352033826577283e-02
6.356526902679540680e-02
4.464819284549832040e-02
3.189442864314528947e-02
2.713544407324708710e-02
5.397261125920786717e-02
5.860714075186265748e-02
5.568889784305346841e-02
