5.738339441550422380e-03
2.486594195657237244e-02
6.466581365499456113e-02
1.386776601929603754e-03
3.175873532675552169e-02
7.368838590899393602e-03
6.870764035399187786e-02
2.223438832723238084e-02
2.986877674666296029e-02
6.447755949070430037e-02
4.110731575345981208e-03
5.043391583376696102e-02
1.246050092352416622e-02
1.274379598277349847e-02
1.571247149946854160e-01
1.339878921034737443e-02
6.596422190623374426e-02
2.261615851604693861e-02
6.748239600720772058e-02
3.396603203389159803e-02
2.213952029510968256e-02
2.111106007032699516e-02
7.636380659442561225e-02
6.741171975085294421e-02
5.159982581416799191e-02
