5.944037050980899295e-02
3.392802635778750797e-02
2.209593967071655021e-02
8.187684392418680124e-02
7.698091084976434184e-02
9.039654137843473880e-02
4.293594038833631332e-02
1.701996389600628490e-01
1.874753109889621128e-01
2.759203857012461694e-02
3.959165659135428783e-02
1.118849754388792528e+00
1.086541821076392605e-01
2.278697830138752892e-02
8.797834153591782558e-02
1.131645934374899409e-01
3.108443253515041221e-02
1.141342748062721263e-01
5.068295511429072447e-02
1.806093849347606972e-01
