8.650687299491120058e-03
1.458548939991421989e-02
6.828154234633120566e-03
1.236599442096598771e-02
2.304617262974807679e-02
1.009735722634749061e-02
9.323522657425500210e-03
2.726105316747792079e-02
2.654528701823451187e-02
3.911415312676867588e-03
4.456886639267177569e-03
6.407143980972122843e-02
1.646150476513182775e-02
2.287172238261232435e-03
1.368284439312390799e-02
1.439965742940436770e-02
4.417493969680537889e-03
3.559985661777850113e-02
1.741518323538476104e-02
2.917521011055690047e-02
