7.948558002040799486e-02
4.515937858913486591e-02
3.292522405504832994e-02
4.686659030296057293e-02
5.265888821700999423e-02
5.838417284972263754e-02
3.627153132514902151e-02
6.715499060779474283e-02
7.819953481409551432e-02
2.050157356009569068e-02
7.231167925932388205e-03
1.421487582402117533e-01
1.913659715234126632e-02
1.298046997071303221e-02
5.625597853762427658e-02
8.900286370879445519e-03
1.347683955504790955e-02
8.338173457532770116e-02
8.197464912039921503e-02
5.690605421010369591e-02
