1.537291233070246441e-02
8.421521909880771983e-02
5.155940480655676200e-02
4.005822214450441981e-02
6.316252268696713468e-02
3.198341405693334860e-02
3.674170103271693494e-02
5.472298984260737242e-02
3.217899841163056329e-02
6.148563728494696456e-02
3.958587022285451479e-02
5.956920604963026472e-02
2.786287883397112197e-02
1.927949980957448586e-02
8.867770748149092497e-02
1.672896702763433316e-02
1.038516620290064370e-02
1.718958351589560014e-03
7.260670739536422003e-02
4.840638479023832291e-03
2.303520379782903610e-02
3.472707517885037509e-02
3.799192343701301988e-02
7.142797211682092029e-02
6.159363923658481982e-02
