1.885578846681846832e-01
2.825939530490031298e-02
3.036844159336209506e-02
1.240767572813315511e-01
5.374471523388819200e-02
1.637830653849329521e-01
4.136151593473415961e-02
8.984714757348261083e-02
9.880552605862127913e-02
4.605398834322624313e-02
1.425863546508300723e-02
6.231732434707558665e-01
4.972192271808480168e-02
4.033358564782951045e-02
7.459183921377553206e-02
3.533724074740657306e-02
2.557186791801334402e-02
2.583791702551818670e-01
1.406432343893459780e-01
7.313240308532109601e-02
