2.603601814087962499e-02
1.381366532954277429e-02
9.627818963769154553e-03
1.706627587069215607e-02
1.763993650796379098e-02
2.016968236902196704e-02
1.149412351810321677e-02
1.996063628268044537e-02
2.918943064896307657e-02
8.003736374224501224e-03
2.094824610492521024e-03
5.053455641090404821e-02
6.148765028071467506e-03
6.793997260134616509e-03
1.890301881534691558e-02
4.001194569797434514e-03
4.589131951841740609e-03
3.028775407672144176e-02
2.845620374845709427e-02
2.255949409780751147e-02
