1.654218750000000000e+02
1.456953125000000000e+02
1.285625000000000000e+02
1.466445312500000000e+02
1.123085937500000000e+02
1.442070312500000000e+02
1.356796875000000000e+02
1.090273437500000000e+02
1.150507812500000000e+02
1.571875000000000000e+02
1.456250000000000000e+02
1.489218750000000000e+02
1.219218750000000000e+02
1.532656250000000000e+02
1.275234375000000000e+02
1.139023437500000000e+02
8.073046875000000000e+01
1.450156250000000000e+02
8.823828125000000000e+01
1.626953125000000000e+02
1.552929687500000000e+02
1.484843750000000000e+02
1.017382812500000000e+02
1.466132812500000000e+02
1.657382812500000000e+02
1.426367187500000000e+02
1.557539062500000000e+02
1.695078125000000000e+02
1.619335937500000000e+02
1.406406250000000000e+02
1.252148437500000000e+02
1.458359375000000000e+02
1.534921875000000000e+02
1.686953125000000000e+02
1.008242187500000000e+02
9.464453125000000000e+01
1.284804687500000000e+02
1.200859375000000000e+02
1.385703125000000000e+02
1.430742187500000000e+02
1.513085937500000000e+02
1.265625000000000000e+02
1.098789062500000000e+02
1.253320312500000000e+02
1.322695312500000000e+02
1.028046875000000000e+02
1.005234375000000000e+02
1.215039062500000000e+02
1.191289062500000000e+02
1.242500000000000000e+02
1.336875000000000000e+02
1.344609375000000000e+02
9.615234375000000000e+01
1.659804687500000000e+02
1.734648437500000000e+02
1.214453125000000000e+02
1.230312500000000000e+02
1.093242187500000000e+02
1.248515625000000000e+02
1.533007812500000000e+02
1.217343750000000000e+02
1.176328125000000000e+02
1.571328125000000000e+02
1.353906250000000000e+02
9.492578125000000000e+01
1.225117187500000000e+02
1.162500000000000000e+02
1.508281250000000000e+02
1.266445312500000000e+02
1.116328125000000000e+02
1.121718750000000000e+02
1.207343750000000000e+02
1.086484375000000000e+02
1.026601562500000000e+02
1.026054687500000000e+02
1.024843750000000000e+02
1.062539062500000000e+02
1.018554687500000000e+02
1.123125000000000000e+02
1.066132812500000000e+02
1.023945312500000000e+02
1.299218750000000000e+02
1.272734375000000000e+02
1.132070312500000000e+02
1.180195312500000000e+02
1.469960937500000000e+02
1.370156250000000000e+02
1.096132812500000000e+02
1.116015625000000000e+02
1.236406250000000000e+02
1.349218750000000000e+02
1.078789062500000000e+02
1.256132812500000000e+02
1.289765625000000000e+02
1.328476562500000000e+02
1.349882812500000000e+02
1.189296875000000000e+02
1.298671875000000000e+02
1.266562500000000000e+02
1.005000000000000000e+02
1.031328125000000000e+02
1.037226562500000000e+02
1.030820312500000000e+02
1.176562500000000000e+02
1.334687500000000000e+02
1.034843750000000000e+02
1.222929687500000000e+02
1.584296875000000000e+02
1.016484375000000000e+02
1.200937500000000000e+02
1.109921875000000000e+02
1.125781250000000000e+02
1.123085937500000000e+02
1.338750000000000000e+02
1.141523437500000000e+02
8.162500000000000000e+01
9.567187500000000000e+01
1.123125000000000000e+02
1.379570312500000000e+02
1.173320312500000000e+02
1.434570312500000000e+02
1.507148437500000000e+02
1.130898437500000000e+02
1.187343750000000000e+02
9.685937500000000000e+01
1.358007812500000000e+02
1.042656250000000000e+02
1.088281250000000000e+02
1.097617187500000000e+02
1.171250000000000000e+02
1.120820312500000000e+02
1.545859375000000000e+02
1.484843750000000000e+02
1.545273437500000000e+02
1.175351562500000000e+02
1.113789062500000000e+02
8.201562500000000000e+01
1.083476562500000000e+02
1.106171875000000000e+02
1.345546875000000000e+02
1.420859375000000000e+02
1.460117187500000000e+02
1.147148437500000000e+02
1.455234375000000000e+02
1.503085937500000000e+02
1.346601562500000000e+02
1.399218750000000000e+02
1.377460937500000000e+02
1.221757812500000000e+02
1.377851562500000000e+02
1.344882812500000000e+02
1.796367187500000000e+02
1.715625000000000000e+02
1.949335937500000000e+02
1.827031250000000000e+02
1.902421875000000000e+02
1.962382812500000000e+02
1.419804687500000000e+02
1.434296875000000000e+02
1.398906250000000000e+02
1.364062500000000000e+02
1.392382812500000000e+02
1.070273437500000000e+02
1.478320312500000000e+02
1.467656250000000000e+02
1.401835937500000000e+02
1.416367187500000000e+02
1.370859375000000000e+02
1.451914062500000000e+02
1.567500000000000000e+02
1.266406250000000000e+02
1.512539062500000000e+02
1.471289062500000000e+02
1.170078125000000000e+02
1.360898437500000000e+02
1.467382812500000000e+02
1.278750000000000000e+02
1.125546875000000000e+02
1.369218750000000000e+02
1.120703125000000000e+02
1.198828125000000000e+02
1.094960937500000000e+02
1.227382812500000000e+02
1.071562500000000000e+02
1.075859375000000000e+02
1.138046875000000000e+02
1.214453125000000000e+02
8.903125000000000000e+01
1.357148437500000000e+02
1.220351562500000000e+02
1.280742187500000000e+02
1.098242187500000000e+02
9.610546875000000000e+01
1.218750000000000000e+02
1.266875000000000000e+02
9.790625000000000000e+01
1.096406250000000000e+02
1.046953125000000000e+02
1.235390625000000000e+02
1.243398437500000000e+02
9.162890625000000000e+01
8.787890625000000000e+01
8.248437500000000000e+01
1.032890625000000000e+02
1.027929687500000000e+02
8.944140625000000000e+01
1.311171875000000000e+02
1.013164062500000000e+02
1.033476562500000000e+02
8.884765625000000000e+01
8.728515625000000000e+01
8.394921875000000000e+01
1.070000000000000000e+02
1.065898437500000000e+02
8.637109375000000000e+01
8.717578125000000000e+01
8.205859375000000000e+01
8.691796875000000000e+01
7.878125000000000000e+01
1.098203125000000000e+02
1.261875000000000000e+02
1.357695312500000000e+02
1.373125000000000000e+02
1.359257812500000000e+02
1.317187500000000000e+02
1.284492187500000000e+02
1.123867187500000000e+02
1.102265625000000000e+02
1.178828125000000000e+02
1.286523437500000000e+02
1.313984375000000000e+02
1.024687500000000000e+02
1.291914062500000000e+02
1.328437500000000000e+02
1.224335937500000000e+02
1.252929687500000000e+02
1.087343750000000000e+02
1.417382812500000000e+02
1.409218750000000000e+02
1.132617187500000000e+02
1.003437500000000000e+02
1.246328125000000000e+02
1.074140625000000000e+02
1.192421875000000000e+02
1.274531250000000000e+02
1.030000000000000000e+02
1.078398437500000000e+02
1.098593750000000000e+02
1.078789062500000000e+02
1.133984375000000000e+02
1.311601562500000000e+02
9.773828125000000000e+01
1.094296875000000000e+02
9.343359375000000000e+01
9.699218750000000000e+01
9.612500000000000000e+01
1.076132812500000000e+02
9.214453125000000000e+01
9.205468750000000000e+01
9.560937500000000000e+01
1.044921875000000000e+02
1.103085937500000000e+02
1.137265625000000000e+02
1.041523437500000000e+02
1.033359375000000000e+02
9.788671875000000000e+01
9.998437500000000000e+01
9.862500000000000000e+01
9.385937500000000000e+01
9.275390625000000000e+01
8.986328125000000000e+01
9.214453125000000000e+01
9.846875000000000000e+01
1.185664062500000000e+02
1.135507812500000000e+02
1.213085937500000000e+02
1.003593750000000000e+02
1.124062500000000000e+02
9.684375000000000000e+01
9.780078125000000000e+01
9.907421875000000000e+01
9.985937500000000000e+01
1.086914062500000000e+02
1.206289062500000000e+02
1.147148437500000000e+02
9.635546875000000000e+01
1.043046875000000000e+02
1.045429687500000000e+02
1.048750000000000000e+02
1.019726562500000000e+02
1.007031250000000000e+02
1.166875000000000000e+02
1.242890625000000000e+02
1.360937500000000000e+02
1.055742187500000000e+02
9.909375000000000000e+01
1.197968750000000000e+02
1.099453125000000000e+02
1.007656250000000000e+02
1.450625000000000000e+02
1.001875000000000000e+02
8.593750000000000000e+01
8.610156250000000000e+01
9.684765625000000000e+01
7.944140625000000000e+01
7.718750000000000000e+01
7.468359375000000000e+01
7.791796875000000000e+01
8.731250000000000000e+01
7.942578125000000000e+01
8.100390625000000000e+01
9.409375000000000000e+01
8.366406250000000000e+01
8.083203125000000000e+01
8.548046875000000000e+01
9.381640625000000000e+01
7.844921875000000000e+01
7.856640625000000000e+01
8.173046875000000000e+01
7.426171875000000000e+01
8.669531250000000000e+01
8.181250000000000000e+01
1.007734375000000000e+02
9.174218750000000000e+01
9.270312500000000000e+01
9.297656250000000000e+01
8.691406250000000000e+01
1.040507812500000000e+02
8.626953125000000000e+01
9.599609375000000000e+01
9.144140625000000000e+01
1.024648437500000000e+02
9.503515625000000000e+01
1.009648437500000000e+02
8.114062500000000000e+01
8.966796875000000000e+01
8.212890625000000000e+01
8.644140625000000000e+01
8.842578125000000000e+01
8.764453125000000000e+01
8.458593750000000000e+01
8.054296875000000000e+01
9.531640625000000000e+01
9.982421875000000000e+01
8.449609375000000000e+01
8.185546875000000000e+01
8.093750000000000000e+01
9.398828125000000000e+01
9.787890625000000000e+01
9.118750000000000000e+01
1.096562500000000000e+02
1.093554687500000000e+02
1.132304687500000000e+02
9.100390625000000000e+01
9.800390625000000000e+01
9.216796875000000000e+01
9.021484375000000000e+01
9.244140625000000000e+01
9.994531250000000000e+01
9.668359375000000000e+01
9.221875000000000000e+01
9.251171875000000000e+01
1.015664062500000000e+02
1.149609375000000000e+02
9.971875000000000000e+01
1.020429687500000000e+02
1.081718750000000000e+02
9.333203125000000000e+01
1.340117187500000000e+02
9.798437500000000000e+01
9.219531250000000000e+01
9.875390625000000000e+01
1.025976562500000000e+02
1.058398437500000000e+02
9.139062500000000000e+01
9.535156250000000000e+01
8.728125000000000000e+01
9.883984375000000000e+01
8.429687500000000000e+01
1.065703125000000000e+02
9.804687500000000000e+01
8.209375000000000000e+01
8.355859375000000000e+01
8.139062500000000000e+01
9.981640625000000000e+01
8.587500000000000000e+01
9.013671875000000000e+01
9.144921875000000000e+01
9.573046875000000000e+01
1.019218750000000000e+02
8.866015625000000000e+01
8.710156250000000000e+01
9.544531250000000000e+01
8.603906250000000000e+01
9.452734375000000000e+01
8.485546875000000000e+01
9.284375000000000000e+01
9.822265625000000000e+01
1.006914062500000000e+02
9.782031250000000000e+01
1.004218750000000000e+02
1.022421875000000000e+02
1.131132812500000000e+02
1.036484375000000000e+02
1.035859375000000000e+02
1.102539062500000000e+02
1.000390625000000000e+02
1.109609375000000000e+02
9.930859375000000000e+01
1.178867187500000000e+02
1.184101562500000000e+02
1.312539062500000000e+02
1.286093750000000000e+02
1.135351562500000000e+02
1.003515625000000000e+02
9.926171875000000000e+01
1.058671875000000000e+02
9.196093750000000000e+01
9.583593750000000000e+01
1.095546875000000000e+02
9.520312500000000000e+01
9.686718750000000000e+01
1.001835937500000000e+02
1.125703125000000000e+02
1.002500000000000000e+02
8.227734375000000000e+01
8.305078125000000000e+01
8.666406250000000000e+01
9.814843750000000000e+01
1.014609375000000000e+02
1.005195312500000000e+02
9.715625000000000000e+01
8.663671875000000000e+01
1.077265625000000000e+02
1.063046875000000000e+02
8.767187500000000000e+01
8.149609375000000000e+01
9.368359375000000000e+01
1.039257812500000000e+02
7.889453125000000000e+01
8.812109375000000000e+01
1.089921875000000000e+02
8.583203125000000000e+01
7.779296875000000000e+01
9.239453125000000000e+01
8.466406250000000000e+01
9.313671875000000000e+01
7.885156250000000000e+01
8.219531250000000000e+01
8.772656250000000000e+01
8.283984375000000000e+01
8.905859375000000000e+01
9.094531250000000000e+01
1.000039062500000000e+02
9.553515625000000000e+01
9.680468750000000000e+01
9.878125000000000000e+01
1.043437500000000000e+02
1.030703125000000000e+02
9.373828125000000000e+01
1.026406250000000000e+02
9.998437500000000000e+01
1.075898437500000000e+02
1.039960937500000000e+02
1.004609375000000000e+02
9.950781250000000000e+01
9.680859375000000000e+01
9.719921875000000000e+01
9.062890625000000000e+01
9.670703125000000000e+01
1.059414062500000000e+02
9.682031250000000000e+01
1.111289062500000000e+02
1.076445312500000000e+02
1.047812500000000000e+02
1.024023437500000000e+02
1.007265625000000000e+02
9.559765625000000000e+01
1.080000000000000000e+02
1.047734375000000000e+02
9.719921875000000000e+01
1.125976562500000000e+02
1.290546875000000000e+02
1.002968750000000000e+02
1.088125000000000000e+02
1.050898437500000000e+02
1.028359375000000000e+02
1.080664062500000000e+02
1.062773437500000000e+02
1.016210937500000000e+02
1.052539062500000000e+02
8.793750000000000000e+01
1.003789062500000000e+02
1.007421875000000000e+02
7.774609375000000000e+01
9.457421875000000000e+01
1.078867187500000000e+02
1.125820312500000000e+02
1.063085937500000000e+02
1.045468750000000000e+02
1.062304687500000000e+02
9.023046875000000000e+01
1.123867187500000000e+02
9.489062500000000000e+01
8.935937500000000000e+01
8.762500000000000000e+01
8.601171875000000000e+01
1.072812500000000000e+02
8.717578125000000000e+01
8.475390625000000000e+01
8.990234375000000000e+01
8.412890625000000000e+01
9.793359375000000000e+01
1.064609375000000000e+02
1.067890625000000000e+02
8.679296875000000000e+01
8.205859375000000000e+01
9.364843750000000000e+01
1.735585937500000000e+02
8.607421875000000000e+01
8.419921875000000000e+01
1.094960937500000000e+02
1.271328125000000000e+02
9.668359375000000000e+01
8.753906250000000000e+01
1.101796875000000000e+02
9.282031250000000000e+01
1.095234375000000000e+02
1.046406250000000000e+02
1.039843750000000000e+02
9.697656250000000000e+01
9.187109375000000000e+01
1.176250000000000000e+02
1.029687500000000000e+02
1.061640625000000000e+02
9.740625000000000000e+01
1.033515625000000000e+02
9.736718750000000000e+01
9.590234375000000000e+01
1.045664062500000000e+02
1.057460937500000000e+02
9.567187500000000000e+01
1.406171875000000000e+02
1.012343750000000000e+02
1.137656250000000000e+02
1.186093750000000000e+02
1.106992187500000000e+02
8.293359375000000000e+01
1.158632812500000000e+02
8.391796875000000000e+01
7.383593750000000000e+01
7.734765625000000000e+01
7.651171875000000000e+01
7.694140625000000000e+01
1.160195312500000000e+02
7.667968750000000000e+01
7.739062500000000000e+01
8.212109375000000000e+01
1.124804687500000000e+02
7.935156250000000000e+01
1.071210937500000000e+02
1.006093750000000000e+02
8.023046875000000000e+01
7.731250000000000000e+01
8.805859375000000000e+01
8.260156250000000000e+01
1.174687500000000000e+02
7.333593750000000000e+01
8.090234375000000000e+01
1.045468750000000000e+02
1.142539062500000000e+02
1.115273437500000000e+02
1.075039062500000000e+02
1.033632812500000000e+02
1.074570312500000000e+02
1.105156250000000000e+02
1.064296875000000000e+02
1.095898437500000000e+02
1.087226562500000000e+02
1.173554687500000000e+02
1.095117187500000000e+02
1.099921875000000000e+02
1.057734375000000000e+02
1.050390625000000000e+02
1.223789062500000000e+02
1.024218750000000000e+02
1.086875000000000000e+02
1.057773437500000000e+02
1.181992187500000000e+02
1.136601562500000000e+02
9.035156250000000000e+01
1.177500000000000000e+02
1.429648437500000000e+02
1.228398437500000000e+02
1.406835937500000000e+02
1.352382812500000000e+02
1.241757812500000000e+02
1.325312500000000000e+02
1.275078125000000000e+02
1.267382812500000000e+02
1.326953125000000000e+02
1.315468750000000000e+02
1.205312500000000000e+02
1.280156250000000000e+02
1.285000000000000000e+02
1.273359375000000000e+02
1.328828125000000000e+02
1.388046875000000000e+02
1.328203125000000000e+02
1.286406250000000000e+02
1.293281250000000000e+02
1.306757812500000000e+02
1.289531250000000000e+02
1.452656250000000000e+02
1.318789062500000000e+02
1.032539062500000000e+02
1.235351562500000000e+02
1.109335937500000000e+02
1.191718750000000000e+02
1.218828125000000000e+02
1.239062500000000000e+02
1.218281250000000000e+02
1.289960937500000000e+02
1.240000000000000000e+02
1.262968750000000000e+02
1.274062500000000000e+02
1.166757812500000000e+02
1.215312500000000000e+02
1.238867187500000000e+02
1.213085937500000000e+02
1.250507812500000000e+02
1.256679687500000000e+02
1.229140625000000000e+02
1.228671875000000000e+02
1.212695312500000000e+02
1.202421875000000000e+02
1.256601562500000000e+02
1.170000000000000000e+02
1.200898437500000000e+02
1.329179687500000000e+02
1.297148437500000000e+02
1.272148437500000000e+02
1.275742187500000000e+02
1.315390625000000000e+02
1.271562500000000000e+02
1.256015625000000000e+02
1.314179687500000000e+02
1.290273437500000000e+02
1.274375000000000000e+02
1.214804687500000000e+02
1.312187500000000000e+02
1.259257812500000000e+02
1.293242187500000000e+02
1.385273437500000000e+02
1.352851562500000000e+02
1.038828125000000000e+02
1.297421875000000000e+02
1.302929687500000000e+02
1.338867187500000000e+02
1.294687500000000000e+02
9.637500000000000000e+01
1.309453125000000000e+02
1.359882812500000000e+02
1.147070312500000000e+02
9.408203125000000000e+01
8.730078125000000000e+01
7.807031250000000000e+01
7.766015625000000000e+01
1.126875000000000000e+02
1.197070312500000000e+02
8.008984375000000000e+01
8.443750000000000000e+01
8.872265625000000000e+01
8.359375000000000000e+01
7.267968750000000000e+01
9.421875000000000000e+01
1.254414062500000000e+02
7.900781250000000000e+01
1.197070312500000000e+02
7.103906250000000000e+01
9.960937500000000000e+01
7.655468750000000000e+01
1.046953125000000000e+02
1.038593750000000000e+02
8.741796875000000000e+01
9.190234375000000000e+01
1.013476562500000000e+02
7.478906250000000000e+01
1.445000000000000000e+02
1.142500000000000000e+02
1.179921875000000000e+02
1.249023437500000000e+02
9.496875000000000000e+01
1.123125000000000000e+02
1.015859375000000000e+02
1.118046875000000000e+02
1.065351562500000000e+02
1.081992187500000000e+02
1.108320312500000000e+02
1.100585937500000000e+02
1.099882812500000000e+02
1.032695312500000000e+02
1.066562500000000000e+02
1.001718750000000000e+02
1.167343750000000000e+02
1.291093750000000000e+02
9.773828125000000000e+01
1.059765625000000000e+02
1.123945312500000000e+02
1.113632812500000000e+02
1.303984375000000000e+02
1.175117187500000000e+02
1.097851562500000000e+02
1.080585937500000000e+02
1.301289062500000000e+02
1.395390625000000000e+02
1.842890625000000000e+02
1.530390625000000000e+02
1.384140625000000000e+02
1.436289062500000000e+02
1.475703125000000000e+02
1.611367187500000000e+02
1.271601562500000000e+02
1.325351562500000000e+02
1.243789062500000000e+02
1.208515625000000000e+02
1.528828125000000000e+02
1.188515625000000000e+02
1.232031250000000000e+02
1.415429687500000000e+02
1.216406250000000000e+02
1.352734375000000000e+02
1.295859375000000000e+02
1.465351562500000000e+02
1.404804687500000000e+02
1.378671875000000000e+02
1.312421875000000000e+02
1.446835937500000000e+02
1.373046875000000000e+02
1.481445312500000000e+02
1.575937500000000000e+02
7.854296875000000000e+01
9.784765625000000000e+01
1.086054687500000000e+02
1.171875000000000000e+02
1.070664062500000000e+02
1.120820312500000000e+02
1.135039062500000000e+02
9.426171875000000000e+01
9.930078125000000000e+01
8.877734375000000000e+01
1.085429687500000000e+02
1.251445312500000000e+02
1.051250000000000000e+02
1.043945312500000000e+02
9.494140625000000000e+01
9.985546875000000000e+01
1.176757812500000000e+02
9.437500000000000000e+01
8.106640625000000000e+01
8.264453125000000000e+01
1.134609375000000000e+02
8.507031250000000000e+01
9.898828125000000000e+01
9.223046875000000000e+01
7.721484375000000000e+01
8.000781250000000000e+01
1.477734375000000000e+02
1.357187500000000000e+02
1.153476562500000000e+02
1.194257812500000000e+02
1.673906250000000000e+02
1.293398437500000000e+02
2.039648437500000000e+02
1.351601562500000000e+02
9.748046875000000000e+01
1.451757812500000000e+02
1.527343750000000000e+02
1.453359375000000000e+02
1.335976562500000000e+02
1.296093750000000000e+02
1.222539062500000000e+02
9.223828125000000000e+01
1.454296875000000000e+02
1.499960937500000000e+02
1.357578125000000000e+02
1.683515625000000000e+02
1.564570312500000000e+02
1.552656250000000000e+02
1.452109375000000000e+02
1.375625000000000000e+02
1.159023437500000000e+02
1.952890625000000000e+02
8.395312500000000000e+01
7.912109375000000000e+01
8.717968750000000000e+01
8.733203125000000000e+01
7.654296875000000000e+01
8.611718750000000000e+01
9.169140625000000000e+01
8.986718750000000000e+01
9.275000000000000000e+01
1.053867187500000000e+02
7.159765625000000000e+01
8.823828125000000000e+01
8.010156250000000000e+01
7.528515625000000000e+01
7.634375000000000000e+01
7.024218750000000000e+01
8.963281250000000000e+01
7.543359375000000000e+01
8.116796875000000000e+01
8.291796875000000000e+01
8.999218750000000000e+01
9.942968750000000000e+01
9.176953125000000000e+01
9.597656250000000000e+01
8.860937500000000000e+01
1.050976562500000000e+02
9.126562500000000000e+01
1.081757812500000000e+02
1.042812500000000000e+02
1.048828125000000000e+02
9.888281250000000000e+01
9.187109375000000000e+01
9.893359375000000000e+01
9.687500000000000000e+01
9.134765625000000000e+01
8.270312500000000000e+01
9.510156250000000000e+01
8.730468750000000000e+01
8.879296875000000000e+01
8.600390625000000000e+01
1.147304687500000000e+02
1.177617187500000000e+02
1.181640625000000000e+02
1.175078125000000000e+02
1.248164062500000000e+02
1.133554687500000000e+02
1.150703125000000000e+02
1.181796875000000000e+02
1.180351562500000000e+02
1.100234375000000000e+02
1.205546875000000000e+02
1.225937500000000000e+02
1.158828125000000000e+02
1.177226562500000000e+02
1.139726562500000000e+02
1.091640625000000000e+02
1.313515625000000000e+02
1.090937500000000000e+02
1.178437500000000000e+02
1.073671875000000000e+02
1.176601562500000000e+02
1.171171875000000000e+02
1.078203125000000000e+02
8.451562500000000000e+01
1.030625000000000000e+02
9.328125000000000000e+01
8.899609375000000000e+01
9.028515625000000000e+01
9.371484375000000000e+01
8.950390625000000000e+01
1.170039062500000000e+02
8.804296875000000000e+01
1.001992187500000000e+02
1.071640625000000000e+02
1.132578125000000000e+02
9.421875000000000000e+01
1.006523437500000000e+02
8.946093750000000000e+01
1.247500000000000000e+02
1.266953125000000000e+02
1.293515625000000000e+02
1.057929687500000000e+02
1.039218750000000000e+02
1.065078125000000000e+02
1.652031250000000000e+02
1.101054687500000000e+02
1.150664062500000000e+02
1.057539062500000000e+02
1.055273437500000000e+02
1.127109375000000000e+02
1.394023437500000000e+02
1.120859375000000000e+02
1.222617187500000000e+02
1.101640625000000000e+02
1.180117187500000000e+02
1.128789062500000000e+02
1.017460937500000000e+02
