2.722533940802348340e+00
3.339148116438356073e+00
3.094315680039139149e+00
2.972900868395303320e+00
3.346601333170254211e+00
3.360514004403130972e+00
3.011986301369863117e+00
2.762185053816046842e+00
4.945908757338552064e+00
3.658107570939334696e+00
2.734627262720156438e+00
3.030133928571428381e+00
2.597465141878669392e+00
3.069356959393346518e+00
4.501177226027397005e+00
2.787143774461839474e+00
3.116553021037181903e+00
3.407381360078277854e+00
3.580250122309197813e+00
3.254685971135029554e+00
2.949792074363992267e+00
3.045254403131115506e+00
2.829768529843444291e+00
2.496812316536203724e+00
3.215929244129158704e+00
2.750328705968688947e+00
2.768751528864970446e+00
2.773552164872798542e+00
2.484046294031311053e+00
3.046102923189824008e+00
3.307538833170254211e+00
2.631077238258316964e+00
3.010671477495107773e+00
3.541539261252446114e+00
3.212588674168297409e+00
3.304725721624266033e+00
2.655600232387475668e+00
3.687285958904109595e+00
3.784124266144814008e+00
4.186995474559687125e+00
3.303586717221135061e+00
3.464010518590998178e+00
3.452865092954990001e+00
3.486362524461839474e+00
2.989282656555773077e+00
3.783367477984344251e+00
3.949241682974559797e+00
3.564097663894324697e+00
3.130480980919765344e+00
3.031685726516633927e+00
2.434832130626223279e+00
2.857914933953033199e+00
3.481997614970645749e+00
2.574646832191780810e+00
2.928036325831702591e+00
3.996888759784735790e+00
3.605315863502935425e+00
3.159842832681017732e+00
4.031479329745597084e+00
3.488067208904109595e+00
2.985315251956947247e+00
3.469804916829745789e+00
3.328400195694716235e+00
3.527672455968688947e+00
2.882048067514677125e+00
3.788580907534246478e+00
2.805398422211350162e+00
2.862944899706457935e+00
3.573194410469667126e+00
4.472128791585126883e+00
3.078063845401174170e+00
2.882208598336594818e+00
3.043786692759295587e+00
3.665331457925636194e+00
3.400249204990215102e+00
3.460478840508806275e+00
3.296416340508806275e+00
2.984252690802348340e+00
3.131749938845401093e+00
2.950082558708414737e+00
2.998310604207436558e+00
2.929549902152641661e+00
2.338781188845401093e+00
2.827077727495107773e+00
2.241277825342465668e+00
2.381528253424657571e+00
2.396029537671232834e+00
2.858847541585127328e+00
2.503493456457925426e+00
2.528322223581213279e+00
2.333537181996085952e+00
2.488128363502935425e+00
2.973741744129158704e+00
2.397061521526418826e+00
2.795888882093933603e+00
2.825678816046966801e+00
3.943691903131115506e+00
2.324753852739726234e+00
2.283795560176125061e+00
2.829715019569471579e+00
2.505557424168297409e+00
3.206090998043052753e+00
3.041264065557729879e+00
2.502308586105675303e+00
2.797838184931507044e+00
2.583544826320939514e+00
2.839897260273972712e+00
2.369159735812133238e+00
3.288527397260273766e+00
2.780661386986301498e+00
2.506314212328767166e+00
2.289085432974559797e+00
2.867676736790606640e+00
2.468956396771037287e+00
3.414085432974559797e+00
3.070847602739726234e+00
3.896220645792563442e+00
2.758920927103718057e+00
2.491132583170254211e+00
3.018308158023483401e+00
2.368051308708414737e+00
2.399866988747553886e+00
2.777664811643835829e+00
2.914597602739726234e+00
2.428250366927592996e+00
4.252950709393346074e+00
2.394194899706457935e+00
2.596784796966731701e+00
3.267773055283757166e+00
3.437102495107632105e+00
2.936941964285714413e+00
2.545430222602739878e+00
3.315458353718199636e+00
2.500473948140900404e+00
2.743272994129158704e+00
2.890739664872798542e+00
2.626100782778864939e+00
2.865765655577299231e+00
3.258492844911937247e+00
1.940374266144814008e+00
2.140548556751467490e+00
2.255756176614481578e+00
2.141947468199608462e+00
1.992111056751467713e+00
2.029025501467710324e+00
2.159819899706457935e+00
2.065649461839530243e+00
2.060772382583170081e+00
2.709699119373776721e+00
2.333261986301369717e+00
2.006994557240704413e+00
1.782641267123287632e+00
2.079921416340508866e+00
1.752920132093933381e+00
1.830364787181996133e+00
1.789490582191780810e+00
1.900073385518590952e+00
2.003990337573385627e+00
2.199516878669276032e+00
2.320694716242661659e+00
2.182255993150684859e+00
1.981309625733855162e+00
2.290117416829745789e+00
2.036952666340508866e+00
1.987845523483365850e+00
1.967817392367906093e+00
2.182118395303326963e+00
2.054259417808219190e+00
2.043228657045009999e+00
2.063363808708414737e+00
1.933119801859099818e+00
2.125428082191780810e+00
2.268178204500978623e+00
4.354176859099804453e+00
3.924435848825831741e+00
2.802967526908023643e+00
3.289498226516633927e+00
3.964950770547945424e+00
2.971287915851271944e+00
2.987088735322896316e+00
3.393965569960860851e+00
2.352693860078277854e+00
2.637276785714285587e+00
3.052738197162426559e+00
3.696329195205479312e+00
3.235842710371819919e+00
3.743639921722113684e+00
3.248280026908023643e+00
3.802615887964774899e+00
2.862700281311154615e+00
3.945732937866927692e+00
2.911394630626223279e+00
2.735139432485322875e+00
3.667731775929549798e+00
2.943286753913894493e+00
2.908214591487279677e+00
3.363174229452054576e+00
2.699807363013698502e+00
2.634914689334638016e+00
3.141098948140900404e+00
2.847969667318982268e+00
3.180918236301369717e+00
3.530317392367905871e+00
2.909147199119373806e+00
2.482517429060665304e+00
3.206993028375733967e+00
3.985682179549902227e+00
3.056575648238747611e+00
3.142016267123287854e+00
2.825793480919765344e+00
2.772780088062622106e+00
3.364963001467710324e+00
2.925162059686888583e+00
3.084645609099804453e+00
2.886038405088062753e+00
3.321994251467710324e+00
2.994763637475537976e+00
2.702941536203522510e+00
3.080961044520547976e+00
2.773353412426614373e+00
2.944769752935420648e+00
2.760595034246575263e+00
2.348741744129158704e+00
2.876559442270058664e+00
2.736500122309197813e+00
3.005091120352250567e+00
2.854757827788649838e+00
2.640456824853228746e+00
2.841196795499021377e+00
2.792403069960860851e+00
3.606500733855185992e+00
2.454195205479452024e+00
2.796347541585127328e+00
3.075961656066536154e+00
3.022145609099804453e+00
3.399844055772994089e+00
3.231301981409001822e+00
2.782465447651663482e+00
2.977288710861056842e+00
3.220668725538160526e+00
2.813088613013698502e+00
2.541111179060665304e+00
2.917303693737768988e+00
3.836388515166340607e+00
2.624969422700587085e+00
3.029950464774950891e+00
2.606141450587084130e+00
3.093390716731898138e+00
2.733985139432485223e+00
2.273666829745597084e+00
1.999831824853228968e+00
2.534789322407045020e+00
2.033031127690802187e+00
2.828522504892367895e+00
2.526158879647749433e+00
3.143461044520547976e+00
2.161906800391389272e+00
2.551178754892367895e+00
2.499510763209393360e+00
2.819012964774950891e+00
2.533795560176125061e+00
2.876337756849315141e+00
2.744947101272015466e+00
2.473313661937377894e+00
2.503233549412915870e+00
2.745191719667318786e+00
2.852846746575342429e+00
2.746407167318982268e+00
2.838735322896281943e+00
2.182103106653620284e+00
2.637613136007827652e+00
2.544367661448140971e+00
2.430941169275929514e+00
2.691261007827788543e+00
2.050536631604696680e+00
2.515495046477495222e+00
2.196268040606653482e+00
2.715631115459882672e+00
2.243716364970645749e+00
2.268873838062622106e+00
2.196826076320939514e+00
2.471364359099804453e+00
2.626482999021526599e+00
2.383508133561643927e+00
2.158627385029354251e+00
2.818699547455968624e+00
2.419795743639921781e+00
2.315083781800391538e+00
2.647237340998043198e+00
2.567507032778864939e+00
2.592603351272015466e+00
2.380045254403130972e+00
2.239963001467710324e+00
2.197835127201565708e+00
2.359688417318982268e+00
2.508171783268101862e+00
2.406937989236790809e+00
2.475538160469667126e+00
2.471593688845401093e+00
2.282855308219178259e+00
4.193233243639921781e+00
3.922089041095890405e+00
3.215004280821917693e+00
4.317040728962817653e+00
4.878462879158512955e+00
4.341815985812132794e+00
4.111438967710371983e+00
4.408925513698630283e+00
4.143927348336594818e+00
4.437568798923678948e+00
4.639562438845401537e+00
5.607448630136985912e+00
4.891955112524462024e+00
4.005679733365949069e+00
5.953224376223092307e+00
4.528528620352250122e+00
4.259310787671233278e+00
3.961442025440313319e+00
4.327268835616438380e+00
5.179786876223092307e+00
5.640525623776907693e+00
4.896855124755381539e+00
4.383997370352250122e+00
3.712657473091976357e+00
2.777313172700587085e+00
2.824990826810175992e+00
2.904231898238747611e+00
3.307019019080234656e+00
3.680039138943248744e+00
3.880274584148728056e+00
4.577299412915850851e+00
3.590042502446184169e+00
2.953591303816046842e+00
2.935978779354207369e+00
3.439525746086105507e+00
2.932607632093933603e+00
3.334553877201565708e+00
3.457849192759295587e+00
2.945625917318982268e+00
2.724934258806262388e+00
4.052401846868884938e+00
4.267673679060665748e+00
3.346425513698630283e+00
3.376544153620352429e+00
3.744580173679060486e+00
3.579867906066536154e+00
2.731439579256360162e+00
3.795216181506849473e+00
3.291959699119373806e+00
5.124067392367906315e+00
4.630419826320939514e+00
2.878225905088062753e+00
4.216372614970645749e+00
3.185107326320939514e+00
2.931346318493150527e+00
3.547754097358121417e+00
4.233748165362035465e+00
4.413099315068492956e+00
4.176813233855185992e+00
3.065947590508806275e+00
3.561047578277886316e+00
3.507927164872798542e+00
3.442033084637964979e+00
2.787694165851271944e+00
4.088207864481408826e+00
3.101570144324853118e+00
3.985521648727984534e+00
2.978672333659491134e+00
3.507491438356164171e+00
2.809801553326810364e+00
3.444165851272015466e+00
4.469866071428571175e+00
4.714515044031311497e+00
4.103366560665362428e+00
3.560978779354207369e+00
6.145165728962817653e+00
2.960784613502935425e+00
3.432064885029354251e+00
3.716212084148728056e+00
2.689923250978473401e+00
4.762452605185909960e+00
4.237493884540117328e+00
4.025769019080234656e+00
4.437178938356164615e+00
3.494052715264187814e+00
3.661279965753424737e+00
2.730545193248532510e+00
2.724208047945205546e+00
4.665667808219177815e+00
6.104390900195694414e+00
3.542433647260273766e+00
3.984520242172211457e+00
4.262521404109588907e+00
4.735108855185909960e+00
3.605896832191780810e+00
3.222472786203522510e+00
2.894500672700587085e+00
4.109749571917808098e+00
3.542349559686888583e+00
2.776678693737768988e+00
2.944999082681017732e+00
2.478894019080234656e+00
3.652236729452054576e+00
2.254502507338552064e+00
2.915270303326810364e+00
3.224605552837573441e+00
2.552485934442270121e+00
2.617867844911937247e+00
2.763736851761252389e+00
2.443722480430528421e+00
2.416630993150684859e+00
2.130259295499021377e+00
2.140525623776908137e+00
2.600377629647749433e+00
3.256077238258316964e+00
3.334630320450097773e+00
3.799948018590998178e+00
3.385434503424657571e+00
2.783612096379647571e+00
2.443951810176125061e+00
3.234306201076321052e+00
2.569532778864970446e+00
2.859306201076321052e+00
2.199899094911937247e+00
2.801583904109588907e+00
3.126612952544031376e+00
2.705632338551859029e+00
2.653444532778864939e+00
2.889034980430528421e+00
2.589132827788649838e+00
3.087642184442270121e+00
2.775417380136986356e+00
2.578950587084148705e+00
2.638599253913894493e+00
2.574394569471624372e+00
3.008745107632094129e+00
2.716548434442270121e+00
2.993089530332681214e+00
2.803043970156555709e+00
2.692912181996085952e+00
3.270846073874755344e+00
2.731516022504892227e+00
3.131512964774950891e+00
2.853037854696673037e+00
3.638996758806262388e+00
4.015250428082191902e+00
3.837917380136986356e+00
3.378982693248532510e+00
2.835310665362035021e+00
2.824256971624266033e+00
3.377476761252446114e+00
3.123906861545988178e+00
2.991912304305283765e+00
3.295200892857142794e+00
3.383424045988258300e+00
3.009738869863013644e+00
2.961862463307240567e+00
2.962084148727984534e+00
2.847625672700587085e+00
3.283038772015655749e+00
2.759884112035225101e+00
3.293847847358121417e+00
2.875519814090019555e+00
3.210937500000000000e+00
3.478924596379647571e+00
3.056843199608610728e+00
3.848604146281800364e+00
4.056613869863014088e+00
3.476294948630136883e+00
3.709095217710371983e+00
2.871147260273972712e+00
3.180428999510763077e+00
2.951351516634050931e+00
3.412181996086105507e+00
2.680115582191780810e+00
2.918909001956947247e+00
3.028956702544031376e+00
3.169260640900195547e+00
2.734252690802348340e+00
3.100048923679060486e+00
4.595852189334637572e+00
3.057355369373776721e+00
3.127507338551859029e+00
3.147627201565557531e+00
3.087474009295498867e+00
3.649790545499021377e+00
3.348183708414872672e+00
2.834844361545988178e+00
2.984887169765166437e+00
3.775600843933463846e+00
3.035355002446184169e+00
2.842282289628180081e+00
2.577238258317025466e+00
2.936261619373776721e+00
3.225133011252446114e+00
2.679075954011741700e+00
2.865391083659491134e+00
2.554733365949119595e+00
2.674825709393346518e+00
2.761833414872798542e+00
2.794123043052837652e+00
2.714568554305283765e+00
3.023598030821917693e+00
2.745841487279843562e+00
3.156364664872798542e+00
3.153031739236790809e+00
3.097449853228962713e+00
2.817155393835616639e+00
2.632552592954990001e+00
2.822399400684931337e+00
3.240696856653620284e+00
3.266664628180039109e+00
2.968199608610567530e+00
2.797478901663405182e+00
2.749304366438356073e+00
2.946336839530332874e+00
2.653222847358121417e+00
2.447468199608610728e+00
2.111331947162426559e+00
2.276319410469667126e+00
2.415591364970645749e+00
2.235720401174168259e+00
2.063073324363992267e+00
3.072819838551859029e+00
2.560176125244618461e+00
2.182905760763209191e+00
2.617852556262231012e+00
2.323347296966731701e+00
2.418159858121330608e+00
2.892291462818004089e+00
2.419994496086105507e+00
2.671018835616438380e+00
2.844071061643835829e+00
2.346945327788649838e+00
2.409238931017612551e+00
2.206473214285714413e+00
2.712710983365949069e+00
2.548090447651663482e+00
2.396067759295498867e+00
2.105140044031311053e+00
2.399278375733855384e+00
2.469430344911937247e+00
2.084676186399217368e+00
2.787090264187866762e+00
2.625519814090019555e+00
2.631337145303326963e+00
2.379387842465753522e+00
4.069104696673189636e+00
2.965860445205479312e+00
2.931132277397260122e+00
4.695228412426614817e+00
3.277427837573385627e+00
3.415155638454011822e+00
4.027083842954990445e+00
3.933349131604696680e+00
4.536081213307240567e+00
4.146480552837573441e+00
3.799443493150684859e+00
4.187469422700586641e+00
3.617302164872798542e+00
4.722212879158512955e+00
4.873899217221135061e+00
5.172991071428571175e+00
4.729780760763209635e+00
4.439158818493150527e+00
3.973397749510763077e+00
3.729933647260273766e+00
3.896801614481408826e+00
4.351516634050880405e+00
4.491231959393346074e+00
3.293687316536203724e+00
3.990192331213307408e+00
5.659468260763209635e+00
4.528016450587084130e+00
4.038695572407045020e+00
3.525088674168297409e+00
3.771832191780821741e+00
4.758951504403131416e+00
4.762895976027397005e+00
3.839851394324853118e+00
3.738334760273972712e+00
4.419749877690802187e+00
4.525960127201565264e+00
4.866560665362035465e+00
3.899110200587084130e+00
3.867944288160469757e+00
4.149362463307240567e+00
4.166386374755381539e+00
4.624770670254402916e+00
4.546003546966732145e+00
3.778994924168297409e+00
4.164261252446183725e+00
3.691650868395303320e+00
3.366942881604696680e+00
2.959079929060665304e+00
3.886512353228962713e+00
5.433349131604696680e+00
4.795506665851272388e+00
3.809304672211350162e+00
4.292922884050880405e+00
5.771962145303326963e+00
4.453224376223092307e+00
5.100668113992171904e+00
4.943088001467710768e+00
5.212015349804305586e+00
4.197200648238747611e+00
3.964966059197651660e+00
4.322705173679060486e+00
4.084637964774951335e+00
6.092045315557729879e+00
9.106217893835616195e+00
5.042219606164383805e+00
3.643461044520547976e+00
3.373050697162426559e+00
4.542984038649706235e+00
3.727472174657534332e+00
3.606409001956947247e+00
3.107379831213307408e+00
3.487883745107632105e+00
3.807974559686888583e+00
3.489106837084148705e+00
3.335708170254402916e+00
3.521946856653620284e+00
3.093681201076321052e+00
3.659277152641878583e+00
4.482899645303326963e+00
3.531379953522504778e+00
3.442010151663405182e+00
3.048671416340508866e+00
3.120803265655577086e+00
4.090027213796477490e+00
4.603840508806261944e+00
3.034674657534246478e+00
3.243616988747553886e+00
3.924237096379647571e+00
3.034758745107632105e+00
3.263362279843444291e+00
2.961113319471624372e+00
2.959729696673189636e+00
3.329065251956947247e+00
3.298434442270058664e+00
3.391519386007827652e+00
4.286723336594912226e+00
3.655584943737768988e+00
3.306468627690802187e+00
3.316864909491193725e+00
3.756948691291585263e+00
4.052034919275929958e+00
4.611416034735811742e+00
5.030707252935420648e+00
3.112157534246575263e+00
4.454890839041095951e+00
2.655646098336594818e+00
3.357716181506849473e+00
3.059824486301369717e+00
2.640135763209393360e+00
3.262758378180039109e+00
2.995092343444226923e+00
3.478756421232876761e+00
3.166241132583170081e+00
2.957933280332681214e+00
3.273544520547945424e+00
3.122676125244618461e+00
3.594774339530332874e+00
2.885289261252446114e+00
3.248616377201565708e+00
3.042387781311154615e+00
3.379143224070450202e+00
2.865306996086105507e+00
3.127109833659491134e+00
3.067545254403130972e+00
2.945473030821917693e+00
5.656861545988258300e+00
3.283650318003914048e+00
3.854826626712328785e+00
3.085180711839530243e+00
2.413611484833659393e+00
3.297303082191780810e+00
2.875473948140900404e+00
4.468000856164383805e+00
3.070213123776908137e+00
3.488892795988258300e+00
4.245940863502934981e+00
3.079493334148728056e+00
3.553112769080234656e+00
3.937461778375733967e+00
2.984466731898238745e+00
3.512666646281800364e+00
2.589293358610567530e+00
2.205242477984344251e+00
2.542670621330723968e+00
2.814632766634050931e+00
3.227777947651663482e+00
3.371216059197651660e+00
2.796485139432485223e+00
3.339912548923678948e+00
3.855346440802348340e+00
2.470210066046966801e+00
2.874388454011741700e+00
2.582864481409001822e+00
3.452643407534246478e+00
3.137047455968688947e+00
3.414016634050880405e+00
2.959148727984344251e+00
2.894149033757338341e+00
2.577482876712328785e+00
2.779805222602739878e+00
2.851524278375733967e+00
2.663313356164383361e+00
3.251100782778864939e+00
3.308761925146771254e+00
3.021549351761252389e+00
2.728603534735812186e+00
2.763392857142857206e+00
2.845974498532289676e+00
2.665285591976516599e+00
2.894110812133072308e+00
2.166241132583170081e+00
2.168152213796477490e+00
2.356768285225049109e+00
3.616056139921722146e+00
3.035102739726027288e+00
2.871131971624266033e+00
3.158528008806262388e+00
3.357609160958904049e+00
2.734053938356164171e+00
3.128906250000000000e+00
2.845684014187866762e+00
2.584989603718199636e+00
2.798052226027397449e+00
2.725920376712328785e+00
3.253348214285714413e+00
2.775432668786692592e+00
2.432913405088062753e+00
4.189304060665362428e+00
2.839644997553815831e+00
2.904224253913894493e+00
2.651671049412915870e+00
2.704822040117417004e+00
3.525822529354207369e+00
3.158268101761252389e+00
3.199363992172211457e+00
2.922692942759295587e+00
2.465967465753424737e+00
2.396916279354207369e+00
2.653956702544031376e+00
3.279866377201565708e+00
2.897206763698630283e+00
2.705433586105675303e+00
3.020754341976516599e+00
2.927761130136986356e+00
2.331939518101761255e+00
2.864053326810175992e+00
2.655592588062622106e+00
2.771847480430528421e+00
3.295262047455968624e+00
2.458200831702543887e+00
2.423770792563600729e+00
3.174642245596869028e+00
3.407587756849315141e+00
2.942950403620352429e+00
2.958430161448140971e+00
2.560657717710371983e+00
3.151449363992172348e+00
3.085669948630136883e+00
3.608541768590998178e+00
2.521174779843444291e+00
2.339927837573385627e+00
2.262681934931507044e+00
2.463009112035225101e+00
2.239840692270058664e+00
2.291600415851271944e+00
2.399178999510763077e+00
1.940473642367906093e+00
2.266672272504892227e+00
2.538275134540117328e+00
2.160721930039139149e+00
2.093688845401174170e+00
2.194914995107632105e+00
2.449876161937377894e+00
2.271190068493150527e+00
1.970508194716242611e+00
2.819356959393346518e+00
2.013591609589040932e+00
1.815657106164383583e+00
1.745191719667319008e+00
2.083025012230919959e+00
2.195029659980430647e+00
2.439281127690802187e+00
2.106967037671232834e+00
2.627920132093933603e+00
2.456327972113502955e+00
1.770486790606653704e+00
3.347900868395303320e+00
3.763217037671232834e+00
3.541722725048923603e+00
4.135801431017612551e+00
3.618548189823874939e+00
3.490490459882582996e+00
3.063631360078277854e+00
4.664245963796477490e+00
4.023047639432485667e+00
2.613403559197651660e+00
3.263094728473581174e+00
2.912281372309197813e+00
4.346410225048924048e+00
3.415851272015655749e+00
3.143652152641878583e+00
3.794528192270058664e+00
3.083208476027397449e+00
3.311964897260273766e+00
3.800307301859099596e+00
3.075120780332681214e+00
4.352059381115459757e+00
5.750313417318982268e+00
3.446612035225049109e+00
3.673059870352250567e+00
5.594858427103718057e+00
4.458047945205479756e+00
4.147726577788649394e+00
5.065817636986301054e+00
4.401220034246575707e+00
5.974483243639921781e+00
4.194754464285714413e+00
5.944670376712328341e+00
4.220829256360078219e+00
5.019936399217221457e+00
6.223818187377690769e+00
4.338498348825831741e+00
5.229635518590997734e+00
7.107234589041095951e+00
5.183953033268101862e+00
4.928831335616438380e+00
4.843054366438356517e+00
3.170491377201565708e+00
2.718795865949119595e+00
2.539880442759295587e+00
3.556353962818004089e+00
3.693730124755381539e+00
3.630565068493150527e+00
4.132942453522504778e+00
3.592389310176125061e+00
4.027229085127201458e+00
2.889799412915851295e+00
4.540629586594912226e+00
3.006191903131115506e+00
3.616186093444226923e+00
3.757353840508806275e+00
3.326993639921722146e+00
3.157992906066536154e+00
3.310114970645792631e+00
3.605659858121330608e+00
6.597159368884540243e+00
3.779216609589040932e+00
2.714086961839530243e+00
3.220232999021526599e+00
3.323897688356164171e+00
3.786394630626223279e+00
3.721005075831702591e+00
3.846998838062622106e+00
2.854169214774950891e+00
2.992111056751467490e+00
3.245566291585127328e+00
3.017872431506849473e+00
3.328323752446184169e+00
3.973443615459882672e+00
3.255343383072407004e+00
3.223856409001956802e+00
3.828553082191780810e+00
3.320129036203522510e+00
4.214339224559687125e+00
3.154208965264187814e+00
3.315465998043052753e+00
3.925926492172211457e+00
2.971830662915851295e+00
2.912625366927592996e+00
3.058066291585127328e+00
2.460371819960860851e+00
2.678387964774950891e+00
2.907167318982387449e+00
2.413779659980430647e+00
2.729146281800391538e+00
3.099024584148728056e+00
2.536302898727984534e+00
2.894844667318982268e+00
2.355705724070450202e+00
2.874862402152641661e+00
2.985452849804305142e+00
2.723925207925636194e+00
2.474773727984344251e+00
