3.237218688845401315e-01
2.851180283757338563e-01
2.515900195694716346e-01
2.869755993150684970e-01
2.197819838551859084e-01
2.822055406066535932e-01
2.655179794520547976e-01
2.133607509784735679e-01
2.251482999021526543e-01
3.076076320939334363e-01
2.849804305283757389e-01
2.914322407045009666e-01
2.385946673189823786e-01
2.999327299412916092e-01
2.495566291585127328e-01
2.229008683953033199e-01
1.579852617416829808e-01
2.837879158512719990e-01
1.726776541095890460e-01
3.183861301369863006e-01
3.039001345401174392e-01
2.905760763209393471e-01
1.990964408023483401e-01
2.869144447162426670e-01
3.243410591976516599e-01
2.791325220156555820e-01
3.048021648727984312e-01
3.317178326810176214e-01
3.168954867906066397e-01
2.752262720156555820e-01
2.450388331702544054e-01
2.853932240704500911e-01
3.003761007827788765e-01
3.301278131115459868e-01
1.973076687866927581e-01
1.852143468688845496e-01
2.514294887475538309e-01
2.350018346379647849e-01
2.711747798434442358e-01
2.799886863992172015e-01
2.961029231898238967e-01
2.476761252446184058e-01
2.150272137964774899e-01
2.452681629158512677e-01
2.588444838551859362e-01
2.011833414872798431e-01
1.967190557729941169e-01
2.377767245596868750e-01
2.331289750489236867e-01
2.431506849315068497e-01
2.616193737769080263e-01
2.631329500978473734e-01
1.881650562622309286e-01
3.248150073385518422e-01
3.394615337573385627e-01
2.376620596868884439e-01
2.407656555772994256e-01
2.139417196673189803e-01
2.443279109589041043e-01
3.000015288649706680e-01
2.382277397260273988e-01
2.302011986301369939e-01
3.075006115459882339e-01
2.649522994129158704e-01
1.857647382583170192e-01
2.397489603718199747e-01
2.274951076320939347e-01
2.951626712328767055e-01
2.478366560665362095e-01
2.184595156555773077e-01
2.195144324853229023e-01
2.362707925636007844e-01
2.126192514677103795e-01
2.009005014677103795e-01
2.007934809197651771e-01
2.005565068493150582e-01
2.079332803326810197e-01
1.993257705479452024e-01
2.197896281800391372e-01
2.086365582191780921e-01
2.003806873776907971e-01
2.542502446183952935e-01
2.490673923679060653e-01
2.215401785714285754e-01
2.309579867906066675e-01
2.876635885518590841e-01
2.681323385518590841e-01
2.145073997064579352e-01
2.183983610567514777e-01
2.419581702544031376e-01
2.640349804305283654e-01
2.111133194716242611e-01
2.458185543052837652e-01
2.524003180039138816e-01
2.599758439334637905e-01
2.641649339530332541e-01
2.327391144814089929e-01
2.541432240704500911e-01
2.478595890410958957e-01
1.966731898238747445e-01
2.018254647749510855e-01
2.029797578277886538e-01
2.017260885518591118e-01
2.302470645792563664e-01
2.611912915851272166e-01
2.025134540117416726e-01
2.393208781800391372e-01
3.100385273972602884e-01
1.989206213307240789e-01
2.350171232876712424e-01
2.172058463796477379e-01
2.203094422700587196e-01
2.197819838551859084e-01
2.619863013698630061e-01
2.233901051859099873e-01
1.597358121330724190e-01
1.872248043052837652e-01
2.197896281800391372e-01
2.699746208414872672e-01
2.296125856164383527e-01
2.807378302348336740e-01
2.949409858121330719e-01
2.213108488258317130e-01
2.323568982387475557e-01
1.895486790606653593e-01
2.657549535225048887e-01
2.040423189823874772e-01
2.129708904109589018e-01
2.147978840508806275e-01
2.292074363992172292e-01
2.193386130136986412e-01
3.025165117416829808e-01
2.905760763209393471e-01
3.024018468688845496e-01
2.300100905088062753e-01
2.179626345401174115e-01
1.605002446183952935e-01
2.120306384540117384e-01
2.164719911937377783e-01
2.633164138943248633e-01
2.780546722113502733e-01
2.857372186888453847e-01
2.244908879647749544e-01
2.847816780821917915e-01
2.941459760273972823e-01
2.635228106653620395e-01
2.738197162426614373e-01
2.695618272994129150e-01
2.390915484344422748e-01
2.696382705479452024e-01
2.631864603718199747e-01
3.515395670254403138e-01
3.357387475538160526e-01
3.814747431506849140e-01
3.575403620352250456e-01
3.722939090019569686e-01
3.840279476516634261e-01
2.778482754403130972e-01
2.806843199608610728e-01
2.737585616438356073e-01
2.669398238747553997e-01
2.724819593933464068e-01
2.094468566536203391e-01
2.892994740704500911e-01
2.872125733855185881e-01
2.743318860078277632e-01
2.771755748532289676e-01
2.682699363992172015e-01
2.841319104696672926e-01
3.067514677103718168e-01
2.478290117416829808e-01
2.959959026418786943e-01
2.879234955968688614e-01
2.289781066536203391e-01
2.663206335616438158e-01
2.871590631115459868e-01
2.502446183953033199e-01
2.202635763209393471e-01
2.679488747553815942e-01
2.193156800391389549e-01
2.346043297455968624e-01
2.142780699608610451e-01
2.401923312133072419e-01
2.096991193737769155e-01
2.105399951076321052e-01
2.227097602739726012e-01
2.376620596868884439e-01
1.742294520547945091e-01
2.655867783757338563e-01
2.388163527397260399e-01
2.506344789628179859e-01
2.149201932485322875e-01
1.880733243639921837e-01
2.385029354207436336e-01
2.479207436399217257e-01
1.915973581213307186e-01
2.145609099804305364e-01
2.048831947162426670e-01
2.417594178082191902e-01
2.433265044031311108e-01
1.793129280821917915e-01
1.719743762230919737e-01
1.614175636007827708e-01
2.021312377690802353e-01
2.011604085127201569e-01
1.750321061643835552e-01
2.565894080234833452e-01
1.982708537181996078e-01
2.022459026418786665e-01
1.738701687866927581e-01
1.708124388454011766e-01
1.642841854207436336e-01
2.093933463796477379e-01
2.085906922700587196e-01
1.690236668297455946e-01
1.705983977495107717e-01
1.605843321917808098e-01
1.700938723091976468e-01
1.541707436399217257e-01
2.149125489236790587e-01
2.469422700587084185e-01
2.656937989236790587e-01
2.687133072407045242e-01
2.659995719178082085e-01
2.577666340508806275e-01
2.513683341487280010e-01
2.199348703522504833e-01
2.157075587084148760e-01
2.306904354207436336e-01
2.517658390410958957e-01
2.571397994129158704e-01
2.005259295499021432e-01
2.528207558708414626e-01
2.599681996086105618e-01
2.395960738747553720e-01
2.451917196673189803e-01
2.127874266144814119e-01
2.773743272994129150e-01
2.757766634050880517e-01
2.216471991193737778e-01
1.963674168297455946e-01
2.438998287671232945e-01
2.102036448140900127e-01
2.333506604696673203e-01
2.494190313111545876e-01
2.015655577299412804e-01
2.110368762230919737e-01
2.149889921722113462e-01
2.111133194716242611e-01
2.219147504892367839e-01
2.566734955968688614e-01
1.912686521526418826e-01
2.141481164383561564e-01
1.828446061643835552e-01
1.898085861056751367e-01
1.881115459882583274e-01
2.105935053816047065e-01
1.803219789628180136e-01
1.801461594911937247e-01
1.871024951076321052e-01
2.044856898238747445e-01
2.158680895303326797e-01
2.225568737769080263e-01
2.038206335616438436e-01
2.022229696673189803e-01
1.915591364970645749e-01
1.956641389432485223e-01
1.930039138943248633e-01
1.836778375733855162e-01
1.815144936399217257e-01
1.758576932485322875e-01
1.803219789628180136e-01
1.926981409001956858e-01
2.320281922700587196e-01
2.222128791585127328e-01
2.373945083170254378e-01
1.963979941291585096e-01
2.199730919765166270e-01
1.895181017612524443e-01
1.913909613502935425e-01
1.938830112524461968e-01
1.954195205479452024e-01
2.127033390410958957e-01
2.360643957925636083e-01
2.244908879647749544e-01
1.885625611545988234e-01
2.041187622309197647e-01
2.045850660469667182e-01
2.052348336594911893e-01
1.995551002935420648e-01
1.970706947162426670e-01
2.283512720156555820e-01
2.432271281800391372e-01
2.663282778864970446e-01
2.066031678082191902e-01
1.939212328767123406e-01
2.344361545988258300e-01
2.151571673189823786e-01
1.971930039138943269e-01
2.838796477495107440e-01
1.960616438356164448e-01
1.681751467710371761e-01
1.684962084148728112e-01
1.895257460861056731e-01
1.554626345401174115e-01
1.510518590998043142e-01
1.461518468688845496e-01
1.524813478473581174e-01
1.708659491193737778e-01
1.554320572407044965e-01
1.585203644814089929e-01
1.841364970645792687e-01
1.637261497064579352e-01
1.581840141878669281e-01
1.672807607632093851e-01
1.835937500000000000e-01
1.535209760273972546e-01
1.537503057729941169e-01
1.599422089041095951e-01
1.453262597847358173e-01
1.696581457925636083e-01
1.601027397260273988e-01
1.972082925636007844e-01
1.795346135029354251e-01
1.814151174168297520e-01
1.819502201565557642e-01
1.700862279843444180e-01
2.036218811154598962e-01
1.688249143835616473e-01
1.878592832681017510e-01
1.789460004892367839e-01
2.005182852250489145e-01
1.859787793542074241e-01
1.975828644814089929e-01
1.587879158512720268e-01
1.754754770058708502e-01
1.607219300391389549e-01
1.691612646771037121e-01
1.730445817025440258e-01
1.715157167318982490e-01
1.655302103718199747e-01
1.576183341487279732e-01
1.865291707436399216e-01
1.953507216242661437e-01
1.653543909001956858e-01
1.601868272994129150e-01
1.583904109589041043e-01
1.839301002935420648e-01
1.915438478473581174e-01
1.784491193737769155e-01
2.145914872798434514e-01
2.140028742661448102e-01
2.215860445205479479e-01
1.780898361056751367e-01
1.917884662426614373e-01
1.803678449119373861e-01
1.765456824853229023e-01
1.809029476516633983e-01
1.955876956947162348e-01
1.892046844422700658e-01
1.804672211350293598e-01
1.810405454990215157e-01
1.987600905088062753e-01
2.249724804305283654e-01
1.951443248532289676e-01
1.996926981409001822e-01
2.116866438356164448e-01
1.826458537181996078e-01
2.622538527397260122e-01
1.917502446183952935e-01
1.804213551859099873e-01
1.932561766144814119e-01
2.007781922700587196e-01
2.071229818982387449e-01
1.788466242661448102e-01
1.865979696673189803e-01
1.708047945205479479e-01
1.934243517612524443e-01
1.649645303326810197e-01
2.085524706457925759e-01
1.918725538160469535e-01
1.606531311154598962e-01
1.635197529354207313e-01
1.592771526418786665e-01
1.953354329745596862e-01
1.680528375733855162e-01
1.763927959882583274e-01
1.789612891389432414e-01
1.873394691780821963e-01
1.994557240704500911e-01
1.735032411937377783e-01
1.704531555772994256e-01
1.867814334637964702e-01
1.683738992172211235e-01
1.849850171232876594e-01
1.660576687866927581e-01
1.816903131115459868e-01
1.922165484344422748e-01
1.970477617416829808e-01
1.914291829745596862e-01
1.965203033268101696e-01
2.000825587084148760e-01
2.213567147749510855e-01
2.028345156555773077e-01
2.027122064579256477e-01
2.157610689823874772e-01
1.957711594911937247e-01
2.171446917808219079e-01
1.943416707436399216e-01
2.306980797455968624e-01
2.317224192759295420e-01
2.568569593933464068e-01
2.516817514677103795e-01
2.221823018590998178e-01
1.963827054794520521e-01
1.942499388454011766e-01
2.071764921722113462e-01
1.799626956947162348e-01
1.875458659491193725e-01
2.143927348336595040e-01
1.863074853228962879e-01
1.895639677103718168e-01
1.960539995107632161e-01
2.202941536203522621e-01
1.961839530332681047e-01
1.610124143835616473e-01
1.625259907045009666e-01
1.695969911937377783e-01
1.920713062622309286e-01
1.985536937377690714e-01
1.967114114481408882e-01
1.901296477495107717e-01
1.695434809197651771e-01
2.108151908023483401e-01
2.080326565557729934e-01
1.715692270058708502e-01
1.594835494129158426e-01
1.833338429549902227e-01
2.033772627201565486e-01
1.543924290606653593e-01
1.724483243639921837e-01
2.132919520547945091e-01
1.679687500000000000e-01
1.522367294520547976e-01
1.808112157534246534e-01
1.656830968688845496e-01
1.822636374755381705e-01
1.543083414872798431e-01
1.608518835616438436e-01
1.716762475538160526e-01
1.621131971624266144e-01
1.742829623287671104e-01
1.779751712328767055e-01
1.957023605675146660e-01
1.869572529354207313e-01
1.894416585127201569e-01
1.933096868884540132e-01
2.041952054794520521e-01
2.017031555772994256e-01
1.834408635029354251e-01
2.008622798434442358e-01
1.956641389432485223e-01
2.105476394324853340e-01
2.035148605675146660e-01
1.965967465753424570e-01
1.947315313111545876e-01
1.894493028375733856e-01
1.902137353228962879e-01
1.773559809197651771e-01
1.892505503913894382e-01
2.073217343444226923e-01
1.894722358121330719e-01
2.174733977495107717e-01
2.106546599804305364e-01
2.050513698630136994e-01
2.003959760273972546e-01
1.971165606653620395e-01
1.870795621330724190e-01
2.113502935420743523e-01
2.050360812133072419e-01
1.902137353228962879e-01
2.203476638943248633e-01
2.525532045009784565e-01
1.962756849315068497e-01
2.129403131115459868e-01
2.056552715264187980e-01
2.012444960861056731e-01
2.114802470645792687e-01
2.079791462818003922e-01
1.988671110567514777e-01
2.059763331702544054e-01
1.720890410958904049e-01
1.964362157534246534e-01
1.971471379647749544e-01
1.521449975538160526e-01
1.850767490215264321e-01
2.111286081213307186e-01
2.203170865949119483e-01
2.080403008806262222e-01
2.045927103718199747e-01
2.078874143835616473e-01
1.765762597847358173e-01
2.199348703522504833e-01
1.856959393346379605e-01
1.748715753424657515e-01
1.714774951076321052e-01
1.683203889432485223e-01
2.099437377690802353e-01
1.705983977495107717e-01
1.658589163405088107e-01
1.759341364970645749e-01
1.646358243639921837e-01
1.916508683953033199e-01
2.083384295499021432e-01
2.089805528375733856e-01
1.698492539138943269e-01
1.605843321917808098e-01
1.832650440313111639e-01
3.396449975538160526e-01
1.684426981409001822e-01
1.647734222113503011e-01
2.142780699608610451e-01
2.487921966731898304e-01
1.892046844422700658e-01
1.713093199608610451e-01
2.156158268101761311e-01
1.816444471624266144e-01
2.143315802348336463e-01
2.047761741682974646e-01
2.034919275929549798e-01
1.897780088062622217e-01
1.797868762230919737e-01
2.301859099804305364e-01
2.015044031311154504e-01
2.077574608610567586e-01
1.906188845401174115e-01
2.022535469667318953e-01
1.905424412915851240e-01
1.876758194716242611e-01
2.046309319960861184e-01
2.069395181017612551e-01
1.872248043052837652e-01
2.751804060665362095e-01
1.981103228962818041e-01
2.226333170254403138e-01
2.321122798434442358e-01
2.166325220156555820e-01
1.622966609589041043e-01
2.267383194716242611e-01
1.642230308219178037e-01
1.444930283757338563e-01
1.513652764187866928e-01
1.497293909001956858e-01
1.505702666340508755e-01
2.270440924657534110e-01
1.500580968688845496e-01
1.514493639921722090e-01
1.607066413894324974e-01
2.201183341487279732e-01
1.552868150684931503e-01
2.096303204500978568e-01
1.968872309197651771e-01
1.570067881604696736e-01
1.512964774951076341e-01
1.723260151663404960e-01
1.616468933463796609e-01
2.298801369863013588e-01
1.435145547945205491e-01
1.583216120352250456e-01
2.045927103718199747e-01
2.235888576320939347e-01
2.182531188845401038e-01
2.103794642857142738e-01
2.022764799412915815e-01
2.102877323874755289e-01
2.162732387475538032e-01
2.082772749510763133e-01
2.144615337573385627e-01
2.127644936399217257e-01
2.296584515655577252e-01
2.143086472602739601e-01
2.152488992172211235e-01
2.069930283757338563e-01
2.055558953033267966e-01
2.394890533268101696e-01
2.004341976516633983e-01
2.126956947162426670e-01
2.070006727005870850e-01
2.313096257338551898e-01
2.224269202544031376e-01
1.768132338551859084e-01
2.304305283757338563e-01
2.797746453033267966e-01
2.403910836594911893e-01
2.753103595890410982e-01
2.646541707436399493e-01
2.430054427592955035e-01
2.593566536203522621e-01
2.495260518590998178e-01
2.480201198630136994e-01
2.596777152641878694e-01
2.574302837573385627e-01
2.358732876712328896e-01
2.505198140900195547e-01
2.514677103718199747e-01
2.491897015655577252e-01
2.600446428571428492e-01
2.716334393346379605e-01
2.599223336594911893e-01
2.517429060665362095e-01
2.530883072407045242e-01
2.557255993150684970e-01
2.523544520547945091e-01
2.842771526418786943e-01
2.580800513698630061e-01
2.020624388454011766e-01
2.417517734833659615e-01
2.170911815068493067e-01
2.332130626223092029e-01
2.385182240704500911e-01
2.424779843444226923e-01
2.384112035225048887e-01
2.524385396281800253e-01
2.426614481409001822e-01
2.471563111545988234e-01
2.493272994129158426e-01
2.283283390410958957e-01
2.378302348336595040e-01
2.424397627201565486e-01
2.373945083170254378e-01
2.447177715264187980e-01
2.459255748532289676e-01
2.405363258317025354e-01
2.404445939334637905e-01
2.373180650684931503e-01
2.353076076320939347e-01
2.459102862035225101e-01
2.289628180039138816e-01
2.350094789628180136e-01
2.601134417808219079e-01
2.538450954011741700e-01
2.489527274951076341e-01
2.496560053816047065e-01
2.574149951076321052e-01
2.488380626223092029e-01
2.457956213307240789e-01
2.571780210371820141e-01
2.524996942270058553e-01
2.493884540117416726e-01
2.377308586105675026e-01
2.567881604696672926e-01
2.464301002935420648e-01
2.530806629158512955e-01
2.710906922700587196e-01
2.647459026418786943e-01
2.032931751467710324e-01
2.538986056751467713e-01
2.549764554794520799e-01
2.620092343444226923e-01
2.533635029354207591e-01
1.886007827788649671e-01
2.562530577299412804e-01
2.661218811154598685e-01
2.244755993150684970e-01
1.841135640900195825e-01
1.708430161448140916e-01
1.527794765166340385e-01
1.519768224070450202e-01
2.205234833659491245e-01
2.342603351272015688e-01
1.567315924657534110e-01
1.652397260273972546e-01
1.736255503913894382e-01
1.635885518590998178e-01
1.422303082191780921e-01
1.843811154598825885e-01
2.454822040117416726e-01
1.546141144814089929e-01
2.342603351272015688e-01
1.390196917808219079e-01
1.949302837573385627e-01
1.498134784735812020e-01
2.048831947162426670e-01
2.032473091976516599e-01
1.710723458904109540e-01
1.798480308219178037e-01
1.983320083170254378e-01
1.463582436399217257e-01
2.827788649706458046e-01
2.235812133072407060e-01
2.309044765166340385e-01
2.444272871819960780e-01
1.858488258317025354e-01
2.197896281800391372e-01
1.987983121330724190e-01
2.187958659491193725e-01
2.084836717221134894e-01
2.117401541095890460e-01
2.168924290606653593e-01
2.153788527397260399e-01
2.152412548923678948e-01
2.020930161448140916e-01
2.087206457925636083e-01
1.960310665362035298e-01
2.284430039138943269e-01
2.526602250489236590e-01
1.912686521526418826e-01
2.073905332681017510e-01
2.199501590019569408e-01
2.179320572407044965e-01
2.551828522504892560e-01
2.299642245596868750e-01
2.148437500000000000e-01
2.114649584148728112e-01
2.546553938356164171e-01
2.730705724070450202e-01
3.606439579256360273e-01
2.994893590998042865e-01
2.708690068493150860e-01
2.810741805283757389e-01
2.887873043052837652e-01
3.153360445205479201e-01
2.488457069471624317e-01
2.593642979452054909e-01
2.434029476516633983e-01
2.365001223091976468e-01
2.991835861056751367e-01
2.325862279843444180e-01
2.411020058708414904e-01
2.769921110567514777e-01
2.380442759295499089e-01
2.647229696673190080e-01
2.535928326810176214e-01
2.867615582191780921e-01
2.749128546966732034e-01
2.697988013698630061e-01
2.568340264187866651e-01
2.831381482387475557e-01
2.686980185909980667e-01
2.899110200587083908e-01
3.084026418786692814e-01
1.537044398238747445e-01
1.914826932485322875e-01
2.125351638943248633e-01
2.293297455968688892e-01
2.095232999021526543e-01
2.193386130136986412e-01
2.221211472602739601e-01
1.844652030332681047e-01
1.943263820939334641e-01
1.737325709393346407e-01
2.124128546966732034e-01
2.449012353228962879e-01
2.057240704500978568e-01
2.042945817025440258e-01
1.857953155577299342e-01
1.954118762230919737e-01
2.302852862035225101e-01
1.846868884540117384e-01
1.586426736790606529e-01
1.617309809197651771e-01
2.220370596868884439e-01
1.664781066536203391e-01
1.937148361056751367e-01
1.804901541095890460e-01
1.511053693737769155e-01
1.565710616438356073e-01
2.891848091976516599e-01
2.655944227005870850e-01
2.257292685909980390e-01
2.337099437377690714e-01
3.275746086105675303e-01
2.531112402152642105e-01
3.991484222113502733e-01
2.645012842465753189e-01
1.907641267123287576e-01
2.841013331702543776e-01
2.988931017612524443e-01
2.844147504892368117e-01
2.614435543052837652e-01
2.536386986301369939e-01
2.392444349315068497e-01
1.805054427592955035e-01
2.845982142857143016e-01
2.935344300391389272e-01
2.656708659491193725e-01
3.294551125244618572e-01
3.061781433463796609e-01
3.038466242661448380e-01
2.841701320939334363e-01
2.692025440313111639e-01
2.268147627201565486e-01
3.821703767123287854e-01
1.642918297455968624e-01
1.548357999021526543e-01
1.706060420743640005e-01
1.709041707436399216e-01
1.497905454990215157e-01
1.685267857142857262e-01
1.794352372798434514e-01
1.758653375733855162e-01
1.815068493150684970e-01
2.062362402152641827e-01
1.401128302348336463e-01
1.726776541095890460e-01
1.567545254403131250e-01
1.473290728962818041e-01
1.494006849315068497e-01
1.374602495107632161e-01
1.754066780821917915e-01
1.476195572407044965e-01
1.588414261252446280e-01
1.622660836594911893e-01
1.761099559686888361e-01
1.945786448140900127e-01
1.795881237769080263e-01
1.878210616438356073e-01
1.734038649706458046e-01
2.056705601761252555e-01
1.786020058708414904e-01
2.116942881604696736e-01
2.040728962818003922e-01
2.052501223091976468e-01
1.935084393346379605e-01
1.797868762230919737e-01
1.936078155577299342e-01
1.895792563600782743e-01
1.787625366927592940e-01
1.618456457925636083e-01
1.861087328767123406e-01
1.708506604696673203e-01
1.737631482387475557e-01
1.683051002935420648e-01
2.245214652641878694e-01
2.304534613502935425e-01
2.312408268101761311e-01
2.299565802348336463e-01
2.442591120352250456e-01
2.218306629158512677e-01
2.251865215264187980e-01
2.312714041095890460e-01
2.309885640900195825e-01
2.153100538160469535e-01
2.359191536203522621e-01
2.399094911937377783e-01
2.267765410958904049e-01
2.303770181017612551e-01
2.230384662426614373e-01
2.136283023483366017e-01
2.570480675146771254e-01
2.134907045009784843e-01
2.306139921722113462e-01
2.101119129158512677e-01
2.302547089041095951e-01
2.291921477495107717e-01
2.109986545988258300e-01
1.653926125244618295e-01
2.016878669275929681e-01
1.825464774951076341e-01
1.741606531311154504e-01
1.766832803326810197e-01
1.833949975538160526e-01
1.751544153620352151e-01
2.289704623287671104e-01
1.722954378669275810e-01
1.960845768101761311e-01
2.097144080234833730e-01
2.216395547945205491e-01
1.843811154598825885e-01
1.969713184931506933e-01
1.750703277886496989e-01
2.441291585127201569e-01
2.479360322896281832e-01
2.531341731898238967e-01
2.070312500000000000e-01
2.033696183953033199e-01
2.084301614481408882e-01
3.232937866927593218e-01
2.154705846379647849e-01
2.251788772015655693e-01
2.069548067514677125e-01
2.065114359099804175e-01
2.205693493150684970e-01
2.728030210371820141e-01
2.193462573385518699e-01
2.392597235812133072e-01
2.155852495107632161e-01
2.309426981409001822e-01
2.208980552837573330e-01
1.991117294520547976e-01
