3.214410297750264212e-01
3.824514254561394155e-01
3.410835970433905850e-01
2.684125051344287693e-01
6.266543966675687249e-01
3.741732446230772724e-01
4.421137500617555172e-01
4.439951517226901623e-01
5.752799413778226789e-01
3.088022890860601666e-01
3.154357160722015552e-01
3.489130172017577136e-01
6.184465484962430315e-01
3.092357625820881251e-01
3.655299424472637226e-01
4.152915744519741770e-01
6.682893770678860479e-01
3.034897462600288920e-01
7.313426571710468505e-01
2.292711289557840260e-01
2.893003782237390520e-01
2.930048105402316971e-01
4.881024517093718318e-01
2.758054624911542296e-01
2.356479146095674659e-01
2.859644283047551028e-01
3.210339990455827741e-01
2.264094541150601936e-01
2.818096189649329508e-01
3.316401175462228013e-01
3.742725916044558065e-01
3.281479358986069128e-01
3.364089747177085310e-01
1.439354311804544873e-01
6.632267865895840053e-01
6.886227511351222796e-01
6.361888337099874668e-01
5.634784213848395007e-01
4.521733321181652387e-01
4.572637385424164758e-01
4.495991661158275088e-01
5.925097912856271964e-01
6.090675403009284672e-01
5.507372570750288521e-01
4.954632594137924895e-01
7.141749580838234746e-01
6.932187037389274664e-01
6.431042999814915451e-01
6.627608183444337886e-01
6.453392069239822781e-01
4.946009103275213481e-01
4.441049990928825353e-01
6.721456652229008677e-01
4.238478941493949992e-01
3.634112390769007050e-01
6.581627282603622620e-01
6.440544982904478077e-01
6.275852582986388706e-01
6.405922669707417860e-01
4.117068448335759467e-01
4.768410824720808461e-01
5.477876273124205886e-01
3.866710316488601307e-01
5.148087271987478175e-01
6.879549403071113511e-01
6.505329285500420777e-01
6.301218089248035170e-01
4.350535757468074194e-01
5.262983459203063319e-01
6.494470565107556270e-01
6.568052864339564145e-01
6.662870252221493317e-01
6.532990166125738352e-01
6.707877982494691027e-01
6.592579276539179967e-01
6.683812298611910840e-01
6.713718002577504507e-01
6.367893279306225951e-01
6.487782441216641827e-01
6.528101739736132947e-01
6.648101894499511832e-01
6.172343756384311986e-01
6.197963511834575501e-01
6.724165419582239789e-01
5.870070631220591917e-01
5.742356633947922617e-01
6.411780683525238889e-01
6.782089116612309843e-01
6.525504312492487191e-01
6.305538573401767710e-01
6.313820154808219565e-01
7.042620752426651531e-01
5.921110935407787323e-01
6.126987849669909281e-01
6.109209821577160637e-01
5.763402577079917988e-01
6.228018292236804365e-01
5.552073964919653770e-01
6.318224416143449762e-01
6.933924615809519132e-01
6.826710947568144228e-01
6.704584434525796555e-01
6.607525290085400904e-01
6.286360572539411162e-01
6.061993766864416378e-01
5.668196835448392479e-01
5.350819686455133839e-01
3.842424024398086169e-01
6.838077588179839461e-01
5.504676573454686528e-01
6.422499224864285372e-01
5.862397536986854174e-01
5.807958147869687338e-01
3.613835137813296017e-01
5.461689048176233685e-01
7.016283522227924063e-01
6.677567628731586602e-01
5.566014325702516308e-01
3.880997364039067699e-01
5.302500250357070621e-01
3.966437043116163297e-01
3.144336659184285843e-01
5.985310740062035340e-01
5.645625715075199835e-01
5.298045204214023585e-01
4.913078838460257503e-01
6.215881555056040897e-01
5.943981882543680761e-01
6.207561965748802368e-01
5.361200872633673509e-01
5.989928200712116846e-01
3.125895495931453327e-01
3.946409215036676410e-01
3.036237173141731471e-01
5.632007084489678572e-01
5.072283097579378675e-01
6.423297803306552423e-01
5.978777245183403144e-01
6.148118798558525055e-01
4.602556748910701101e-01
4.146826814046235543e-01
4.527353194855243679e-01
5.144391167313474567e-01
4.003933793012381392e-01
3.736256855892531314e-01
4.206075460915500441e-01
3.278005337033203515e-01
4.324070043991223855e-01
5.186867057269526349e-01
4.303937655698014675e-01
4.574949645867624759e-01
2.185599762736234741e-01
1.924162082346275726e-01
1.781452529138317920e-01
2.344129429474072768e-01
2.038620911034766947e-01
2.865637179547991242e-01
3.500081124171012803e-01
3.799045004306016438e-01
3.984756330604407593e-01
4.518198493955748463e-01
3.904906602551409533e-01
5.711544377591172283e-01
3.981505581774026914e-01
3.843537654589168073e-01
3.943303674111074408e-01
4.008309824050767523e-01
4.450233523389944268e-01
3.756704585257205076e-01
3.361312570334141214e-01
3.381341900396590550e-01
3.672585341543123660e-01
3.613144081171831834e-01
5.503810551175686294e-01
4.114356398678281068e-01
4.211889417852571205e-01
5.286549940102591716e-01
5.523744995878309139e-01
4.395733354714976282e-01
4.943106306631592228e-01
5.249277065210592452e-01
5.460243246721852017e-01
4.766809464395495022e-01
5.421169217038365185e-01
5.180270376770532703e-01
5.539856835911945998e-01
5.193587009813175337e-01
6.152393235031881069e-01
4.899321239866635258e-01
5.359501942500350946e-01
4.679174462932689238e-01
5.421264484055967614e-01
5.369967462279165993e-01
4.926200895792240964e-01
4.872855854001627018e-01
6.329398129234737880e-01
5.662854908758099270e-01
5.846544939012526809e-01
6.769897235431229232e-01
4.794873269440251828e-01
5.886385625026996360e-01
6.798177328900356642e-01
7.080509035486458602e-01
6.583471612586092592e-01
5.682902905859739118e-01
6.743202599775720563e-01
4.785373764424678544e-01
6.304587508535711704e-01
5.587888116786084991e-01
6.095196811775890344e-01
6.478948461796015801e-01
7.076948882606186597e-01
5.568868553953946199e-01
6.414979025588570805e-01
7.000176914810530837e-01
6.901970362166887085e-01
7.018027677957648924e-01
6.451043377591018091e-01
6.947384163624522602e-01
6.320496687464638441e-01
6.178861086978065797e-01
6.233245592331905227e-01
5.980025786219478334e-01
6.102298875416581891e-01
6.276080539584238949e-01
6.118354831820038697e-01
5.639768713364821107e-01
6.249300984441270579e-01
6.278064485664379690e-01
6.135377523052211179e-01
6.152463426725768292e-01
6.553494732611373497e-01
6.651281584615024167e-01
5.839277045478831196e-01
6.199691221652245954e-01
6.001936323005621077e-01
6.142528717202048183e-01
5.953057623807088694e-01
5.590587134236242317e-01
6.321304031077777941e-01
6.743957488908660647e-01
6.184940583412905646e-01
6.453064795127543274e-01
6.099858705282384941e-01
6.542281734649726399e-01
6.727414220608036732e-01
5.579087924084784600e-01
6.217852577804199310e-01
5.704788709817749659e-01
6.011148568913649015e-01
5.688393079634306293e-01
6.707750166731373254e-01
5.552188209457775692e-01
6.534326737216273884e-01
6.869684048874272753e-01
5.740912782256734070e-01
5.398188879231698989e-01
6.429921731079873970e-01
6.002429114181236924e-01
6.773432102717040770e-01
5.752525460738929786e-01
6.168945161532496391e-01
5.508258400864807225e-01
5.589404253151192270e-01
5.678431356477523506e-01
6.756651158686705072e-01
6.399751223227687635e-01
6.131781433816592131e-01
6.446806783656678919e-01
4.978698967822508537e-01
6.399147979179752310e-01
6.724841018656859681e-01
6.514742038401716284e-01
4.961249184416053337e-01
6.059572474828991417e-01
5.758187261106308963e-01
5.687605625257529107e-01
6.167635328076270795e-01
5.437929740331457484e-01
5.709565890730309290e-01
6.304586178937710006e-01
6.557222579189301293e-01
5.970995767572484514e-01
4.268313353104905561e-01
5.595585074142394033e-01
6.547300232472296200e-01
5.645087561991370961e-01
5.906315499209335851e-01
5.232721330434274565e-01
6.112732122396548062e-01
6.754803287168805737e-01
5.459390799647142467e-01
4.927136967690173841e-01
4.764100036281982975e-01
5.911927893464874462e-01
6.318371224580793255e-01
5.490902319593375935e-01
6.152073797230588337e-01
6.603972461469396205e-01
4.572898628828655498e-01
7.177611685644583739e-01
7.301939194214875917e-01
7.194465797867507506e-01
7.008548963939548182e-01
7.369690001151830705e-01
7.606456104324771372e-01
7.007163499208494128e-01
7.625497461489971762e-01
7.583936290677333325e-01
7.732258897568730083e-01
7.645559011728505494e-01
7.157879016353853041e-01
7.753513769441787717e-01
7.348451728714433528e-01
7.554713634954122181e-01
7.124637373061426526e-01
7.713900956898511740e-01
7.446521186519748925e-01
7.048399213372130712e-01
7.079100995049441014e-01
7.522398681524239406e-01
7.314405062888058584e-01
6.850786955126827449e-01
7.240228313527481419e-01
6.332363779449198260e-01
6.281722556468002372e-01
7.445361121070571686e-01
6.847139742772370141e-01
6.886028792885494632e-01
7.318510938238973473e-01
7.155777361307347206e-01
6.779665326009632897e-01
7.144780880398390321e-01
6.586327436008780900e-01
7.172965992934614565e-01
7.059116287342755980e-01
7.010950453921425130e-01
6.995795225764888103e-01
6.829381193650413406e-01
6.751428719008003565e-01
6.950942712387672140e-01
7.123788273757506451e-01
7.392951527768902853e-01
6.833740600615084704e-01
6.741313153769143973e-01
7.085926524102815760e-01
6.678488611249832063e-01
7.129420673081410254e-01
7.105260993879158882e-01
6.104539196602263296e-01
6.195766023649972309e-01
6.340878351296432847e-01
6.036335870517963720e-01
6.395168813283681475e-01
6.401838074574008886e-01
6.498299736570556373e-01
6.580329419590505990e-01
6.621835270282886432e-01
6.623394448784755140e-01
6.418563982718973326e-01
6.541859568277803572e-01
6.516301086372171536e-01
6.513256914389340402e-01
6.179469912480289873e-01
6.872458303015740455e-01
6.533931863822228792e-01
6.496350560807667707e-01
6.241479785549509662e-01
5.956299733112455641e-01
6.359248623874302897e-01
6.256153249979512498e-01
6.169951974684495521e-01
6.323962335447524952e-01
6.396837451870917013e-01
5.887327879285844112e-01
6.519637504927849880e-01
6.331591980404954745e-01
6.426425238343033142e-01
6.722883223920133045e-01
6.617716751711893997e-01
6.550063824383739464e-01
7.035442418642660067e-01
6.543982338925636855e-01
6.350937477392029074e-01
6.945478495620518444e-01
6.966150364715426591e-01
6.286085211326296607e-01
6.552880659905255811e-01
6.013058253026833944e-01
6.374670078604161017e-01
6.761491886785212513e-01
7.158903578522775035e-01
6.961654218704730335e-01
6.448110717801631697e-01
7.119735926676994398e-01
6.613369854400569237e-01
7.088901836455419048e-01
6.981923835589334271e-01
6.898773330535409309e-01
6.301062549714020466e-01
6.338225939601168646e-01
6.207465429833596282e-01
5.992547441258357921e-01
6.531170211812815651e-01
6.316500159916534907e-01
6.237578041189636435e-01
6.345400810615361431e-01
6.242172817627368309e-01
6.326624581583597529e-01
5.510779447609328585e-01
5.821885381387351677e-01
5.235181973264079192e-01
5.704621668867106976e-01
6.467175623167243925e-01
6.586503450655257774e-01
6.801502816734094070e-01
6.188492194676172842e-01
6.847680135995986017e-01
6.337359588401564325e-01
6.336995644308009989e-01
6.613204233594233150e-01
6.660733160585649015e-01
6.736212034709608831e-01
6.000684150091050162e-01
6.931713651136537369e-01
7.382863775202922474e-01
7.645015551961412692e-01
7.703794291429008068e-01
6.534408981028068109e-01
6.540783161634782239e-01
6.429393225637710652e-01
5.673934615672899806e-01
6.788806253728224549e-01
5.440697982740517746e-01
6.303996594682846899e-01
7.551125185459308664e-01
7.185261070371627978e-01
6.620405447131396670e-01
6.263589615824030066e-01
7.584905370225281107e-01
7.299286627530185978e-01
5.983285352733770379e-01
7.667271133607583833e-01
6.756800093593855472e-01
6.419198759076022442e-01
6.920214023315911511e-01
6.634740845986532021e-01
7.460111329247136602e-01
7.172499599585121510e-01
7.161619472010568588e-01
7.350603774964410420e-01
6.738297840957314655e-01
6.888047980103085832e-01
6.931810873949345586e-01
6.797479351025893513e-01
6.862130628731476500e-01
6.935727178675151761e-01
6.833696710706355093e-01
6.822034091600420735e-01
7.147460199551379789e-01
6.823250518675240128e-01
6.750014854495184347e-01
6.862877501156054993e-01
7.018978863168083837e-01
7.093577380261184562e-01
7.038742436417998460e-01
6.470577166802560232e-01
6.763622866456563409e-01
6.351026913644807204e-01
6.609568934590818179e-01
6.685554735461742837e-01
6.725417609922084150e-01
6.558475802477364835e-01
6.554546052766219155e-01
6.528351384562961490e-01
6.642002071443068312e-01
6.639391284994271558e-01
6.668828418862536855e-01
6.702807574278695224e-01
6.673525637088350004e-01
6.405966225839191397e-01
5.780815059925125121e-01
5.859227371009352314e-01
6.533083633232572573e-01
6.054069437190889857e-01
6.227214523750275177e-01
6.906743777200060608e-01
6.808907865917549485e-01
6.376477393708211983e-01
6.822518321955992615e-01
6.973890705591524464e-01
6.758566904963329014e-01
6.475455997873954539e-01
6.912736329957072101e-01
7.518931622670814718e-01
5.883702436470918951e-01
6.229742021936729435e-01
6.355581375333972938e-01
6.707296175091216339e-01
6.334830787127061491e-01
5.844675018231081376e-01
6.257558222170321871e-01
6.444280685543348763e-01
6.356229021736174989e-01
6.754178835202694353e-01
7.304565946634596907e-01
7.093063983293116381e-01
6.495322997151409261e-01
6.963637249384365679e-01
7.008579825471040747e-01
7.057256229336683617e-01
6.729381840924498759e-01
6.543112689792269787e-01
6.633909814349520095e-01
6.336652435161361785e-01
7.307557860888254098e-01
6.613861577362897259e-01
5.853679278911265715e-01
3.665018428996199562e-01
6.431810542966768240e-01
6.397209966186739871e-01
6.103519094859024552e-01
5.396596012993123415e-01
6.168949586085565873e-01
6.523835836180260639e-01
6.161646059245374785e-01
6.711288198207679967e-01
4.881867209390518547e-01
6.483752772224736782e-01
6.341238905970496553e-01
6.514644438787879910e-01
7.190588526289841687e-01
5.860207566344943775e-01
6.437094552547774073e-01
6.653521341150465673e-01
6.349738358751499945e-01
6.993511841658445194e-01
6.796335591930304787e-01
6.403202544127294393e-01
6.075540131276540023e-01
4.792874763068197819e-01
6.049923436554817124e-01
3.883306030505531137e-01
6.399758109063866662e-01
6.546975317743525258e-01
6.025755192376150982e-01
6.237985725048684760e-01
7.432637667508518176e-01
4.974440019301253901e-01
5.982616319206540689e-01
7.635778280616085656e-01
6.923707846764515228e-01
7.217071063434288281e-01
7.143659656982964679e-01
5.070148440762812792e-01
7.120370135847358117e-01
7.544254754025614407e-01
6.282364382394213242e-01
5.204680528881300283e-01
6.614441517655917924e-01
5.064349851358992405e-01
5.420508839860744832e-01
6.448747635895415442e-01
6.792132187482231576e-01
6.484572488415574210e-01
5.672672401695887379e-01
5.432200907278946778e-01
6.859126826663679566e-01
6.993618800369757471e-01
6.477366900344455614e-01
6.231184756317695861e-01
6.379588234770727784e-01
6.007545798710469676e-01
6.644735459668923427e-01
6.613507455359332043e-01
6.668704357072511302e-01
6.249838653081665196e-01
6.169876297357574924e-01
6.073472024634033462e-01
6.352707199189422393e-01
6.294702897079942350e-01
6.439055525671828484e-01
6.474916349717309005e-01
6.467535948351483821e-01
6.643716012805261917e-01
6.688912656562642223e-01
6.339768866411926718e-01
6.341382708908520627e-01
6.393571862295371888e-01
6.584991657253023156e-01
6.402719548468409627e-01
6.053678349979898510e-01
5.468664640466285309e-01
5.796395553214487295e-01
5.256144962043500790e-01
5.437377610322057242e-01
5.710130138363842534e-01
5.632052363157934449e-01
5.548794946032499231e-01
5.716222636071462970e-01
5.653615880746047928e-01
5.403123489118394351e-01
5.869213742221008889e-01
5.684927035615167101e-01
5.715306535633701834e-01
5.756341698908662430e-01
5.699703344638649138e-01
5.449756875210707285e-01
5.686657402116507276e-01
5.692218900463805742e-01
5.496026211674427397e-01
5.532495720866081879e-01
5.660118715262092426e-01
5.211436582360580161e-01
5.635101818427430409e-01
5.672072048290573987e-01
5.291899281663514643e-01
5.618224130272237993e-01
5.847807713599646462e-01
5.619356166659452700e-01
5.701247641524435084e-01
5.595776397697644899e-01
5.836509674747579757e-01
5.589860143075997545e-01
5.711298756664301424e-01
5.724800658102017215e-01
5.898200087417109216e-01
5.679821748278816029e-01
5.766444878017399356e-01
5.740953747488012349e-01
5.955291641513644763e-01
5.901116911098961415e-01
5.735591389683097896e-01
5.768492982142705561e-01
5.803436918872615369e-01
5.706793075519882574e-01
5.920927283107206840e-01
5.772970482294464967e-01
5.853806588035825875e-01
6.155054600103293527e-01
5.784975114406158969e-01
5.668926454419078720e-01
5.592384347174690351e-01
5.541051310274317521e-01
5.528620349188466676e-01
5.598527807851877425e-01
5.357021038721131445e-01
5.456333634386980602e-01
5.337080302781394003e-01
5.324978115728559169e-01
5.600883655396636795e-01
5.564872183029455632e-01
5.519197263211873539e-01
5.640872036092041686e-01
5.277596189347918409e-01
5.710516671862539972e-01
5.490772188436527923e-01
5.441082789516151763e-01
5.632208814342737346e-01
5.270310503959374504e-01
6.133048031811609846e-01
5.429762688164406770e-01
5.278368101382002742e-01
6.039083792131242356e-01
5.698018595393132824e-01
6.420979057685889391e-01
6.564016243873463941e-01
6.483197554497093229e-01
6.157772849293050577e-01
4.712609206088247404e-01
6.460344186845733416e-01
6.196422489050519289e-01
6.493824869695709046e-01
7.510652589745832053e-01
7.388286372711588834e-01
6.304659881906112817e-01
4.226250077589484011e-01
6.644130804750189023e-01
6.539606876583751172e-01
7.363831709117110158e-01
6.192365420991925440e-01
6.953607741650651430e-01
5.822849552011342134e-01
6.325281288843761507e-01
7.152449717921507411e-01
7.058228587548681654e-01
6.832627434563403046e-01
6.971110492510508294e-01
5.013185679385180338e-01
5.530032781608961168e-01
5.397717805961667059e-01
5.615127264813634111e-01
5.901448924078023239e-01
5.724146044985396475e-01
6.160824261894402021e-01
6.069923065884793578e-01
6.104272482495477492e-01
5.625286019914527147e-01
5.942841834340218954e-01
5.941484362611986203e-01
5.761622584189701746e-01
5.957200445938652944e-01
6.284020326874484308e-01
6.122409367663560475e-01
5.620440894413828437e-01
5.381487239900061281e-01
5.599453583006102075e-01
6.016088643110147904e-01
6.527773575807968021e-01
5.616700465015339594e-01
5.209473841368763569e-01
6.839473825791522188e-01
5.810382565113966225e-01
5.927367610109534057e-01
5.557963576945624817e-01
5.771578263791287133e-01
5.281195914687231152e-01
5.539017291714639635e-01
5.381041038278601141e-01
5.396870390840097231e-01
5.515798841708582367e-01
5.278648431207068059e-01
5.885704917032625882e-01
5.899871421254309078e-01
6.039420592142235034e-01
4.551731471300627940e-01
5.531742055893915655e-01
5.143906612649168375e-01
5.515254245296106195e-01
5.547919820802407198e-01
5.253128582294971372e-01
5.426757352946695034e-01
5.752550632973343347e-01
5.580882809664980959e-01
5.619991677515659978e-01
5.523688682738178146e-01
5.878070803397545951e-01
5.518170242908710943e-01
5.602501872689488183e-01
5.490689536168642526e-01
5.356760228704762206e-01
6.427861277867392698e-01
5.996469085150573086e-01
4.175728457263822579e-01
3.521759377777778366e-01
4.426448355171974658e-01
5.124516468107637168e-01
5.140000681195902033e-01
5.140350576422246798e-01
5.486656643432955560e-01
5.599703480157166569e-01
4.469550800896436860e-01
4.789375115305102293e-01
5.505531841525856951e-01
5.326096189841968975e-01
6.417647692881229826e-01
5.782865843675105699e-01
4.613369472288700868e-01
5.434589260407987066e-01
6.405180867668102129e-01
6.413597146619329781e-01
4.498036623594239836e-01
6.324858309188519101e-01
6.035900287327606861e-01
6.201354722536875919e-01
6.392892447173992299e-01
5.763391125072169219e-01
2.712494566276542618e-01
2.654751013385679981e-01
4.579467669617894310e-01
4.236239527507195124e-01
2.157966318119411420e-01
2.480801279954528982e-01
1.769067953180747943e-01
3.981018301273457904e-01
4.241680241826590869e-01
3.633319844822456846e-01
3.025135814784048471e-01
2.874710299480244813e-01
3.438156853077094510e-01
2.787509701044335042e-01
4.253805679778717153e-01
5.173977669670467572e-01
4.273111143721228800e-01
2.650792743755376879e-01
2.578563236406618553e-01
2.482603560986159641e-01
3.122982800292545269e-01
3.465188374567969576e-01
3.627031953648932605e-01
3.687197303585623698e-01
3.253091719604636611e-01
2.066049840210532895e-01
7.053348048273295756e-01
7.327532489516990211e-01
7.412915099787644735e-01
7.004591815175559288e-01
7.634337839332734355e-01
7.188166016165271621e-01
7.265303011526902388e-01
6.735170029500447963e-01
6.926382235279412436e-01
5.037819184192886546e-01
7.090787630733499380e-01
6.072049481721992770e-01
7.517634874921865773e-01
7.621725566182009359e-01
7.382283286731167182e-01
7.805774824120329525e-01
7.324668132151210820e-01
6.785891726703918714e-01
7.472091134946603486e-01
7.389487645973646934e-01
7.457652202458077140e-01
6.378549728028805044e-01
7.085633420007505512e-01
6.782600765730599779e-01
6.878305751035883597e-01
6.689901541214018366e-01
6.707710501974059047e-01
6.770130185131324474e-01
6.768869471050377173e-01
6.925907035777076892e-01
7.034643627714813885e-01
6.468862391353912278e-01
6.715739226195184264e-01
6.541597579019251540e-01
6.932840874798948949e-01
6.702101951291927762e-01
6.892397241974086430e-01
6.943951894058825181e-01
6.866330818494699173e-01
7.020965132277134924e-01
4.652557184170780791e-01
5.202196117761594962e-01
5.207676983812581373e-01
5.557183771489547786e-01
6.139766268742861133e-01
5.536033819527554911e-01
5.579554834294345733e-01
5.130190814004460531e-01
5.278957228957794623e-01
4.752235530492681104e-01
6.144719022820164245e-01
4.906268624192482997e-01
4.968103497029734972e-01
5.604830660999893244e-01
4.954158807186860303e-01
5.885423666162069578e-01
5.895012325004799214e-01
5.261468899423086265e-01
5.482032222576641578e-01
5.687909627216753972e-01
5.565269023098377010e-01
5.460315601897549609e-01
5.753097668563588174e-01
7.037435036256445287e-01
6.012602153743876743e-01
6.355982856072657228e-01
6.891761063900022632e-01
6.280334822303068609e-01
6.454136248392829955e-01
6.904280647735376863e-01
5.645791667721310469e-01
6.404785087394576637e-01
6.211204175286000329e-01
6.029185919675446037e-01
5.701242565003434848e-01
6.788464050669813510e-01
6.466182747896919158e-01
6.818869880901259339e-01
5.831000423787202624e-01
5.763152786899176094e-01
4.159419519485140215e-01
5.960711832950477129e-01
6.410205107397060065e-01
6.474427918729159792e-01
4.730051652462755052e-01
5.656206220137007801e-01
6.108261246316414317e-01
6.106481684170240731e-01
6.052906849859495120e-01
5.931768686871700114e-01
6.446458040393947542e-01
5.991654481788011299e-01
6.148400048683408947e-01
5.931008668449981869e-01
5.726316222553258228e-01
5.966634182621805005e-01
5.379292089168414837e-01
