5.305483528855940017e-02
6.003813424692239914e-02
1.267043166576186861e-02
5.562366352161882133e-02
6.052054628167075068e-02
6.608662001930210028e-02
2.618925359833395444e-02
4.379980144160997013e-02
1.167183652018450313e-01
6.619886584974916770e-03
1.853664387509814477e-03
1.453910580070371938e-01
3.925404391330830633e-02
2.057260682608195307e-02
6.603872576605365752e-02
3.944752476025505626e-03
2.540844672239990151e-02
4.839698373525053859e-02
5.675466542757806598e-02
9.106351488815589423e-02
