4.118433462406596857e-02
4.403970546351172743e-02
6.646060942045367570e-02
2.083722744877058303e-02
8.219548795201361835e-02
6.489504751239262570e-02
5.315408992764755758e-02
6.096887191018400542e-02
2.175260250850055352e-02
4.718187857615056824e-02
5.770545366169987749e-03
7.113767602544929236e-02
3.388075432397777420e-02
8.601062584328723892e-03
8.319740555064593368e-02
1.985583952233280214e-02
6.162682852001413747e-02
2.976152097520505524e-02
6.705921688341370812e-02
3.849125537498727240e-02
2.898351662236402834e-03
5.081340307754529662e-02
5.590894190595646629e-02
6.646375946348229147e-02
8.664964407724899675e-02
