1.257190179282547948e-01
4.046623064232664213e-02
1.502613930430127948e-02
1.227600826227115832e-01
7.576913860056117000e-02
2.496764141632918654e-01
3.265343592131994543e-02
4.915176392702196029e-02
3.204891794536125493e-01
2.650209180217775670e-02
1.685924188420850900e-02
9.384527698961637743e-01
3.078374346136873718e-02
2.547571971122377169e-02
2.365763975811138176e-01
1.290232174410806121e-02
3.120881943579749407e-02
1.281423833236441934e-01
7.143565198647613967e-02
1.969350057253027586e-01
