1.929924088070216620e-02
1.581223515716966357e-02
4.690536383933993463e-03
2.027003834130933907e-02
1.691728610009113343e-02
2.693087136367840542e-02
8.626499806364646208e-03
1.293040247059842537e-02
4.151458033287404314e-02
2.614408274718963646e-03
6.911643017411491820e-04
5.963762315263933939e-02
1.134393082332985081e-02
7.802834172256007880e-03
2.540544544376377098e-02
1.814318567716665873e-03
8.374804939500418016e-03
1.611141227105520463e-02
1.713654023653024203e-02
2.933448122495442220e-02
