3.412913789003071963e-02
4.067951994945143146e-02
5.532571210627455771e-02
2.531416341039259207e-02
4.810668281522328255e-02
3.525530629069963118e-02
6.767808987349843708e-02
6.953906360918303553e-02
4.923651685992157245e-02
4.404278098985320300e-02
5.391580247331848562e-03
5.754358555302459960e-02
1.463070840270088400e-02
6.614400189582154976e-03
5.753335010125062987e-02
2.855127281752444304e-02
5.578818743651096923e-02
2.670379693818690156e-02
5.200540685521313350e-02
2.355168500600572992e-02
1.756419441283748814e-02
4.539101707504951400e-02
5.360576322131212212e-02
4.470748995232971812e-02
5.960441880166126444e-02
