3.384120608065842306e-02
5.607363293615678923e-02
3.048686349643869517e-02
6.800402321104739856e-02
5.631808898996058105e-02
6.357531851068537465e-02
4.211787485711686319e-02
6.370620329206451438e-02
6.700559019264561156e-02
4.345787962353830913e-02
1.356120486684975375e-02
6.033815423185527604e-02
5.419038864379686210e-02
4.716038740037239302e-02
5.792820074858087004e-02
3.507914439523304034e-02
3.490275888369136215e-02
5.202629378124840054e-02
7.115031767082834191e-02
6.544287323972901305e-02
