1.901382850207320938e-02
9.659905015193065436e-02
2.072994613026035368e-02
6.741817260490957919e-02
5.324002885076451613e-02
6.857591159366671629e-02
3.819686448758100733e-02
5.815306490135070672e-02
8.637889028803751035e-02
2.145062571554997438e-02
6.578258255316770352e-03
9.086680165871480197e-02
5.880105451675676081e-02
2.684846193770476508e-02
4.028739942174459215e-02
1.682688341412499899e-02
2.160837031917989953e-02
4.395827593923272436e-02
8.707409106079561090e-02
7.739402025030461818e-02
