2.135635477455600020e-02
8.130033748309244135e-02
5.153859536178850148e-02
3.502505391710310223e-02
8.366041779727328986e-02
2.761354657517393896e-02
4.923290484621457158e-02
5.477998581663087035e-02
1.630795223514437328e-02
7.776347777746028811e-02
1.498297849618214321e-02
8.189132711418628530e-02
4.020067902168727308e-02
3.468105540243142295e-03
1.059010548552286046e-01
3.463728504453707918e-02
2.344999078717918337e-02
2.133875419787562358e-02
7.751215007391540346e-02
9.953303861867658989e-03
2.038071671376237223e-02
1.883572768640722969e-02
5.446268732228824738e-02
8.881217212255879123e-02
8.756283158767100283e-02
