6.815090974029690447e-03
8.402527166645085144e-02
4.729269848060559805e-02
2.265292779428777423e-02
9.010186050633896271e-02
6.790533105850527634e-03
5.640624283998230820e-02
3.798849087798209651e-02
7.514852051218968119e-03
6.429908195032084384e-02
7.760543066614924469e-03
1.010504683818767707e-01
2.401738883402961683e-02
1.368399430592458568e-03
1.639705814339592893e-01
1.536965968320979162e-02
1.157250354161585247e-02
5.790471882694160979e-03
4.783251168300183681e-02
5.118237442649374060e-03
7.519899984262308837e-03
6.964660633048681306e-03
3.685251187679125517e-02
7.366709113513836282e-02
6.725802074344781889e-02
