3.428571428571447477e-04
3.949285714285712817e-02
7.142857142861114453e-06
2.928571428571391413e-04
2.207142857142840690e-03
1.692857142857140482e-03
1.857142857142890513e-04
8.571428571430006471e-05
1.337857142857143931e-02
2.357142857143057436e-04
0.000000000000000000e+00
4.011428571428573425e-02
7.142857142861114453e-06
0.000000000000000000e+00
2.557142857142846813e-03
0.000000000000000000e+00
0.000000000000000000e+00
2.142857142857224062e-04
5.714285714286670981e-05
2.285714285714224412e-04
