8.123018918558479184e-02
4.277195584944040729e-02
2.908383228124442055e-02
1.329532033641259436e-01
1.748727850408826612e-01
1.898791608088882532e-01
2.415589345221013165e-02
8.148011652628973922e-02
8.973607055011624534e-02
1.038802227554714019e-01
1.824531891891702229e-02
6.358657609633140417e-01
5.762003524310706226e-02
1.423136839058757042e-02
7.274570150699648241e-02
2.037958272610591870e-02
3.135610354114484744e-02
1.171835873147758500e-01
1.141804725234327605e-01
1.284955916027786804e-01
