1.465229001188968726e-02
1.606413884165929645e-02
7.879870840518362132e-03
2.193595233168870590e-02
2.112089535922095918e-02
2.039937476247442871e-02
6.552534483115019827e-03
2.244732191102943517e-02
3.269217645972994496e-02
1.068851721747613413e-02
1.421689186451992153e-03
5.250824887653756518e-02
7.585602449856600205e-03
1.850421099172402158e-03
2.253559036400078902e-02
2.238092618775249475e-03
8.224397697721437528e-03
1.795289645658726049e-02
2.461894789010475246e-02
2.400891177269532176e-02
