2.497543155822392474e-02
7.020219402284806620e-02
3.489004584089012984e-02
3.102791801198509156e-02
6.777154047093532363e-02
3.247549048797744586e-02
5.152216117576353949e-02
6.451863301789298455e-02
1.241146287441768914e-02
3.701961342546714745e-02
2.355268535512378136e-02
2.705373367109045399e-02
3.756450548622441987e-02
6.073293596038525227e-02
7.138918284640571876e-02
3.929048941984256138e-02
1.242625452472813710e-02
2.063863981767241271e-02
7.951222068880345328e-02
2.011005677354482657e-02
2.061330737826380655e-02
8.730583739717747219e-03
3.080114979613176804e-02
9.098235008072991237e-02
5.550777350146439415e-02
