6.009681421694617470e-02
5.598623329506138835e-02
2.587259800245748226e-02
7.015812786849361105e-02
3.992386677967958708e-02
8.957559742321742624e-02
1.145802844643044327e-02
2.834614673454906308e-02
3.626012011936071561e-02
1.280048270012366929e-02
6.486078378421243629e-02
1.072566140196518497e-01
2.996493229179311019e-02
8.600477177835044035e-03
6.415673976701066761e-02
2.321678653970884673e-02
1.095068043150126263e-02
4.964573407068690464e-02
1.158387505853789440e-01
9.503048574590149122e-02
