1.541258930289959340e-02
1.667885861466346722e-02
8.906005534054319689e-03
1.938044057403957160e-02
1.331685016105889179e-02
2.642130908585883786e-02
3.898133165237625472e-03
8.795112364585131945e-03
1.524261002510948065e-02
3.226855783963861104e-03
2.409678287508775288e-02
5.415762023332152536e-02
1.032609253481861326e-02
3.254523042412171916e-03
2.104436898715018878e-02
1.074678285484353089e-02
3.319972528977612608e-03
1.648394406223987335e-02
3.095023174175921474e-02
3.268570818579046716e-02
