5.682574242770380840e-02
5.551012384312396797e-02
4.716601479605911362e-02
4.465330902629378179e-02
6.250295502437619444e-02
4.161160757912261976e-02
5.789410326701482229e-02
6.125627103676255930e-02
3.558969403391427921e-02
5.116179948371902403e-02
1.486826213675171253e-02
8.174552958121500401e-02
2.222662583465100788e-02
7.319972856386885128e-03
7.534367393371017851e-02
2.099466984573884060e-02
3.591692582543072609e-02
1.936686301565963483e-02
6.200584333602847387e-02
2.392506292880825988e-02
1.327408808743419863e-02
2.277426470884327814e-02
4.680034184024783883e-02
6.746503419352650743e-02
6.189448562745963195e-02
