8.053375806127793801e-02
3.539987956343624426e-02
3.049337823290317398e-02
1.156771585287187792e-01
5.522462309697982047e-02
9.233518598493213603e-02
1.213643099305083441e-02
6.112773493962245924e-02
1.069058818928117771e-01
3.931221828908319782e-02
4.505006501254132587e-03
1.162976187320641647e-01
6.320738220952748510e-03
8.237465025239231950e-03
2.595096838456291757e-02
2.392120693400466916e-02
2.431211065801357901e-02
2.749485723553862782e-02
6.907960420361133891e-02
6.473417452194220323e-02
