2.857657662333772108e-02
1.206039288812834655e-02
1.008162829848256899e-02
3.355530502147383021e-02
2.282197880128828890e-02
2.750610532330261329e-02
4.876968547350001883e-03
2.883489276552556740e-02
4.041251903220360875e-02
1.265134386762341474e-02
2.249423487745992427e-03
5.148630481542883913e-02
3.039472071180073214e-03
4.038951355755326066e-03
1.109972278561303059e-02
1.065688607000608509e-02
7.879776542553961621e-03
1.429950286540251567e-02
2.371582622410784227e-02
1.985903806268212932e-02
