2.403529002155378180e-01
3.778463931326753178e-02
4.526423436999780364e-02
2.379586433645017873e-01
1.126872382375429804e-01
5.121448563032183765e-01
4.791860041528238356e-02
1.273334836077981980e-01
1.853643365627441475e-01
9.820602970851942393e-02
2.407967915416033694e-02
4.180432199574242724e-01
2.981168668060641888e-02
2.006648000047999217e-02
6.523764734240171392e-02
6.151208664947269145e-02
3.782075886758850397e-02
5.921976736128157365e-02
1.850383095199585881e-01
1.253193276897456021e-01
