5.406446533912763475e-02
3.951932679103654922e-02
3.002106758832321504e-02
4.706169558878868509e-02
5.262585794864125394e-02
4.432748426239391248e-02
1.320188415884026439e-02
3.953953436366294816e-02
8.559439766905063696e-02
5.167970769250416346e-02
3.445523122201056380e-03
1.693409752573696303e-01
2.655404663705765791e-02
3.702640975439856763e-02
6.346361193207225582e-02
1.332232496309836839e-02
1.236274808598189154e-02
3.584108574881417209e-02
9.728083810662405129e-02
8.372701499001301839e-02
