1.770735239816138146e-02
5.824036992373925192e-02
4.698069090461243907e-02
5.020784950968938676e-02
6.415511180562882831e-02
2.649569779569452624e-02
4.628497066252206665e-02
5.494594613609227185e-02
1.028099367127332728e-02
5.880836768746056098e-02
6.474041149099538095e-03
6.764411346378640388e-02
4.805379935709051115e-02
1.623497481822484476e-02
8.302320128954204792e-02
2.365663218569396750e-02
3.838997309276519915e-02
1.971822891036496134e-02
8.731882803784481173e-02
2.187716380559931451e-02
1.057226287264680271e-02
8.238014630788190878e-03
6.038575532774997229e-02
7.775173991175668431e-02
5.765834534831152519e-02
