1.842857142857179473e-03
1.532857142857146915e-02
1.564285714285751317e-03
1.878571428571462710e-03
4.214285714285758919e-03
4.285714285718888745e-05
1.264285714285751181e-03
2.271428571428624286e-03
5.785714285714838034e-04
3.735714285714330889e-03
3.257142857142924976e-03
7.995714285714289327e-02
1.628571428571468126e-03
-1.071428571428167915e-04
5.471428571428615766e-03
1.642857142857612250e-04
-8.571428571426675260e-05
9.142857142857563346e-04
3.957142857142914236e-03
4.250000000000054082e-03
