1.617828816863164237e-02
1.052483218722134913e-02
8.991336050043385181e-03
1.531045280359315600e-02
1.259576053554276737e-02
1.363840886688010186e-02
4.339715025925955892e-03
1.223189372921686634e-02
2.614312665633724414e-02
1.730327933614754510e-02
1.184814183813769723e-03
6.341603162063089161e-02
7.660538304426978140e-03
1.302553677784033283e-02
2.141086788562463622e-02
3.682307371070902852e-03
3.548376197748484909e-03
1.261248043002032547e-02
2.530906435951426128e-02
2.537682687176819399e-02
