8.038375331449937322e-02
2.764210805015775499e-02
2.508836817751220957e-02
1.294932232597828248e-01
1.053798695418038389e-01
1.640100592137472835e-01
2.600105942972448167e-02
6.161849822617636308e-02
1.274901204707192814e-01
2.086863734201628573e-01
2.072917827682644459e-02
6.972074952265236991e-01
4.045116246831304690e-02
6.860052832138092971e-02
1.386116302702121439e-01
2.551993190321184823e-02
1.785399194860395194e-02
1.054248856350384345e-01
1.379636828063035281e-01
1.027593914065685898e-01
