2.714768693356625281e-02
4.385466230817326033e-02
2.188603576780083840e-02
5.795097205379307753e-02
6.045992420939261952e-02
4.619070024893929399e-02
6.491141558011591373e-02
7.369186960366891359e-02
7.107097577765605911e-02
3.301322041690714360e-02
8.467398833694819021e-03
8.825624116680237663e-02
4.272330432282937102e-02
3.098776830916733296e-02
6.272737871257570708e-02
3.779360179361584277e-02
2.800353116956228947e-02
5.981599771281910505e-02
6.945319196260260619e-02
6.224248269902444425e-02
