1.462421184174382549e-02
2.847121118623735514e-02
6.374519236521319909e-02
8.508673271301387189e-03
5.638236105890216676e-02
3.784807415285263051e-03
6.940009611053483962e-02
9.167506075442330080e-03
7.717097031019298781e-02
1.467860231601090214e-02
2.293082784899013078e-03
7.516366457023514192e-02
1.468074342778535012e-02
1.739560359425766992e-02
1.330750383029757344e-01
1.319007110431899901e-02
4.362270653042835816e-02
4.214429943217955915e-02
2.513520973968101299e-02
4.382826180886510714e-02
9.028316787410155947e-03
1.397964601677897413e-02
8.217298349196103247e-02
7.660051668171563577e-02
6.175622377564402715e-02
