7.640690424126577937e-03
1.252427565930184020e-02
3.906854834969479377e-03
1.476422796577337229e-02
2.521072198638000736e-02
1.463947403752771485e-02
1.930324572924807178e-02
2.283128182713929991e-02
2.704706610989934118e-02
7.358944605509719697e-03
2.177496783684229175e-03
5.784301989848904257e-02
8.317759997591675156e-03
6.985006862863549909e-03
1.601549825532643315e-02
9.827030527289136452e-03
5.314246482870969672e-03
3.461992961403157626e-02
1.921325793547004959e-02
2.668063216270191024e-02
