6.364667031859727597e-02
4.592656622779220377e-02
1.680548218517444875e-02
1.051804358058548716e-01
1.133206743689594148e-01
9.011329210448222604e-02
9.631768800429077459e-02
7.395661259345284733e-02
1.887161959213362328e-01
3.300520380758830558e-02
2.471573564021906436e-02
7.672204781484482927e-01
6.991161734240876335e-02
4.441323367590022803e-02
9.061980711119643761e-02
4.943115619736647426e-02
1.792294718803080777e-02
2.763273622904243165e-01
1.081951214217019702e-01
1.283852071545990847e-01
