2.147331934591520039e-02
2.239436256784212501e-02
4.855090218920730949e-02
7.087761276976909004e-03
4.380295806723361052e-02
5.980501727870739422e-03
1.127324526903030477e-01
5.960382685121688728e-02
3.178468118311780083e-02
2.360558501229235301e-02
1.431167003479753711e-03
4.779142740538119133e-02
6.492606864604517046e-03
5.252190337964200359e-03
1.282716770056236133e-01
3.391806863680207201e-02
3.532853545611183005e-02
4.664721228753816035e-02
4.418176246347348124e-02
1.743518525862969293e-02
4.783091124015200618e-03
5.880332274720574681e-02
5.285379174556852078e-02
6.365692971841363512e-02
7.613668103321245828e-02
