4.160112029842094605e-02
5.700222866101169877e-02
1.443787990470297121e-02
6.369184887355874847e-02
6.640672776240315323e-02
6.492103992271350266e-02
4.593582678567220690e-02
5.933377025127749976e-02
4.459292749227355968e-02
3.135463822030547243e-02
8.877560639747743981e-03
6.789785872230304220e-02
8.071226856793536908e-02
4.386717204764919303e-02
4.983586546314521665e-02
3.230698500301467518e-02
6.422529560233404544e-02
5.489621120073514410e-02
7.510747176734380859e-02
6.735853142574708963e-02
