4.418732365289454456e-02
1.877432613380503046e-02
5.132541191592863983e-02
2.536084278978710527e-02
4.741604798238856916e-02
9.576231965746979935e-03
5.806164267682287217e-02
5.653988101356085400e-02
2.256119070232206689e-02
3.470487154571257754e-02
5.380477296480551744e-03
4.899789680558608307e-02
2.035450736959939361e-02
8.231310494589296964e-03
6.060390144165684473e-02
2.054848792319842118e-02
5.762584560991336480e-02
5.072231711288633510e-02
6.214379939891714888e-02
2.598284130493394573e-02
2.573364753841898486e-02
4.890336967432270393e-02
4.705291908503132087e-02
5.955381679638101222e-02
6.032532632422979435e-02
