2.168936346251952932e-02
8.445421318683798972e-02
4.921362759617360638e-03
5.391603999994312030e-02
7.276498080750801178e-02
9.453590969463508686e-02
2.001744350447160620e-02
7.807128929191127498e-02
5.735191217188639889e-02
9.079931331900220268e-03
4.170893672397726210e-03
8.057275677440044193e-02
4.153408808366498839e-02
2.467868376289094126e-02
5.380263220720616496e-02
8.518906186581682097e-03
3.995284678129967099e-02
4.104783950495174971e-02
9.308716213528922534e-02
1.158317446800867789e-01
