5.779847191662916724e-03
4.641797855245627380e-02
1.155251530793827697e-01
2.659169826103910048e-02
9.640365791887157976e-02
3.643020949334450226e-02
1.004009265023988046e-01
8.555110357575228253e-02
2.883046119091105947e-02
9.510656815687790200e-02
3.889360688957271134e-03
5.363451982927387729e-02
1.853667283867090065e-02
1.090693564107893428e-03
5.057822607438239998e-02
8.035739479963557039e-04
1.824454486525368957e-02
1.221973271623126578e-02
3.626494948837798160e-02
3.331435224504981224e-02
2.077614332229931263e-03
1.176561942975422499e-02
1.199596458020894992e-02
5.087751641075331788e-02
5.766905506605505410e-02
