4.500009332454686650e-02
7.200361954420364530e-02
4.264234625862037970e-02
6.628283968452018671e-02
6.666739807575881860e-02
7.040755375772371483e-02
3.942073431238204279e-02
5.941272284567292172e-02
7.743963903208293809e-02
1.436020419366516691e-02
6.942049729189180007e-03
6.222096354240030242e-02
2.497708568364156653e-02
5.175881732090509280e-02
5.152138724193030400e-02
1.943995723080236063e-02
4.833839095720979945e-02
5.481809668740340175e-02
6.167459719124863959e-02
5.247351825670227427e-02
