8.942262160404378449e-03
2.950839435463759389e-02
9.672309555632139719e-03
1.887586482314650149e-02
3.365232137304072224e-02
3.607869392304480227e-02
1.418578152824563100e-02
1.789368988406694200e-02
3.932501368183669022e-02
2.404304930664184076e-03
1.348884417981654777e-03
3.359659120715131203e-02
4.203748442378102239e-03
1.344601467014838563e-02
1.220100931208142024e-02
3.907551511551690324e-03
8.815190502827634222e-03
1.989544649565829285e-02
2.322951324059243164e-02
2.549652964867134275e-02
