4.698074373802348103e-02
8.396091688230475358e-02
4.333514529906939972e-02
6.634643175029754369e-02
1.582978465657577105e-01
4.286743545428706725e-01
4.718851065218108987e-02
1.294550949146620333e-01
2.709113058137252450e-01
1.484860396616366658e-02
2.264398191980607211e-02
4.661297741967023178e-01
2.319015974003305752e-02
7.592015852582138791e-02
3.826171243774999231e-02
1.958764461066855173e-02
4.516977475263194569e-02
1.531974531157746233e-01
1.389077352774414909e-01
1.187125005621105234e-01
