2.271321650857905522e-02
4.381096376778559343e-02
4.631116464577076514e-02
2.685867934016587452e-02
1.081655762506402579e-01
1.691146486318257855e-02
1.014916371867241041e-01
8.496969049524095985e-02
1.064067380257825539e-02
3.478581270499790656e-02
0.000000000000000000e+00
5.934119921928848740e-02
7.877670027349835749e-03
2.574621582231222464e-03
6.634367702407005518e-02
2.501418968729382172e-02
4.257461083833511545e-02
2.244509400548103453e-02
4.193960530068473885e-02
1.688469426798165987e-02
2.441152548757757543e-02
2.861655841721718121e-02
4.003910499202505829e-02
5.724777009960706903e-02
6.803079948519188958e-02
