2.525930536598297929e-02
5.576255313393116420e-02
3.550181128254790291e-02
6.288242024007055508e-02
8.342198321108271197e-02
7.226008669695950515e-02
6.537732730225588595e-02
8.141325707275913481e-02
5.542152047177664742e-02
7.181718553287799386e-03
1.809264373983251323e-02
9.121863553784084755e-02
6.388888416988593166e-02
3.602705615532717648e-02
5.488228757781529743e-02
3.601562571744041513e-02
3.796450599386981539e-02
5.818495312573719602e-02
6.848144869182716532e-02
6.688857790513266788e-02
