1.431602700253062008e-02
6.783712555143014966e-02
1.816519836460177284e-02
6.268288557978979325e-02
9.396883525786370317e-02
8.853219384232735578e-02
4.754093446113990401e-02
9.116638947458756415e-02
4.344714694492404078e-02
3.119027441561004685e-03
6.033767297923118243e-03
1.065045333876575989e-01
4.779455404930881002e-02
2.079309783570560191e-02
4.495958894206825845e-02
1.612895316938363355e-02
2.155558739223183834e-02
4.375083849706439681e-02
6.515641807549793496e-02
9.654689743240292554e-02
