4.772145398362822970e-03
1.730532228325880328e-02
6.218171098221857498e-03
1.623768556271424149e-02
4.281571206390246548e-02
3.327276274358436509e-02
1.374601426308129544e-02
2.718837333436007614e-02
1.352179182951040656e-02
8.257991711703453665e-04
1.692044438557594940e-03
3.738469396954818141e-02
1.301890454874386933e-02
8.109646563261527566e-03
1.427325844180164782e-02
5.734625712073456762e-03
7.263378844039177114e-03
1.533009091785107400e-02
1.768865066346871420e-02
4.366589683687274043e-02
