3.886746024125870697e-02
6.184434895980944064e-02
2.715526984355659187e-02
9.578785266270042897e-02
3.523383107760197919e-01
4.511407558166273257e-01
5.523308096899615799e-02
2.142087751976318455e-01
6.388061011783766063e-02
1.512904564781872990e-02
1.876833785871264565e-02
4.229027829083944479e-01
7.088523611105823630e-02
7.071571934933572334e-02
8.592401790856413202e-02
2.244427328363764532e-02
3.176697344766397230e-02
8.724285957617934628e-02
1.197603442395630824e-01
1.967218731189748215e-01
