3.294601233607243052e-02
2.810674596530729832e-02
3.479080778625499165e-02
4.198092514944112841e-02
5.965383000952716869e-02
3.193738721899587463e-02
4.956722733924601859e-02
3.444954227949115905e-02
1.176361154376427513e-02
2.419875546927614113e-02
6.071669265841610902e-03
3.526690192084241254e-02
1.846546945163660136e-02
4.298689116207082134e-02
7.641888621644718493e-02
4.664738990160957610e-02
1.959588133320678063e-02
4.767832349489006805e-02
5.830518184866079201e-02
3.608133477462230343e-02
1.445660946366653099e-02
3.150326680792023964e-02
4.597230458722675883e-02
7.342717447602398195e-02
7.388909392830694811e-02
