5.353212101328960748e-02
5.841718381638735802e-02
3.845734446130964768e-02
7.561963500921334291e-02
4.369816011854593674e-02
8.342456132877948405e-02
9.798728484689539844e-03
3.004845070242762387e-02
1.617354209314217361e-02
3.559326614105341041e-02
3.118136940815184610e-02
1.280612003661351084e-01
2.513060863658839530e-02
6.936504403639605354e-02
3.886566845159360878e-02
2.700063134812041507e-02
1.958772778443033588e-02
5.268323465932400057e-02
7.108751354173654946e-02
9.227400859868556404e-02
