0.000000000000000000e+00
1.710714285714286589e-02
0.000000000000000000e+00
3.135714285714275105e-03
3.785714285714280930e-04
4.592857142857132043e-03
0.000000000000000000e+00
0.000000000000000000e+00
0.000000000000000000e+00
0.000000000000000000e+00
9.285714285716118171e-05
1.493071428571428050e-01
0.000000000000000000e+00
7.578571428571423234e-03
0.000000000000000000e+00
0.000000000000000000e+00
0.000000000000000000e+00
0.000000000000000000e+00
0.000000000000000000e+00
7.142857142857783072e-05
