9.406933728140293161e-02
5.758000708053723909e-02
1.681867392144345899e-02
2.144577572522007591e-01
8.982203052350959394e-02
2.166496865651139914e-01
2.032861922394947965e-02
3.721117272997963299e-02
1.893815840661271926e-02
8.961318215353675232e-02
3.658671975082627287e-02
8.734064613495255980e-01
3.239952391331610976e-02
1.541021417973310603e-01
4.019142112709351428e-02
3.676841954285262754e-02
2.329497765142339930e-02
9.434093547453768769e-02
6.735105322895174051e-02
9.552508055861722025e-02
