1.559502648507234308e-02
1.828232674172836081e-02
1.139853968252575386e-02
2.174468682032398500e-02
1.492391934332662484e-02
2.528912911444501990e-02
2.861368979317681187e-03
8.822022112231264757e-03
6.459884958770191650e-03
1.146136073160804354e-02
1.050659107651838974e-02
6.186235159749314122e-02
8.233262672395207094e-03
2.787220010438601001e-02
1.408967252286098121e-02
1.080105103660796567e-02
6.189137369555932668e-03
2.384884446997562885e-02
2.189457526668312642e-02
3.039902143027632675e-02
