5.292337910272033180e-02
6.986914685876154107e-02
6.358832291249820468e-02
1.911526875738030207e-02
7.283164959138282990e-02
5.301153067891152537e-02
5.282704322718954904e-02
6.747843450690066414e-02
2.736869576685861671e-02
3.917438916811923078e-02
1.260961239650822130e-02
6.880036572967603015e-02
3.826932049584474277e-02
4.114345090240667524e-02
5.127055689174445791e-02
9.192892286301410781e-03
2.985025750329044214e-02
5.615160499019607870e-02
2.047660640105415653e-02
3.652423960575745115e-02
3.011046208250081971e-03
1.768968254642974691e-02
4.654420495346853204e-02
3.245385202712916528e-02
4.104393510610681445e-02
