1.016537326062673385e-01
8.796780191646449976e-02
1.749085695493752396e-02
1.316419644971929537e-01
3.539424116255589919e-02
9.602219322621095843e-02
2.269870104051990162e-02
3.900365512043064975e-02
1.045827514991821694e-01
7.879770984691356062e-02
3.801560884394348389e-02
6.068723712742386811e-02
1.385313863623556171e-02
4.619943103151896713e-02
1.497458121055543490e-02
1.383921623054577311e-02
3.682593518091790454e-03
4.727779416737395990e-02
1.698210281450484443e-02
2.923468854913089873e-02
