1.606415864459170839e-01
6.783417942166905523e-02
3.140091100295079596e-02
2.750469168088974792e-01
5.199220386757729545e-02
6.752902152452853191e-01
3.172690666914703556e-02
5.132600241707407224e-02
2.560983273521519332e-01
1.402130761706298634e-01
3.784541876833708018e-02
1.302319144681665097e-01
1.932306074047137473e-02
6.908379472628362050e-02
2.514564774584585397e-02
4.587052287678430179e-02
1.070748752790680498e-02
1.152518402984782364e-01
2.848429804384055089e-02
3.680742636094258557e-02
