3.041714197560769356e-02
2.701909100303287806e-02
5.248880105373271779e-03
3.837003388722966951e-02
1.147034743306184039e-02
4.010715732279657164e-02
7.020901156610062123e-03
1.720207146705022422e-02
3.503942325337092850e-02
2.341253254117913254e-02
1.211799455846550647e-02
1.756229158635487161e-02
5.529601358344589553e-03
1.383304054961571709e-02
4.784504270971504970e-03
4.699810218105173257e-03
1.113635589152395461e-03
1.932278861190661959e-02
7.720289768580500429e-03
9.318040715926442785e-03
