2.791004158512720323e+00
2.541302287181995911e+00
2.630427470645792631e+00
3.401877446183953158e+00
2.991728840508806275e+00
3.537197284735812186e+00
3.194578644814090040e+00
3.038435665362035021e+00
3.460624082681017732e+00
3.574562744618395183e+00
3.349253913894324697e+00
2.975155944227005911e+00
2.926736790606653482e+00
3.010541523972602551e+00
3.521518774461839474e+00
2.789123654598825830e+00
4.364794826320939514e+00
3.344453277886497045e+00
2.966976516634050931e+00
2.828346685420743523e+00
2.886756971624266033e+00
2.782518957925636194e+00
3.119511374755381539e+00
2.696596746575342429e+00
2.729490276418786721e+00
2.989603718199608462e+00
2.799948018590998178e+00
2.673029293052837652e+00
2.553082191780821741e+00
3.214056384540117328e+00
3.473802898727984534e+00
3.079439823874755344e+00
3.259815313111546153e+00
2.964698507827788543e+00
3.069058830724070486e+00
3.534261863992172348e+00
3.025065741193737612e+00
4.467610995596868584e+00
3.720798679060665304e+00
3.205701137475537976e+00
3.910951259784735790e+00
3.438119190313111417e+00
3.621131971624266033e+00
5.148605675146771254e+00
3.648567453522504778e+00
3.167502446183953158e+00
4.367776113013698946e+00
3.803800758317025466e+00
3.351203216731898138e+00
3.878455234833659393e+00
2.805536020058708502e+00
3.339904904598825830e+00
3.037961717221135061e+00
2.817170682485322875e+00
3.364397321428571619e+00
4.604964224559687125e+00
2.928640227495107773e+00
4.052096073874755788e+00
4.133332314090019999e+00
3.920506665851271944e+00
3.298961900684931337e+00
3.148812071917808098e+00
2.704990215264187814e+00
3.024515349804305142e+00
2.792877018101761255e+00
3.103068431996085952e+00
3.387521404109588907e+00
2.664758133561643927e+00
3.122118089530332874e+00
3.308975966242661659e+00
3.062843994618395183e+00
2.656808035714285587e+00
2.881788160469667126e+00
3.257598458904109595e+00
3.481967037671232834e+00
2.943531372309197813e+00
4.640487402152642105e+00
2.629341976516633927e+00
3.412663588551859029e+00
3.708911753913894493e+00
3.502927776418786721e+00
2.714912548923678948e+00
2.333460738747553886e+00
2.973948140900195547e+00
2.477693860078277854e+00
2.233908696183953158e+00
2.667074363992172348e+00
2.532045009784735790e+00
3.015319227005870850e+00
2.639921722113502955e+00
2.591502568493150527e+00
2.860980308219178259e+00
2.923250978473581174e+00
2.856225538160469757e+00
3.459141083659491134e+00
2.791753302348336518e+00
3.661356409001956802e+00
2.354046905577299231e+00
2.515961350293542065e+00
3.760006421232876761e+00
2.729023972602739878e+00
3.030974804305283765e+00
2.899759968199608462e+00
2.616086717221135061e+00
2.772673067514677125e+00
2.580968688845401093e+00
3.015586778375733967e+00
2.840898666829745789e+00
2.996919337084148705e+00
2.400585555283757166e+00
2.904659980430528421e+00
2.567185971135029554e+00
2.659827544031311053e+00
2.593138454011741700e+00
3.200686460371819919e+00
2.867600293542074574e+00
2.875986117906066397e+00
2.743884540117417004e+00
2.327689273483366073e+00
2.549970951565557531e+00
2.451565557729941336e+00
2.547272504892367895e+00
2.517161509295498867e+00
3.178150990704501133e+00
2.655164505870841296e+00
2.633255870841487489e+00
2.478313050391389272e+00
3.106577177103718057e+00
3.569846196183953158e+00
3.395869006849315141e+00
2.825885212818004089e+00
3.139784124266144616e+00
2.656257644324853118e+00
2.368219483855185992e+00
2.854864848336594818e+00
2.840822223581213279e+00
2.607769691780821741e+00
3.417257827788649838e+00
3.270150440313111417e+00
2.061674412915851295e+00
2.198439028864970446e+00
2.336143896771037287e+00
2.046584515655577086e+00
2.221578400195694858e+00
2.003638698630136883e+00
2.078453705968688947e+00
2.050773605675146882e+00
2.105644569471624372e+00
2.846410225048923603e+00
2.605055956457925426e+00
2.451985995596869028e+00
1.873295315557729879e+00
2.598810543052837652e+00
1.862952544031311053e+00
1.859688417318982490e+00
1.810436032289628239e+00
1.982311032289628239e+00
2.207673373287671215e+00
2.252255075831702591e+00
2.305925880626223279e+00
2.200136068982387449e+00
2.015349804305283765e+00
2.395930161448140971e+00
2.149912854696673037e+00
2.140655577299412915e+00
2.109887169765166437e+00
2.386466487279843562e+00
2.324394569471624372e+00
2.089904904598825830e+00
2.301018224070450202e+00
2.265074608610567530e+00
2.372003424657534332e+00
2.622026357632094129e+00
3.095148911448140971e+00
4.144745291095890849e+00
2.930688906555773077e+00
4.106317270058708502e+00
7.648139371330723968e+00
3.844330968688845385e+00
3.123425269080234656e+00
3.304473458904109595e+00
3.009945266634050931e+00
3.049275318003914048e+00
3.452467588062622106e+00
3.924023055283757166e+00
3.383294092465753522e+00
4.371621208414873117e+00
3.371017306751467490e+00
3.151349987769080041e+00
2.668373899217221012e+00
3.609222113502935425e+00
3.083835310665361984e+00
3.188302654109588907e+00
4.073354941291585263e+00
3.503447590508806275e+00
2.714308647260273766e+00
3.475484650195694858e+00
3.135403926125244656e+00
2.584752629647749433e+00
2.922494190313111417e+00
3.176904965753424737e+00
3.130068187377690769e+00
3.451619068003914048e+00
2.919658145792563442e+00
3.489580785225049109e+00
2.941941352739726234e+00
3.255939640410959068e+00
3.056139921722113684e+00
3.489015105185909960e+00
2.817636986301369717e+00
2.732578583659491134e+00
3.517773055283757166e+00
3.337649828767123239e+00
3.761068982387475668e+00
3.139478351272015466e+00
3.526655760763209191e+00
3.088238441780821741e+00
2.875810298434442469e+00
3.005710310665361984e+00
2.734252690802348340e+00
3.450059625733855384e+00
2.748348825831702591e+00
2.281464041095890405e+00
2.856676553326810364e+00
2.607005259295498867e+00
3.057569410469667126e+00
2.727961411448140971e+00
2.723841120352250567e+00
2.892895364481408826e+00
2.968390716731898138e+00
2.999350232387475668e+00
2.829439823874755344e+00
2.861553632583170081e+00
3.706488502935420648e+00
3.352418664383561620e+00
3.835280088062622106e+00
3.317858671722113684e+00
2.636680528375733967e+00
2.676362218688845385e+00
3.064762720156555709e+00
2.763576320939334696e+00
2.600446428571428381e+00
3.192445878180039109e+00
3.129158512720156438e+00
2.565060848825831741e+00
3.313684870352250567e+00
2.611117906066536154e+00
2.987692636986301498e+00
2.990291707436399271e+00
2.618036020058708502e+00
2.692843383072407004e+00
2.529033145792563442e+00
2.406211778375733967e+00
3.202115949119373806e+00
2.463475415851271944e+00
2.825808769569471579e+00
2.119526663405088218e+00
2.724467954990215102e+00
2.774117844911937247e+00
2.856347847358121417e+00
2.738663466242661659e+00
2.983014310176125061e+00
2.661929733365949069e+00
2.499640716731898138e+00
2.797509478962818097e+00
2.596104452054794454e+00
3.263775073385518422e+00
2.574279904598825830e+00
3.352800880626223279e+00
2.352678571428571619e+00
2.782442514677103684e+00
2.618456457925636194e+00
2.643789750489236923e+00
2.709920804794520688e+00
2.322475843933463846e+00
2.604666095890411093e+00
2.336258561643835829e+00
2.654384784735812186e+00
3.193561949608610728e+00
2.608931629158512511e+00
2.929374082681017732e+00
2.647451382093933603e+00
3.588949363992172348e+00
2.394775868395303320e+00
3.124258500489236923e+00
2.922937561154598907e+00
2.745566291585127328e+00
2.270158084637964979e+00
2.662518346379647571e+00
2.653085249510763077e+00
2.952620474559686681e+00
2.987096379647749433e+00
2.412602433953033199e+00
2.447376467710371983e+00
2.547287793542074574e+00
3.179450525929549798e+00
2.415209148727984534e+00
2.990551614481408826e+00
3.000642123287671215e+00
3.097556873776908137e+00
3.857402764187866762e+00
3.367378608121330608e+00
2.954172272504892227e+00
4.293450342465753522e+00
5.053150990704501133e+00
4.137850110078278298e+00
3.768789750489236923e+00
4.891649339530332874e+00
3.563142123287671215e+00
4.077291768590997734e+00
5.621942270058708502e+00
5.005442759295498867e+00
4.431782045009784454e+00
4.873471135029354251e+00
6.358427103718199191e+00
3.325816413894324697e+00
4.264715325342465668e+00
3.611477189334638016e+00
4.687316536203522510e+00
3.633936215753424737e+00
4.839958414872798542e+00
3.820480675146771254e+00
4.211984772504892227e+00
4.168266878669276032e+00
4.038496819960861295e+00
4.204829684442270121e+00
3.718062010763209191e+00
3.797562989236790809e+00
4.349215692270059108e+00
5.290767184442270121e+00
3.446734344422700769e+00
4.127323874755381539e+00
2.890036386986301498e+00
3.134272566046966801e+00
4.516924535225048665e+00
4.414146587573385183e+00
4.458491316046966801e+00
3.763759784735812186e+00
3.779369496086105507e+00
3.493678143346379716e+00
3.998990949119373806e+00
5.211671355185909960e+00
4.314365215264188258e+00
3.292349559686888583e+00
3.666386374755381539e+00
4.549879219667318786e+00
3.718084943737768988e+00
3.532518957925636194e+00
4.694930283757338785e+00
5.035247981898239189e+00
3.683777213796477490e+00
3.299474070450097773e+00
3.815282534246575263e+00
3.195320144324853118e+00
2.760052287181995911e+00
3.668450342465753522e+00
4.144064946183952713e+00
4.364756604696673037e+00
4.244327910958904049e+00
3.308333842954990001e+00
3.394898177592954980e+00
3.079485689823874939e+00
3.723298373287671215e+00
3.465615826810175992e+00
3.829600354696673037e+00
3.202077727495107773e+00
3.495023544520547976e+00
3.208032656555773077e+00
3.073538405088062753e+00
3.178273299902152793e+00
4.265556201076321052e+00
3.758813906555773077e+00
4.685711227984344696e+00
2.938340875733855384e+00
3.845454684442270121e+00
4.031578705968688503e+00
3.488525868395303320e+00
4.075304244129158704e+00
4.676071734344422914e+00
3.961969483855185992e+00
4.036868578767123239e+00
3.970156555772994089e+00
4.485659246575342429e+00
3.802317759295498867e+00
3.780768407534246478e+00
4.031471685420743967e+00
3.031295865949119595e+00
4.041072957436399271e+00
5.203254953522504778e+00
4.730254708904109151e+00
3.600897443737768988e+00
4.467771526418786721e+00
3.865704500978473401e+00
5.000840875733855384e+00
3.926010579745597084e+00
3.487539750489236923e+00
2.889195511252446114e+00
4.303258011252446558e+00
3.862684992661447936e+00
3.998960371819960891e+00
4.796408696183952713e+00
2.790606653620352429e+00
3.304939762720156438e+00
2.316184564579256477e+00
3.135648544520547976e+00
2.976508989726027288e+00
2.934923862524462024e+00
2.585027825342465668e+00
2.814732142857142794e+00
2.326221563111546153e+00
2.521725171232876761e+00
2.764271954500978623e+00
2.162181996086105507e+00
2.555979390900195547e+00
3.227265777886497045e+00
2.989183280332681214e+00
2.878883317025440203e+00
4.827498165362035465e+00
2.713872920743639838e+00
2.719101638943248744e+00
2.942056017612524332e+00
2.625665056262231012e+00
2.636107204011741700e+00
2.195710004892367895e+00
3.488831641389432470e+00
2.945266634050880405e+00
2.882346196183953158e+00
2.988480002446184169e+00
3.203468994618395183e+00
2.601409613502935425e+00
2.695136680528375628e+00
2.630733243639921781e+00
3.238709332191780810e+00
3.134731225538160526e+00
2.786998532289628017e+00
3.065649461839530243e+00
2.787564212328767166e+00
2.614351455479452024e+00
2.800735384050880405e+00
3.174374694227005911e+00
4.078927654109588907e+00
3.604643162915851295e+00
2.710394752935420648e+00
3.002316230430528421e+00
3.258194716242661659e+00
3.630702666340508866e+00
3.675658940802348340e+00
3.503585188356164171e+00
2.882560237279843562e+00
3.357150501467710324e+00
4.453698324363991823e+00
3.394630626223091863e+00
2.920850660469667126e+00
3.264715325342465668e+00
3.499862402152641661e+00
4.259402519569471579e+00
3.384326076320939514e+00
2.947796905577299231e+00
2.752201565557729879e+00
3.436452727495107773e+00
3.249548984833659393e+00
3.662946428571428381e+00
3.581794275929549798e+00
3.706618456457925426e+00
3.832780393835616639e+00
5.351547211350293765e+00
3.469598520058708502e+00
4.255037610078278298e+00
3.013392857142857206e+00
3.263476944716242834e+00
2.861102617416829919e+00
3.647329072896281943e+00
3.388583965264187814e+00
3.168320388943248744e+00
3.195633561643835829e+00
3.333002079256360162e+00
3.627025746086105507e+00
3.213628302348336518e+00
3.121101394324853118e+00
4.339958414872798542e+00
3.464729085127201458e+00
3.459286325831702591e+00
3.323851822407045020e+00
3.352105247064579352e+00
3.430077360567514777e+00
4.281043603228963157e+00
3.863143652152641661e+00
3.056904354207436558e+00
3.069081763698630283e+00
4.893965569960861295e+00
4.278910836594912226e+00
3.824065863502935425e+00
3.231301981409001822e+00
3.231860017123287854e+00
2.958972908512720323e+00
2.726700097847358339e+00
2.683784858121330608e+00
3.857960799902152793e+00
2.708957619863013644e+00
2.874648361056751256e+00
3.125343994618395183e+00
2.989489053326810364e+00
2.989985934442270121e+00
2.462458720645792631e+00
2.857158145792563442e+00
2.986072040117417004e+00
3.409590569960860851e+00
3.292640044031311053e+00
2.814961472602739878e+00
3.057791095890411093e+00
2.948362585616438380e+00
3.198377874266144616e+00
3.011176002935420648e+00
2.712626895792563442e+00
3.343535958904109595e+00
3.108419459393346518e+00
2.922150195694716235e+00
2.618028375733855384e+00
2.316039322407045020e+00
2.845057179549902227e+00
3.063295009784735790e+00
2.924084209882582996e+00
2.332979146281800364e+00
2.462787426614481578e+00
2.368058953033268299e+00
2.705831090998043198e+00
2.712389921722113684e+00
2.506008439334638016e+00
2.544467037671232834e+00
3.217374021526418826e+00
2.596930039138943158e+00
2.668679672211350162e+00
2.678731959393346518e+00
2.682829317514677125e+00
2.874839469178082307e+00
2.433609038649706680e+00
2.987203400195694858e+00
2.554175330234833563e+00
2.581312683463796276e+00
2.540086839530332874e+00
2.245038833170254211e+00
2.582971501956947247e+00
2.153681506849315141e+00
2.712550452544031376e+00
2.630159919275929514e+00
2.794413527397260122e+00
2.520066352739726234e+00
3.848871697651663482e+00
4.135923740215264210e+00
3.951978351272015466e+00
3.985162365459882672e+00
5.140357448630137327e+00
4.396404109589041376e+00
3.772986484833659393e+00
4.499946489726027288e+00
3.194555711839530243e+00
4.408902580724070042e+00
5.217473397749510688e+00
4.208942331213306964e+00
4.577437010763209635e+00
4.734038649706457491e+00
6.059465203033267855e+00
5.881245413405087774e+00
6.505549779843444291e+00
4.183609038649706235e+00
5.692163038160469313e+00
4.236683586105675303e+00
4.946619679549901782e+00
4.635679121819960891e+00
3.464278069960860851e+00
3.498968016144814008e+00
4.060214346868884938e+00
3.975691046966731701e+00
4.384287854696673037e+00
3.700548862524462024e+00
3.397229696673189636e+00
4.335226577788649394e+00
3.986041462818004089e+00
4.366736484833659837e+00
3.574876161937377894e+00
3.966471991193737612e+00
4.115582191780822185e+00
3.958896465264187814e+00
3.565022627201565708e+00
3.625122309197651660e+00
3.929970340019569353e+00
3.758813906555773077e+00
3.994931812622309231e+00
3.501872859589040932e+00
4.014356042074363806e+00
3.839515044031311053e+00
4.086854818982387449e+00
3.115972052348336518e+00
3.668572651663405182e+00
3.781211778375733967e+00
3.838742967221135061e+00
3.660928326810175992e+00
3.541890900195694858e+00
3.228335983365949069e+00
4.610567514677104128e+00
3.439013576320939514e+00
3.491958170254402916e+00
3.757751345401174170e+00
4.327467588062622106e+00
3.773223458904109595e+00
3.898582742172211457e+00
3.889852923189824008e+00
3.072261802837573441e+00
3.519026724559686681e+00
3.772787732387475668e+00
3.947804549902152793e+00
3.909261863992172348e+00
4.258018896771036843e+00
3.444058830724070486e+00
3.845324730919765344e+00
4.654889310176125505e+00
4.659032534246575707e+00
3.452490521037181903e+00
3.152764187866927692e+00
3.779659980430528421e+00
3.803013392857142794e+00
3.421615092954990001e+00
3.812507644324853118e+00
3.769523605675146882e+00
4.234596685420743967e+00
3.601944716242661659e+00
3.326328583659491134e+00
3.285385579745597084e+00
2.989672517123287854e+00
3.484459087573385627e+00
3.564426369863013644e+00
3.472862646771037287e+00
4.096165606653620728e+00
3.976738319471624372e+00
3.359405577299412915e+00
3.181399828767123239e+00
3.637597847358121417e+00
2.957895058708414737e+00
3.638232326320939514e+00
3.700380687377690769e+00
3.223978718199608462e+00
3.683761925146771254e+00
3.699539811643835829e+00
4.270211594911937247e+00
3.562614664872798542e+00
3.728358916340508866e+00
3.152450770547945424e+00
4.161058280332681214e+00
4.006275990704501133e+00
3.694884417808219190e+00
3.652718321917808098e+00
3.675131482387475668e+00
3.249656005381604817e+00
3.695197835127201458e+00
3.003990337573385627e+00
2.769431873776908137e+00
4.110437561154598463e+00
3.422845829256360162e+00
3.896893346379647571e+00
3.958988197162426559e+00
3.305780638454011822e+00
4.031838613013698946e+00
3.481424290606653482e+00
4.194364603718199191e+00
3.224016939823874939e+00
3.565420132093933603e+00
3.568630748532289676e+00
3.657075587084148705e+00
3.150661998532289676e+00
2.990329929060665304e+00
2.927164872798434292e+00
3.349605552837573441e+00
4.231982326320939514e+00
4.788343933463796276e+00
3.823874755381604817e+00
3.106722419275929514e+00
3.540132705479452024e+00
3.469239236790606640e+00
2.931162854696673037e+00
4.533749694227005911e+00
3.015250428082191902e+00
3.523468077299412915e+00
3.488525868395303320e+00
2.950036692759295587e+00
3.427883439334638016e+00
3.116346624266144616e+00
3.356187316536203724e+00
3.127071612035225101e+00
3.353649400684931337e+00
2.950006115459882672e+00
2.760786142367905871e+00
3.793909001956947247e+00
3.569402825342465668e+00
3.230491682974559797e+00
3.309518713307240567e+00
3.611721807729941336e+00
4.000152886497065019e+00
2.657450159001956802e+00
3.175452544031311053e+00
2.437775195694716235e+00
4.052011986301369717e+00
3.050292013209393360e+00
3.450097847358121417e+00
2.994618395303326963e+00
3.690030271526418826e+00
2.992944288160469757e+00
3.132850721624266033e+00
2.858235995596869028e+00
2.586755442759295587e+00
3.279744068003914048e+00
4.377851333170254655e+00
3.675016817514677125e+00
3.427998104207436558e+00
3.041264065557729879e+00
3.251880503913894493e+00
3.905325036692759433e+00
3.002767245596869028e+00
3.278681506849315141e+00
2.566253363502935425e+00
3.106798862524462024e+00
3.458659491193737612e+00
3.401067147749510688e+00
3.326359160958904049e+00
3.305176736790606640e+00
3.452528742661447936e+00
2.609680772994129150e+00
3.858564701565557531e+00
2.854429121819960891e+00
3.385014065557729879e+00
3.811131665851271944e+00
2.775226272015655749e+00
3.327620474559686681e+00
3.512345584637964979e+00
3.042678265655577086e+00
3.843039077788649838e+00
3.641290056262231012e+00
3.120566291585127328e+00
3.540461411448140971e+00
3.248165362035225101e+00
3.427172517123287854e+00
3.254326687866927692e+00
3.119434931506849473e+00
3.395372125733855384e+00
2.652832986790606640e+00
2.448247920743639838e+00
2.662074975538160526e+00
3.239519630626223279e+00
3.286318187377690769e+00
2.690748838062622106e+00
3.400868395303326963e+00
2.913772015655577086e+00
2.755075831702543887e+00
3.350843933463796276e+00
3.284567636986301498e+00
3.339362157534246478e+00
3.854452054794520688e+00
3.028047027886497045e+00
2.951473825831702591e+00
3.163894324853228746e+00
3.108021954500978623e+00
3.092832681017612551e+00
3.226570144324853118e+00
3.144768224070450202e+00
2.942751651174168259e+00
2.994312622309197813e+00
3.345676369863013644e+00
3.298197468199608462e+00
2.385350415851271944e+00
2.143071183953033199e+00
2.359910102739726234e+00
2.208162610078277854e+00
2.576106898238747611e+00
2.251567086594911782e+00
2.290690741193737612e+00
2.048205112524462024e+00
2.461770731409001822e+00
2.232976088551859029e+00
1.951955418297455891e+00
2.246277213796477490e+00
2.411471073874755344e+00
2.114183280332681214e+00
2.382453216731898138e+00
2.626979880136986356e+00
2.639226088551859029e+00
2.225629892367905871e+00
2.380779109589040932e+00
2.243548189823874939e+00
2.147558402641878583e+00
2.309426981409001822e+00
2.425353167808219190e+00
2.915568431996085952e+00
2.502002813111546153e+00
2.018055895303326963e+00
3.520639677103718057e+00
3.994656616927592996e+00
4.152427837573385183e+00
3.720943921232876761e+00
3.579959637964774899e+00
4.872393285225048665e+00
4.621659430039138705e+00
5.776579317514676681e+00
4.109810726516633927e+00
2.952177103718199636e+00
3.410423801369863117e+00
2.573293786692759433e+00
4.216831274461839918e+00
4.008699241682974979e+00
3.483450036692759433e+00
3.780997737279843562e+00
3.175085616438356073e+00
3.393827972113502955e+00
3.701221563111546153e+00
3.518812683463796276e+00
4.188715447651663482e+00
5.775157473091976357e+00
4.765502690802348340e+00
4.538733794031311497e+00
7.769821734344422914e+00
5.005297517123287854e+00
5.587695694716242834e+00
7.517788343933463402e+00
4.983297150195694414e+00
5.768017673679060486e+00
5.408505075831702591e+00
4.184663955479452468e+00
4.524293664383561620e+00
4.109841303816047287e+00
6.982700892857143238e+00
4.764501284246575707e+00
5.692254770058708502e+00
5.956962451076321052e+00
5.980613992172211013e+00
4.717633928571428825e+00
4.218146098336594818e+00
3.680451932485322875e+00
3.204951993639921781e+00
3.635480369373776721e+00
4.035760151663405182e+00
3.811995474559686681e+00
4.455769936399216924e+00
7.748173006360078219e+00
5.446061643835616195e+00
4.525914261252446558e+00
3.147642490215264210e+00
2.972511007827788543e+00
3.593436582681017732e+00
3.919665790117417004e+00
3.572598153131115506e+00
3.605323507827788543e+00
2.945541829745597084e+00
3.665308524951076397e+00
3.448179121819960891e+00
3.431453339041095951e+00
3.338849987769080041e+00
2.525501467710371983e+00
3.603160163894324697e+00
4.294069532778864939e+00
3.905409124266144616e+00
3.975133011252446114e+00
3.552975171232876761e+00
3.747202177103718057e+00
3.438730736301369717e+00
3.465715203033268299e+00
3.287678877201565708e+00
3.654216609589040932e+00
3.578277886497064575e+00
3.050345523483366073e+00
3.829218138454011822e+00
4.105912120841487045e+00
3.415155638454011822e+00
4.350821000489236923e+00
2.625573324363992267e+00
2.493517612524462024e+00
4.971073874755381539e+00
3.269424229452054576e+00
3.116744129158512511e+00
3.142031555772994089e+00
2.912212573385518422e+00
3.340684625733855384e+00
3.147604268590998178e+00
2.725071856653620284e+00
2.757407350782778988e+00
2.922081396771037287e+00
2.379739481409001822e+00
3.228443003913894493e+00
2.998218872309197813e+00
3.078759478962818097e+00
2.793144569471624372e+00
2.639004403131115506e+00
2.656020670254402916e+00
