1.586914062500000000e+02
1.157656250000000000e+02
1.149335937500000000e+02
1.166328125000000000e+02
1.049218750000000000e+02
1.183515625000000000e+02
1.163984375000000000e+02
9.299218750000000000e+01
9.037890625000000000e+01
1.318945312500000000e+02
1.179023437500000000e+02
1.207109375000000000e+02
9.226562500000000000e+01
1.277851562500000000e+02
1.072539062500000000e+02
9.962890625000000000e+01
7.308593750000000000e+01
1.287148437500000000e+02
7.937890625000000000e+01
1.220742187500000000e+02
1.116210937500000000e+02
1.201210937500000000e+02
9.214843750000000000e+01
1.303632812500000000e+02
1.463242187500000000e+02
1.246015625000000000e+02
1.420507812500000000e+02
1.254765625000000000e+02
1.318085937500000000e+02
1.138945312500000000e+02
1.095859375000000000e+02
1.210703125000000000e+02
1.287421875000000000e+02
1.344804687500000000e+02
8.696484375000000000e+01
9.337890625000000000e+01
1.230820312500000000e+02
1.149609375000000000e+02
1.366406250000000000e+02
9.947265625000000000e+01
1.207304687500000000e+02
1.181679687500000000e+02
1.047851562500000000e+02
9.719531250000000000e+01
1.299609375000000000e+02
9.855468750000000000e+01
9.981250000000000000e+01
1.149882812500000000e+02
1.180390625000000000e+02
9.605468750000000000e+01
1.141562500000000000e+02
1.017734375000000000e+02
9.801171875000000000e+01
1.486914062500000000e+02
1.193320312500000000e+02
1.086679687500000000e+02
1.172617187500000000e+02
1.023828125000000000e+02
1.147734375000000000e+02
9.741796875000000000e+01
1.183515625000000000e+02
1.088437500000000000e+02
1.359296875000000000e+02
9.537890625000000000e+01
9.288671875000000000e+01
1.083867187500000000e+02
1.176328125000000000e+02
1.398203125000000000e+02
1.183398437500000000e+02
1.098242187500000000e+02
1.088984375000000000e+02
9.856640625000000000e+01
9.781640625000000000e+01
9.756250000000000000e+01
1.008632812500000000e+02
1.006289062500000000e+02
9.737890625000000000e+01
9.892578125000000000e+01
1.007617187500000000e+02
9.768750000000000000e+01
1.021718750000000000e+02
1.279375000000000000e+02
1.180390625000000000e+02
1.204648437500000000e+02
1.247265625000000000e+02
1.039414062500000000e+02
1.307851562500000000e+02
1.126328125000000000e+02
8.978125000000000000e+01
1.145585937500000000e+02
1.149882812500000000e+02
1.043867187500000000e+02
1.239375000000000000e+02
1.228320312500000000e+02
1.154765625000000000e+02
1.247656250000000000e+02
1.049023437500000000e+02
1.152421875000000000e+02
1.245234375000000000e+02
9.688671875000000000e+01
9.804296875000000000e+01
9.838281250000000000e+01
8.936328125000000000e+01
1.057929687500000000e+02
1.252304687500000000e+02
9.174218750000000000e+01
1.233945312500000000e+02
1.219140625000000000e+02
9.665625000000000000e+01
1.226875000000000000e+02
1.056054687500000000e+02
9.201953125000000000e+01
9.182031250000000000e+01
1.076562500000000000e+02
1.177539062500000000e+02
8.051171875000000000e+01
8.196093750000000000e+01
9.989062500000000000e+01
1.263945312500000000e+02
1.194335937500000000e+02
1.513632812500000000e+02
1.342773437500000000e+02
1.096640625000000000e+02
1.103671875000000000e+02
8.196875000000000000e+01
1.107968750000000000e+02
8.721484375000000000e+01
1.028632812500000000e+02
9.943359375000000000e+01
1.086484375000000000e+02
1.047382812500000000e+02
1.366367187500000000e+02
1.149570312500000000e+02
1.325351562500000000e+02
1.055781250000000000e+02
9.128125000000000000e+01
7.934375000000000000e+01
1.109140625000000000e+02
1.083007812500000000e+02
1.107148437500000000e+02
1.180781250000000000e+02
1.464257812500000000e+02
1.100117187500000000e+02
1.126445312500000000e+02
1.242539062500000000e+02
1.204335937500000000e+02
1.146093750000000000e+02
1.085742187500000000e+02
8.139453125000000000e+01
1.201171875000000000e+02
1.219453125000000000e+02
1.543828125000000000e+02
1.492343750000000000e+02
1.528906250000000000e+02
1.852578125000000000e+02
1.738906250000000000e+02
1.467929687500000000e+02
1.264335937500000000e+02
1.181015625000000000e+02
1.327890625000000000e+02
1.085546875000000000e+02
1.237500000000000000e+02
9.250781250000000000e+01
1.586328125000000000e+02
1.165976562500000000e+02
1.151484375000000000e+02
1.109414062500000000e+02
1.130859375000000000e+02
1.169570312500000000e+02
1.143476562500000000e+02
1.039062500000000000e+02
1.184453125000000000e+02
1.129414062500000000e+02
1.109023437500000000e+02
1.242148437500000000e+02
1.473359375000000000e+02
1.127109375000000000e+02
9.590234375000000000e+01
8.873828125000000000e+01
9.804687500000000000e+01
1.036679687500000000e+02
7.045312500000000000e+01
9.257031250000000000e+01
9.104687500000000000e+01
9.839843750000000000e+01
1.002539062500000000e+02
6.578906250000000000e+01
7.967187500000000000e+01
1.332460937500000000e+02
1.103945312500000000e+02
1.282226562500000000e+02
8.685156250000000000e+01
6.919140625000000000e+01
8.432031250000000000e+01
8.642187500000000000e+01
9.400781250000000000e+01
9.076953125000000000e+01
8.735937500000000000e+01
9.962890625000000000e+01
7.486328125000000000e+01
8.389843750000000000e+01
8.391796875000000000e+01
8.489843750000000000e+01
9.549218750000000000e+01
9.705468750000000000e+01
8.583203125000000000e+01
9.503515625000000000e+01
8.800781250000000000e+01
9.551953125000000000e+01
7.866406250000000000e+01
7.794531250000000000e+01
8.060546875000000000e+01
8.023437500000000000e+01
8.341796875000000000e+01
8.421484375000000000e+01
8.824609375000000000e+01
7.955859375000000000e+01
8.576562500000000000e+01
7.683203125000000000e+01
1.097070312500000000e+02
1.232304687500000000e+02
1.193007812500000000e+02
1.357695312500000000e+02
1.186093750000000000e+02
1.214218750000000000e+02
1.278945312500000000e+02
9.156640625000000000e+01
1.118359375000000000e+02
9.861328125000000000e+01
1.037968750000000000e+02
1.130195312500000000e+02
9.622265625000000000e+01
1.161250000000000000e+02
1.088164062500000000e+02
1.035507812500000000e+02
1.038984375000000000e+02
1.032031250000000000e+02
1.330781250000000000e+02
1.221992187500000000e+02
1.022539062500000000e+02
8.664453125000000000e+01
1.171015625000000000e+02
1.075703125000000000e+02
1.148828125000000000e+02
1.035195312500000000e+02
1.004843750000000000e+02
8.634375000000000000e+01
9.886328125000000000e+01
1.060390625000000000e+02
1.146679687500000000e+02
8.573046875000000000e+01
9.782031250000000000e+01
8.332031250000000000e+01
8.926562500000000000e+01
9.080468750000000000e+01
9.983984375000000000e+01
9.844140625000000000e+01
9.306250000000000000e+01
8.648046875000000000e+01
9.450000000000000000e+01
9.091406250000000000e+01
8.554296875000000000e+01
1.155117187500000000e+02
1.105156250000000000e+02
9.629687500000000000e+01
9.089062500000000000e+01
1.040117187500000000e+02
8.728515625000000000e+01
9.195703125000000000e+01
8.137500000000000000e+01
8.636328125000000000e+01
8.028515625000000000e+01
8.288281250000000000e+01
1.282617187500000000e+02
1.029414062500000000e+02
8.822656250000000000e+01
9.364062500000000000e+01
1.087109375000000000e+02
9.317968750000000000e+01
1.032226562500000000e+02
7.693359375000000000e+01
9.788281250000000000e+01
8.188281250000000000e+01
1.200742187500000000e+02
9.812500000000000000e+01
8.406640625000000000e+01
8.557812500000000000e+01
9.171875000000000000e+01
9.650781250000000000e+01
9.189062500000000000e+01
8.925390625000000000e+01
9.064843750000000000e+01
1.326601562500000000e+02
1.084882812500000000e+02
9.517578125000000000e+01
8.800390625000000000e+01
1.206171875000000000e+02
1.053281250000000000e+02
9.227343750000000000e+01
1.065898437500000000e+02
7.580468750000000000e+01
7.353906250000000000e+01
7.471875000000000000e+01
7.439453125000000000e+01
6.969140625000000000e+01
7.416406250000000000e+01
7.446484375000000000e+01
7.273828125000000000e+01
7.495312500000000000e+01
7.646484375000000000e+01
7.488671875000000000e+01
8.429687500000000000e+01
7.537109375000000000e+01
7.978515625000000000e+01
7.671484375000000000e+01
7.966796875000000000e+01
7.567187500000000000e+01
7.858984375000000000e+01
7.439062500000000000e+01
7.474609375000000000e+01
7.762890625000000000e+01
7.666406250000000000e+01
9.398437500000000000e+01
7.479687500000000000e+01
7.978125000000000000e+01
8.001562500000000000e+01
7.284375000000000000e+01
8.103906250000000000e+01
8.187109375000000000e+01
8.033984375000000000e+01
8.160156250000000000e+01
8.592187500000000000e+01
8.698046875000000000e+01
8.747656250000000000e+01
7.789062500000000000e+01
7.764062500000000000e+01
7.680468750000000000e+01
8.106250000000000000e+01
8.185546875000000000e+01
7.672656250000000000e+01
7.202343750000000000e+01
7.808593750000000000e+01
8.624218750000000000e+01
8.931250000000000000e+01
7.908203125000000000e+01
7.883593750000000000e+01
7.846093750000000000e+01
8.676171875000000000e+01
8.589843750000000000e+01
8.619921875000000000e+01
8.992968750000000000e+01
9.894140625000000000e+01
1.150937500000000000e+02
8.874609375000000000e+01
9.470312500000000000e+01
8.855078125000000000e+01
8.622265625000000000e+01
9.201562500000000000e+01
9.910156250000000000e+01
9.162890625000000000e+01
8.821093750000000000e+01
8.803515625000000000e+01
1.000351562500000000e+02
9.930859375000000000e+01
8.914453125000000000e+01
9.490625000000000000e+01
9.775000000000000000e+01
8.793750000000000000e+01
9.281640625000000000e+01
9.425781250000000000e+01
8.970312500000000000e+01
9.542968750000000000e+01
9.926171875000000000e+01
9.354296875000000000e+01
8.544140625000000000e+01
9.395703125000000000e+01
8.678906250000000000e+01
8.111328125000000000e+01
8.170312500000000000e+01
8.227343750000000000e+01
9.790234375000000000e+01
7.241796875000000000e+01
8.086328125000000000e+01
8.071484375000000000e+01
8.350781250000000000e+01
7.680468750000000000e+01
8.086718750000000000e+01
8.862890625000000000e+01
9.212890625000000000e+01
9.949609375000000000e+01
7.873828125000000000e+01
8.193750000000000000e+01
9.283593750000000000e+01
8.409375000000000000e+01
8.094531250000000000e+01
8.194921875000000000e+01
7.591796875000000000e+01
9.026171875000000000e+01
9.648437500000000000e+01
8.212109375000000000e+01
9.453906250000000000e+01
1.007929687500000000e+02
1.098945312500000000e+02
1.019765625000000000e+02
1.038476562500000000e+02
1.049804687500000000e+02
9.946484375000000000e+01
1.058007812500000000e+02
1.059492187500000000e+02
1.192460937500000000e+02
1.165390625000000000e+02
9.375390625000000000e+01
9.178125000000000000e+01
8.746093750000000000e+01
1.004687500000000000e+02
1.000937500000000000e+02
1.037500000000000000e+02
7.566406250000000000e+01
9.233203125000000000e+01
9.615234375000000000e+01
9.435546875000000000e+01
9.674609375000000000e+01
8.686718750000000000e+01
1.110429687500000000e+02
9.197656250000000000e+01
7.939453125000000000e+01
7.507031250000000000e+01
7.585937500000000000e+01
1.038867187500000000e+02
8.043359375000000000e+01
1.019179687500000000e+02
9.139843750000000000e+01
8.426953125000000000e+01
7.623437500000000000e+01
1.058085937500000000e+02
8.221484375000000000e+01
7.917187500000000000e+01
8.320703125000000000e+01
9.431250000000000000e+01
7.842578125000000000e+01
7.675000000000000000e+01
8.014453125000000000e+01
7.976562500000000000e+01
7.725390625000000000e+01
8.948828125000000000e+01
8.339062500000000000e+01
8.473046875000000000e+01
7.596484375000000000e+01
8.151171875000000000e+01
8.226171875000000000e+01
7.980859375000000000e+01
8.371875000000000000e+01
8.694921875000000000e+01
9.152343750000000000e+01
9.293359375000000000e+01
8.269531250000000000e+01
8.066796875000000000e+01
9.223046875000000000e+01
9.358203125000000000e+01
9.056250000000000000e+01
9.093750000000000000e+01
9.447265625000000000e+01
9.877734375000000000e+01
1.002695312500000000e+02
9.116406250000000000e+01
8.784765625000000000e+01
9.286718750000000000e+01
1.017187500000000000e+02
9.011328125000000000e+01
9.508593750000000000e+01
1.015312500000000000e+02
9.181640625000000000e+01
9.625000000000000000e+01
1.048945312500000000e+02
1.058085937500000000e+02
1.026875000000000000e+02
9.701171875000000000e+01
9.238671875000000000e+01
9.793750000000000000e+01
9.527343750000000000e+01
9.563281250000000000e+01
1.085468750000000000e+02
1.125312500000000000e+02
9.888671875000000000e+01
9.451953125000000000e+01
1.041250000000000000e+02
9.291406250000000000e+01
9.443750000000000000e+01
1.064335937500000000e+02
9.858593750000000000e+01
8.824218750000000000e+01
8.702734375000000000e+01
8.195703125000000000e+01
7.650781250000000000e+01
7.585937500000000000e+01
9.732812500000000000e+01
9.353125000000000000e+01
8.425781250000000000e+01
8.119531250000000000e+01
8.339453125000000000e+01
9.874218750000000000e+01
8.915625000000000000e+01
8.357031250000000000e+01
1.077812500000000000e+02
9.073437500000000000e+01
8.783984375000000000e+01
8.633593750000000000e+01
9.341406250000000000e+01
8.665234375000000000e+01
8.244140625000000000e+01
8.717187500000000000e+01
8.348828125000000000e+01
8.191015625000000000e+01
1.016210937500000000e+02
8.304687500000000000e+01
8.600000000000000000e+01
6.969921875000000000e+01
9.425390625000000000e+01
1.068554687500000000e+02
7.536328125000000000e+01
8.529296875000000000e+01
1.026914062500000000e+02
1.234570312500000000e+02
9.650390625000000000e+01
9.004687500000000000e+01
8.862500000000000000e+01
9.544531250000000000e+01
1.005976562500000000e+02
8.946484375000000000e+01
8.714062500000000000e+01
9.106640625000000000e+01
9.147656250000000000e+01
8.747265625000000000e+01
8.716796875000000000e+01
1.050468750000000000e+02
8.701562500000000000e+01
8.905078125000000000e+01
9.423828125000000000e+01
8.221875000000000000e+01
7.778125000000000000e+01
1.179492187500000000e+02
9.077343750000000000e+01
1.030156250000000000e+02
1.167382812500000000e+02
1.035898437500000000e+02
1.002421875000000000e+02
1.006289062500000000e+02
7.287500000000000000e+01
7.053515625000000000e+01
7.194140625000000000e+01
7.392578125000000000e+01
7.219531250000000000e+01
7.583203125000000000e+01
7.578906250000000000e+01
6.787500000000000000e+01
7.150390625000000000e+01
7.603906250000000000e+01
6.809765625000000000e+01
7.745703125000000000e+01
7.032421875000000000e+01
6.473828125000000000e+01
6.869921875000000000e+01
6.863671875000000000e+01
6.744531250000000000e+01
6.666406250000000000e+01
6.724218750000000000e+01
6.794531250000000000e+01
6.406250000000000000e+01
6.698046875000000000e+01
9.789062500000000000e+01
1.016992187500000000e+02
1.037500000000000000e+02
1.034843750000000000e+02
8.867578125000000000e+01
9.254296875000000000e+01
1.009296875000000000e+02
8.711718750000000000e+01
9.733984375000000000e+01
8.444140625000000000e+01
9.892578125000000000e+01
8.498828125000000000e+01
8.516015625000000000e+01
8.671484375000000000e+01
8.490625000000000000e+01
9.779687500000000000e+01
8.979296875000000000e+01
8.194531250000000000e+01
8.654687500000000000e+01
9.703125000000000000e+01
9.282812500000000000e+01
8.371484375000000000e+01
9.771093750000000000e+01
1.223242187500000000e+02
1.145781250000000000e+02
1.097421875000000000e+02
1.080156250000000000e+02
1.050273437500000000e+02
1.275625000000000000e+02
1.002148437500000000e+02
1.039101562500000000e+02
1.313320312500000000e+02
1.272031250000000000e+02
1.076367187500000000e+02
1.282382812500000000e+02
1.232148437500000000e+02
1.175468750000000000e+02
1.314257812500000000e+02
8.791796875000000000e+01
1.260078125000000000e+02
1.264648437500000000e+02
1.282539062500000000e+02
1.294921875000000000e+02
1.326601562500000000e+02
9.051562500000000000e+01
8.995312500000000000e+01
1.016562500000000000e+02
8.509765625000000000e+01
8.822265625000000000e+01
1.213671875000000000e+02
1.155742187500000000e+02
9.521484375000000000e+01
1.221210937500000000e+02
9.285937500000000000e+01
1.200937500000000000e+02
1.066406250000000000e+02
1.250625000000000000e+02
1.160625000000000000e+02
1.237226562500000000e+02
1.235898437500000000e+02
1.201835937500000000e+02
1.238164062500000000e+02
1.167812500000000000e+02
1.040351562500000000e+02
9.923828125000000000e+01
1.115664062500000000e+02
9.311718750000000000e+01
1.166523437500000000e+02
8.914453125000000000e+01
8.616796875000000000e+01
9.925781250000000000e+01
1.300078125000000000e+02
1.260117187500000000e+02
1.265507812500000000e+02
1.043203125000000000e+02
1.268437500000000000e+02
1.096875000000000000e+02
1.303750000000000000e+02
1.299179687500000000e+02
1.279570312500000000e+02
1.227578125000000000e+02
1.138554687500000000e+02
1.173515625000000000e+02
1.132734375000000000e+02
1.244375000000000000e+02
1.084882812500000000e+02
1.023984375000000000e+02
1.069492187500000000e+02
1.074570312500000000e+02
1.260937500000000000e+02
1.280273437500000000e+02
9.683593750000000000e+01
1.148281250000000000e+02
1.098281250000000000e+02
8.850781250000000000e+01
9.344140625000000000e+01
7.639062500000000000e+01
6.924609375000000000e+01
6.985156250000000000e+01
8.874218750000000000e+01
1.169218750000000000e+02
8.222656250000000000e+01
7.328125000000000000e+01
8.316015625000000000e+01
7.151562500000000000e+01
7.218359375000000000e+01
9.577734375000000000e+01
8.601953125000000000e+01
7.625781250000000000e+01
7.932031250000000000e+01
6.917187500000000000e+01
1.029257812500000000e+02
7.358984375000000000e+01
1.005156250000000000e+02
9.742968750000000000e+01
7.524218750000000000e+01
7.084375000000000000e+01
7.599609375000000000e+01
7.386328125000000000e+01
1.102343750000000000e+02
9.561328125000000000e+01
1.036992187500000000e+02
1.203164062500000000e+02
8.337890625000000000e+01
9.077734375000000000e+01
7.273046875000000000e+01
9.825000000000000000e+01
9.098046875000000000e+01
1.095937500000000000e+02
9.938281250000000000e+01
1.074921875000000000e+02
9.076171875000000000e+01
9.116796875000000000e+01
9.673828125000000000e+01
7.310156250000000000e+01
1.029765625000000000e+02
9.858984375000000000e+01
9.681250000000000000e+01
9.825390625000000000e+01
1.120781250000000000e+02
1.120820312500000000e+02
1.010742187500000000e+02
9.602343750000000000e+01
7.962500000000000000e+01
8.123437500000000000e+01
1.147500000000000000e+02
1.150234375000000000e+02
1.654843750000000000e+02
1.096054687500000000e+02
1.180429687500000000e+02
1.125117187500000000e+02
1.029023437500000000e+02
1.451601562500000000e+02
1.111562500000000000e+02
1.237460937500000000e+02
1.143203125000000000e+02
9.550781250000000000e+01
1.397304687500000000e+02
1.086796875000000000e+02
1.075156250000000000e+02
1.223398437500000000e+02
1.088828125000000000e+02
1.314101562500000000e+02
1.192812500000000000e+02
1.456093750000000000e+02
1.400000000000000000e+02
1.201445312500000000e+02
1.101054687500000000e+02
1.183359375000000000e+02
1.139492187500000000e+02
1.226250000000000000e+02
1.330937500000000000e+02
7.882421875000000000e+01
8.241796875000000000e+01
1.155312500000000000e+02
9.875781250000000000e+01
1.049960937500000000e+02
9.509375000000000000e+01
9.233593750000000000e+01
8.562890625000000000e+01
8.728515625000000000e+01
8.487500000000000000e+01
8.041796875000000000e+01
9.064453125000000000e+01
9.031640625000000000e+01
9.702734375000000000e+01
7.715625000000000000e+01
8.112500000000000000e+01
9.274218750000000000e+01
8.471093750000000000e+01
8.300000000000000000e+01
8.259765625000000000e+01
9.221484375000000000e+01
7.360156250000000000e+01
8.818750000000000000e+01
8.760937500000000000e+01
6.889843750000000000e+01
6.004296875000000000e+01
9.746484375000000000e+01
1.574765625000000000e+02
1.189296875000000000e+02
1.179375000000000000e+02
1.175742187500000000e+02
1.416406250000000000e+02
1.787070312500000000e+02
1.204609375000000000e+02
9.461328125000000000e+01
1.232617187500000000e+02
1.659531250000000000e+02
1.410195312500000000e+02
1.215703125000000000e+02
1.401718750000000000e+02
8.837500000000000000e+01
1.029570312500000000e+02
1.015429687500000000e+02
9.226953125000000000e+01
1.073007812500000000e+02
1.762031250000000000e+02
1.611523437500000000e+02
1.330937500000000000e+02
1.257773437500000000e+02
1.079375000000000000e+02
1.365976562500000000e+02
1.419960937500000000e+02
7.934765625000000000e+01
7.146484375000000000e+01
7.585546875000000000e+01
8.401171875000000000e+01
6.171875000000000000e+01
6.400000000000000000e+01
7.651953125000000000e+01
8.686328125000000000e+01
8.144140625000000000e+01
9.312109375000000000e+01
7.017187500000000000e+01
7.273046875000000000e+01
8.239843750000000000e+01
7.369921875000000000e+01
7.428906250000000000e+01
6.914843750000000000e+01
7.992187500000000000e+01
6.587890625000000000e+01
8.023828125000000000e+01
8.085546875000000000e+01
8.885546875000000000e+01
8.857031250000000000e+01
8.517968750000000000e+01
9.517968750000000000e+01
8.696093750000000000e+01
8.798828125000000000e+01
8.413671875000000000e+01
9.042578125000000000e+01
8.605859375000000000e+01
8.848437500000000000e+01
8.765625000000000000e+01
8.798828125000000000e+01
8.680078125000000000e+01
8.530468750000000000e+01
8.673828125000000000e+01
8.223828125000000000e+01
8.870703125000000000e+01
7.994921875000000000e+01
7.819531250000000000e+01
8.059375000000000000e+01
1.086835937500000000e+02
1.178242187500000000e+02
1.112460937500000000e+02
1.103046875000000000e+02
1.083671875000000000e+02
1.049531250000000000e+02
1.046992187500000000e+02
1.157695312500000000e+02
1.061367187500000000e+02
1.091132812500000000e+02
1.134140625000000000e+02
1.015585937500000000e+02
1.024609375000000000e+02
1.000039062500000000e+02
1.136289062500000000e+02
9.226171875000000000e+01
1.035625000000000000e+02
1.084921875000000000e+02
1.096757812500000000e+02
1.036093750000000000e+02
9.533984375000000000e+01
1.147578125000000000e+02
9.931640625000000000e+01
8.532031250000000000e+01
1.071406250000000000e+02
9.279687500000000000e+01
8.804687500000000000e+01
8.793359375000000000e+01
9.121093750000000000e+01
8.827343750000000000e+01
1.168242187500000000e+02
8.389453125000000000e+01
9.710546875000000000e+01
1.075234375000000000e+02
1.160156250000000000e+02
8.843750000000000000e+01
1.029687500000000000e+02
8.801562500000000000e+01
1.088007812500000000e+02
1.185664062500000000e+02
1.036210937500000000e+02
1.091289062500000000e+02
9.372265625000000000e+01
1.098281250000000000e+02
1.383085937500000000e+02
1.001054687500000000e+02
1.174101562500000000e+02
1.071367187500000000e+02
1.107226562500000000e+02
9.033984375000000000e+01
9.932031250000000000e+01
9.408203125000000000e+01
1.181601562500000000e+02
1.128281250000000000e+02
1.128554687500000000e+02
9.833593750000000000e+01
9.676171875000000000e+01
