9.235771189169028617e-01
8.822440934056074990e-01
8.635944194081984771e-01
8.675944105080048985e-01
9.336727041378772851e-01
8.696462972398195657e-01
8.507263846265207263e-01
8.509858900297317952e-01
8.909158046066638637e-01
8.342507860003052222e-01
8.248461386951310148e-01
8.543558214279076690e-01
9.085891203077636202e-01
8.747208795355474464e-01
8.742610501096160780e-01
8.328477941577014931e-01
8.777812717811310783e-01
8.228421899370741421e-01
9.025277128242265023e-01
8.321220476885426987e-01
8.468315650953541773e-01
8.537741852769261675e-01
8.491708633143062457e-01
8.314858582777259199e-01
8.554172522050277339e-01
8.518625130954643465e-01
8.354053699490329166e-01
8.356697213038135619e-01
8.337376852936845273e-01
8.022943079928515075e-01
8.448133465716877177e-01
8.644547675870575265e-01
8.529201566608599627e-01
8.723128662133265987e-01
8.843479910277743938e-01
9.427850118978327032e-01
9.556524737512761547e-01
9.050456249807886655e-01
8.810736994512526898e-01
8.443323632104986487e-01
8.440147375761866133e-01
9.052907751117411639e-01
8.628370835418583962e-01
9.429994448229837012e-01
9.114688939791527611e-01
9.454079042948408951e-01
9.649196361823553225e-01
9.403016405472897077e-01
9.506999869083785359e-01
9.432748084043924841e-01
9.164127978560698828e-01
8.527519122350604164e-01
9.470922801755573550e-01
9.082800483125229585e-01
8.687679583813120443e-01
9.240760027442106450e-01
9.405922793228870260e-01
8.435677923000547418e-01
9.284058432444813880e-01
8.313513480216043749e-01
8.931502640162853890e-01
8.939260891136679987e-01
9.017264266298206099e-01
8.151024805181965593e-01
8.940408172117668695e-01
9.453895965096142939e-01
9.646619085223930856e-01
9.035934077684613097e-01
8.913564662670219185e-01
9.615161319604896839e-01
9.616102704377688104e-01
9.592735016749284194e-01
8.978248076141482903e-01
9.069135725558944428e-01
9.181194978202260604e-01
9.314764347053587912e-01
9.237435484597614765e-01
8.935933737570391777e-01
9.362826728416036026e-01
9.122555202107680561e-01
9.340797476282189926e-01
9.244859929762372364e-01
8.909764729457745336e-01
9.633100729343997415e-01
9.242708765421044914e-01
8.235096535520497474e-01
9.500514665320571872e-01
9.377434366794834553e-01
8.822701346001775580e-01
9.033911262852211133e-01
8.654072337514496782e-01
9.563917488069905160e-01
9.414536696340809474e-01
9.154129493757916514e-01
8.904333093194620741e-01
9.063248398434122777e-01
8.991399138725657547e-01
8.996631536059470635e-01
9.477753095329178867e-01
9.392981292532218696e-01
9.570317558750025544e-01
9.577490623793393221e-01
8.979825474460245704e-01
9.191666658379085142e-01
9.272953704026853927e-01
9.243203601867068242e-01
9.244311480452497287e-01
8.575488101836731270e-01
9.139695537557996907e-01
9.219593050009717849e-01
9.654009743576497105e-01
9.533352852425854840e-01
8.771178604272131807e-01
8.454441660430906946e-01
9.291013851644166488e-01
9.143323126323845695e-01
9.304404466437160570e-01
9.257778860817134081e-01
8.581476150158425797e-01
9.187197966149170947e-01
8.700794188725394784e-01
8.508068023023905857e-01
9.563548142394501239e-01
9.163298344527949224e-01
8.662653567943263688e-01
9.045451912849344911e-01
9.068317381738466576e-01
9.215298119559530710e-01
9.383445245396278001e-01
8.694014737658004588e-01
8.811539473670768619e-01
8.835749382342036329e-01
8.795102522723610150e-01
8.701523648031623814e-01
8.669174954398894961e-01
8.848038501874591066e-01
8.698574672099204097e-01
9.071776612764367309e-01
9.511204473271968052e-01
8.705258475693021802e-01
8.602598876869360645e-01
9.515087971692059998e-01
8.437363229498698880e-01
8.253207307421023264e-01
8.491078168360065570e-01
8.161855851649870708e-01
8.184399546520377822e-01
8.602835715038672504e-01
8.539466840232203815e-01
8.154200767925536830e-01
8.340985389612529666e-01
8.169622918542192025e-01
7.901005626888377709e-01
8.352089538674195568e-01
7.989911351273892848e-01
7.814227204555839190e-01
9.043727343083463044e-01
8.532402684902895551e-01
8.695401749323187213e-01
8.950678432326522049e-01
8.228877145568604945e-01
8.379706067886697474e-01
9.200257655921566524e-01
8.763676138187259657e-01
8.508252275308760826e-01
8.760357241568612618e-01
8.359904340951572754e-01
8.628544734409273609e-01
8.487192159722669604e-01
8.319154690770786953e-01
7.721975009708204052e-01
8.519072012378876568e-01
8.332509679265008851e-01
9.189189771201454748e-01
9.057635394010440377e-01
9.712635187962426198e-01
9.260749981445742796e-01
8.789265311326889263e-01
8.602179335420991890e-01
8.377279811761071393e-01
9.070635600351569794e-01
8.988507485564407595e-01
8.907704676791491361e-01
8.787709825119491835e-01
8.588755874458986472e-01
8.806100629067643570e-01
8.296032152714707397e-01
8.836096625778167013e-01
9.566382542051304894e-01
9.268136098930448430e-01
8.822931538210159186e-01
9.075382697048561820e-01
8.890391168500060282e-01
8.493207847195820559e-01
8.937844434843302821e-01
8.826797531612240455e-01
8.613396531581851701e-01
8.847953605634069074e-01
9.403613276785869335e-01
8.883276170919105486e-01
9.193469987144105016e-01
9.274863512473079386e-01
9.298015933847320058e-01
8.979588354507473946e-01
8.798253803739837231e-01
8.538458647460571704e-01
8.888689741570627856e-01
8.986515810269684046e-01
9.145142866598718889e-01
9.218624638037029584e-01
8.990129068086476494e-01
9.072131660436091316e-01
9.067096677033159580e-01
9.377891763380422629e-01
9.074230279377044628e-01
8.799500305293219693e-01
9.065956869206561741e-01
8.312739107453001042e-01
8.924913841448088858e-01
9.240887291734101172e-01
9.462797195314047727e-01
8.600194644298551072e-01
9.695300141225230428e-01
8.697023662547678224e-01
9.376939237424158913e-01
9.258789786663159660e-01
8.311852226044972314e-01
9.230268373483521138e-01
9.089915466530020804e-01
9.181765034024840233e-01
9.213457080885343320e-01
9.058134897927230256e-01
8.873808291738278786e-01
9.162502026794737686e-01
9.086378971231167112e-01
9.082373439579849439e-01
9.013096186060209902e-01
9.385628742363220089e-01
9.275833660342585052e-01
9.179776994307582427e-01
8.827694891290367440e-01
9.283649101730369058e-01
9.272577520866384093e-01
9.492036138342284657e-01
8.990565183715473196e-01
9.398652742392699100e-01
8.879614706274825409e-01
9.217596524591958884e-01
9.290661676381348766e-01
9.276894902105705665e-01
8.713583005620673116e-01
9.063005835619311057e-01
8.793164005843634445e-01
8.762412787691027383e-01
9.291982856490028642e-01
9.254751558333730310e-01
8.266413578699386422e-01
8.974188988720837035e-01
8.835208600979725935e-01
9.239455528856329591e-01
8.549590317909406822e-01
8.932990340452384714e-01
9.155205456206539916e-01
9.194592510501783389e-01
8.465781518956672080e-01
8.967539915224105318e-01
9.529537398242878821e-01
8.359708313338636287e-01
9.327369035533052966e-01
8.508446529293942628e-01
8.999891627253067128e-01
8.725924173730785771e-01
8.617613700369475271e-01
7.879644832784790109e-01
8.674041567611339154e-01
8.743814484341783100e-01
8.363474498348715258e-01
9.030750753671130671e-01
8.736758144587233321e-01
8.641488460117627834e-01
8.773544795349108583e-01
9.093623693935011243e-01
8.799173546609631025e-01
8.762504845370011619e-01
8.073862850338892061e-01
8.617396972072171035e-01
8.559314274505808173e-01
8.097756715397373961e-01
8.453297524820331255e-01
8.148730028996948871e-01
8.453167928205969073e-01
8.324307471346564791e-01
8.777566850776983287e-01
8.052499952820993956e-01
8.554287124499914130e-01
9.013039071696580251e-01
8.593971380516756131e-01
8.445240810557295141e-01
8.508994926105040157e-01
8.421281432668408229e-01
9.393245626733904841e-01
9.086005229917977211e-01
9.347320066628932445e-01
9.047170703907704281e-01
8.867255779338703015e-01
9.407630707878760212e-01
9.486405604204422026e-01
9.295764249634101972e-01
9.327356413321850059e-01
9.551604593155056389e-01
9.071681864625940062e-01
9.129098553708422381e-01
9.182180931462411433e-01
9.351445210358950710e-01
9.115203841921575290e-01
9.090890330988186108e-01
9.451199120968106770e-01
9.362434826450527492e-01
9.322477320117672495e-01
9.517551284660242805e-01
9.307849631000981727e-01
9.387356217877222964e-01
9.240108274973857228e-01
9.260047777047415440e-01
8.983235972352404675e-01
8.820785437742789670e-01
8.935864610136481367e-01
9.173104637382162307e-01
9.256993338369937652e-01
9.053346792082490602e-01
8.978912438554991216e-01
9.178588686193001056e-01
9.198580513422308647e-01
8.521903781542374823e-01
9.107215644868416060e-01
9.124743346497142804e-01
9.165690593167764577e-01
9.431164464458425822e-01
8.932595139721617450e-01
8.799694910855699881e-01
8.726777918169053017e-01
9.047415463358806642e-01
9.187161263303170733e-01
9.229681447650204262e-01
8.961176733924518523e-01
9.258532033664299554e-01
9.084584496886650706e-01
9.017439566531251227e-01
9.021622015656417526e-01
9.053182496575647997e-01
9.069169027425386664e-01
9.697415471564863054e-01
9.633931686191332666e-01
9.530904386224496871e-01
9.349317195646983381e-01
9.406943316655660414e-01
9.367849365212704837e-01
9.308102758755805173e-01
9.333216275438960263e-01
9.733436209751444856e-01
9.298961351135410780e-01
9.343305308683667043e-01
9.270045289536743560e-01
9.414253760040793839e-01
9.365662916127961424e-01
9.568190793603201794e-01
9.343737772063775981e-01
9.267939534808621316e-01
9.466353708348096418e-01
9.583251291466520216e-01
9.094561709687148943e-01
9.071499931126723038e-01
8.939042163740396063e-01
9.339021057617312715e-01
8.531187091096246178e-01
8.605188122137629181e-01
9.216468626118297092e-01
8.413635255942788493e-01
9.070279175209170486e-01
8.500135472572081241e-01
9.207187430226370095e-01
9.093579328175409593e-01
9.151248865701240298e-01
8.863463462639099566e-01
9.058679905302895463e-01
9.098892544896424184e-01
8.404429342510910672e-01
9.195795040292197298e-01
9.134660982860464129e-01
9.232756350797610700e-01
8.874307881536447340e-01
9.010282150648523114e-01
9.365387743602371362e-01
9.252431396753599824e-01
9.184560013837193004e-01
9.348911902478922453e-01
8.986578023598823517e-01
8.979015860890967593e-01
9.178710156642373441e-01
8.481090529409631706e-01
8.999394046882600584e-01
9.301664249789409755e-01
9.398232984536138979e-01
9.392288005074942436e-01
9.398441283205191121e-01
9.196137407120311691e-01
9.398786458969463631e-01
9.296890902103269738e-01
8.900444285446402759e-01
9.295928039456304859e-01
9.481169400517198698e-01
8.721088281519688845e-01
8.298165748194064051e-01
9.107984459164317759e-01
9.358182035809243793e-01
9.738669627094468373e-01
9.498364496918278999e-01
8.979408520280416361e-01
9.428257966282260760e-01
9.492216466231491179e-01
9.632605130292266615e-01
9.603773624961964295e-01
9.165477864359290461e-01
9.247203781321378102e-01
9.136277591278245680e-01
9.003150085811637560e-01
9.444699672164490467e-01
9.523413764843737805e-01
8.996264664090510843e-01
8.933505768128016111e-01
9.173600592214357086e-01
8.029226083711817896e-01
9.189126063901056352e-01
8.833745324793567111e-01
9.532564092558242219e-01
9.182237803201687143e-01
9.323877719955645516e-01
9.240807945874952578e-01
8.866831983684066998e-01
9.625376561180730706e-01
8.958933761946427099e-01
8.967442457802367040e-01
9.266976162704200215e-01
9.195169455903862143e-01
9.320113615648268901e-01
9.241037402054381733e-01
9.033055371370970477e-01
9.072405363313527094e-01
9.212953150441277606e-01
9.162589708658775978e-01
9.517835691880612847e-01
8.965994125213736510e-01
9.368853256394166218e-01
9.106273545563169369e-01
9.061302297542619399e-01
9.013148171373829287e-01
8.814034512004319533e-01
9.138338698040872066e-01
9.288515151615620580e-01
9.276468613842503430e-01
8.972160350820383989e-01
9.060282655749367642e-01
9.249089719753531558e-01
9.472955787928034610e-01
9.284153104422528946e-01
8.895035398874919785e-01
9.084484313339020733e-01
9.420765919332438898e-01
9.189728092437109419e-01
9.330074287639809061e-01
9.442363647215434863e-01
9.345314018200849837e-01
9.217496607313837576e-01
9.396440070881785234e-01
9.428601374938367918e-01
9.356389150145238975e-01
9.410859111906028085e-01
9.451409731946811554e-01
9.149599717629242068e-01
8.845086608329197908e-01
9.281909819532092598e-01
9.009974969959823055e-01
8.934105098083834351e-01
9.491611279233778120e-01
9.151536973978138256e-01
9.415817733669673562e-01
9.596241886048163527e-01
9.238862124856430658e-01
9.562466214939142617e-01
9.582501191194907619e-01
9.394916767989881512e-01
9.270673397169986174e-01
9.009856024201345903e-01
9.369658633641089196e-01
9.017045233196613330e-01
9.119167555775086198e-01
8.907409890939465003e-01
9.224700199080602125e-01
9.285899587035473246e-01
9.220211902713355556e-01
8.989129788307919089e-01
9.078921333033065366e-01
9.273802076051926857e-01
9.146152958598690041e-01
9.236048673434005263e-01
9.759230818523694229e-01
9.444251543784063507e-01
9.167387360039469524e-01
9.449219877074080953e-01
9.222837029654935570e-01
9.347416839463537075e-01
9.369884939455751516e-01
9.523906203723563335e-01
9.584607760274247434e-01
9.089823693450771458e-01
9.750128369733025435e-01
8.456904960119950854e-01
8.729081043346295088e-01
7.411194622944808907e-01
8.879756670481653291e-01
8.380338681713422888e-01
8.594745390286562259e-01
8.201238804400884375e-01
8.192504475622142124e-01
8.077575615913286100e-01
8.897267936776780406e-01
9.043489688092374301e-01
8.006671759851052839e-01
8.577001967831654472e-01
8.989416677925379240e-01
8.940581053845157999e-01
9.349840466343379841e-01
9.269431062611269700e-01
8.561953772794582695e-01
9.197879232676775541e-01
8.821893380269318907e-01
9.112607018786452739e-01
9.188605733264068043e-01
8.999640678297954333e-01
8.432303343919047567e-01
7.615922071974310370e-01
8.717126824576840738e-01
7.410736607397515607e-01
8.847156641651712228e-01
8.883624886412873067e-01
9.259390349507117257e-01
9.163238577201633372e-01
8.710738822978792983e-01
8.779906676142783528e-01
8.465210955054685016e-01
8.538514739031892731e-01
8.352624391266214587e-01
8.654808737003036878e-01
8.631941268941590861e-01
8.876820938788114734e-01
8.307603751018231009e-01
8.651056674009744984e-01
8.561781548130360520e-01
8.094595969407940572e-01
8.519851478229929498e-01
8.447488794808967194e-01
8.188263421450296953e-01
8.481769170392334800e-01
8.407255618413715936e-01
8.225378714176482253e-01
8.184823326298895640e-01
8.586400494131336547e-01
8.264026591675605049e-01
8.119152413278091229e-01
8.972654470726562081e-01
9.087885605431880176e-01
8.881933932830184952e-01
8.865558380345166523e-01
8.962566589854694676e-01
9.030538691865954704e-01
9.172446342415880860e-01
8.725162614869851341e-01
8.906402152017763862e-01
8.925131822611134247e-01
8.928212677568265754e-01
8.449294457062995756e-01
8.737923667176714648e-01
8.562210192619041926e-01
8.653963994482813948e-01
8.850154396698655113e-01
9.057282042860856919e-01
8.715808475075779160e-01
8.774123947007429480e-01
8.841612388486884688e-01
8.741852733950905563e-01
8.794868869507866949e-01
8.529779731161024614e-01
8.958285509378852707e-01
8.944602478551663127e-01
8.887031240878341398e-01
8.890158822577509667e-01
8.915384151758637410e-01
9.192649822959917394e-01
8.924605486360388529e-01
8.728735700531211616e-01
9.497963551472428101e-01
9.222378977980791870e-01
8.793524422150964526e-01
9.420026151541323056e-01
9.166803619709349427e-01
9.055572069101753829e-01
9.431055865287298889e-01
8.435757766094230670e-01
9.295846736667697785e-01
9.407864266818100063e-01
9.372224500761274779e-01
9.371480775662311968e-01
9.519111047824141414e-01
8.057043031871502503e-01
8.280870788137395522e-01
8.683688523085654198e-01
8.199298397173315767e-01
8.265616788818721528e-01
9.182645172377359444e-01
9.053266364195114990e-01
8.482264189380719355e-01
9.067952470097448980e-01
8.578970385425501721e-01
9.030901628966947481e-01
8.960725953157757662e-01
9.279205324822210610e-01
9.153410385987477138e-01
9.662131929779282924e-01
9.487476624447560569e-01
9.461996783309333248e-01
9.122018424430170525e-01
9.196082147489873515e-01
8.842326179729068647e-01
8.923107402227817841e-01
9.247180832845415255e-01
9.109410039738645715e-01
9.037811382762197532e-01
8.876385347987159058e-01
8.896312259012649770e-01
8.926704579581821175e-01
9.251695107222247527e-01
9.346620600097870213e-01
9.261945998111484890e-01
8.484110005502407681e-01
9.059287254890702190e-01
8.652743385970311785e-01
9.154292072267538050e-01
9.316267913032991732e-01
8.845190578870053555e-01
8.799173347245379251e-01
8.486087396174369912e-01
8.695698944118110951e-01
8.803489209383411618e-01
8.286998892153228935e-01
8.471782832877203795e-01
8.363237788896509262e-01
8.190189088998853784e-01
8.798138001505966255e-01
8.440452623465020121e-01
8.597788617185044835e-01
9.094341097919425021e-01
8.506528164706670392e-01
8.638748344674074264e-01
8.828751185140457647e-01
8.472794719677777531e-01
8.818211655871057708e-01
8.839336140663798247e-01
8.464007570060428920e-01
8.795113673223687867e-01
8.445647254016979133e-01
8.895201100885333778e-01
8.868433629765601900e-01
8.209046134927155958e-01
9.164136129008555454e-01
8.591655669733531120e-01
8.946568475598501990e-01
8.565906024666453122e-01
8.868990686216704500e-01
8.338669298877733338e-01
8.978532929328708612e-01
8.715649073008837622e-01
8.903535983200590032e-01
7.965189107864274476e-01
8.414158930881050491e-01
8.760316171961675114e-01
8.423470055441539817e-01
8.400055207413792413e-01
8.666008869254721025e-01
8.237215391578742718e-01
8.539447110744158298e-01
8.844825017291544356e-01
8.403702451207391011e-01
8.412280780897325450e-01
8.938814480883183755e-01
8.047535892647413869e-01
8.500354626999339080e-01
8.846399050764208738e-01
8.936314492850327973e-01
8.841797647804556792e-01
9.086580099341994288e-01
8.747922272811519129e-01
8.422376312704620283e-01
8.988051474973071109e-01
8.531255753578603773e-01
8.097900569055008768e-01
9.007134018093263528e-01
8.798376734127448806e-01
8.962093606268650703e-01
9.523336208252219937e-01
8.995115613471262872e-01
7.894436299579434824e-01
8.939427056099548130e-01
8.408539624806415924e-01
8.209210890090020696e-01
8.748673355182112754e-01
8.784446150866498382e-01
9.451588553953148564e-01
8.946300078235975839e-01
8.259947439290700189e-01
8.432870874228879376e-01
8.945964218684108182e-01
8.813064341869756291e-01
8.915594264300987781e-01
9.238600380225153730e-01
9.495548850753954273e-01
8.688676057889943571e-01
9.302840330388333356e-01
9.076368811896029509e-01
8.972217422381085772e-01
9.067901459065210723e-01
8.766171764706500724e-01
9.254604847816715330e-01
8.856679371046675131e-01
9.601302336424416550e-01
9.135131257518165349e-01
9.236367538185659143e-01
9.081642661679691919e-01
8.997707973436173123e-01
9.073110451857392400e-01
8.801502242483949523e-01
8.653315600174303901e-01
8.004840444042505831e-01
8.122560750626603987e-01
7.687688365148666048e-01
7.342161137792134751e-01
7.824232440189838877e-01
7.863137309446113221e-01
8.193250011652527531e-01
7.641138724944016580e-01
7.649793007601013439e-01
7.408899129810756490e-01
7.477934822107674684e-01
7.879554206757636292e-01
8.036675371736119455e-01
8.140970317716766935e-01
8.415105291941016308e-01
7.806376187669504807e-01
7.380933422462589988e-01
7.350194846793827175e-01
8.331616464959901158e-01
8.276384923866189069e-01
7.902712854585633995e-01
8.366285029304947329e-01
7.960503063705777205e-01
7.859094996470933348e-01
8.043049099756951481e-01
7.921102125084884538e-01
7.107827299240132568e-01
7.186353619039181906e-01
7.487998551742722775e-01
7.537639138408632755e-01
6.619719494092038969e-01
6.967316113906137920e-01
7.041181364018568312e-01
7.225821514138695001e-01
7.014228236476447442e-01
7.074300978107069815e-01
6.731317090836614891e-01
7.394038841227836834e-01
7.033569939858898001e-01
7.143098453099823164e-01
7.363212390766764592e-01
7.866769952013616951e-01
6.950240428324745423e-01
7.183717499942169349e-01
6.774424369995064588e-01
7.149936253754951565e-01
7.534064493052363698e-01
6.544865700319769664e-01
6.897910243522658025e-01
7.336469242157037662e-01
7.755119745962235633e-01
6.929465623389876594e-01
8.832375893533513933e-01
8.993366815228034383e-01
8.535327102992226189e-01
8.875409642332401372e-01
8.591671889737595436e-01
8.278066433607358388e-01
8.459298591201237505e-01
8.699500803299404783e-01
8.462084831061578161e-01
7.762107516041040212e-01
8.325243081839642789e-01
8.305887045819606573e-01
9.062455951222422312e-01
8.943949295420503542e-01
8.928689946304599889e-01
8.864131466725932995e-01
8.971129349768591776e-01
8.797102911860984475e-01
8.977780445845506829e-01
8.932727542485485728e-01
9.525440145428488714e-01
8.704169743234411172e-01
8.928186128224104845e-01
8.795011911005219396e-01
9.158361872911409129e-01
8.537772925990860795e-01
7.972666939555964616e-01
8.611966904372183595e-01
8.635551602293665141e-01
8.930895295743486173e-01
8.811863680782767716e-01
9.073490743096981337e-01
8.627454640065299607e-01
8.835007300090513827e-01
8.859201500276695507e-01
8.492865532198907719e-01
9.019905514979594807e-01
8.649181394671248135e-01
8.909405679419061252e-01
8.940397203640565449e-01
8.659109565204903269e-01
9.259932088849431864e-01
9.071771360525178185e-01
9.313530797216904578e-01
9.040445876942262426e-01
9.174605508241069352e-01
9.297916296683721438e-01
9.125628011448591037e-01
8.822155303808808524e-01
9.171522448686126872e-01
9.422938048831636104e-01
8.693524570607801261e-01
9.066839664449485303e-01
8.892614865377211908e-01
8.926075123628736119e-01
9.334688616163733244e-01
8.839676839308443501e-01
9.203768158701777224e-01
9.232724407608872141e-01
9.335629781585560449e-01
8.627567606775362608e-01
9.032168722925104642e-01
9.036387736267019744e-01
9.451907704003958965e-01
9.377067083776225997e-01
9.251464254014767352e-01
9.441695184045109102e-01
9.226076898265073156e-01
9.191511007680650547e-01
9.141472753680072172e-01
9.703346713401302948e-01
8.816045557568849000e-01
8.821574830385595645e-01
9.102204632413906094e-01
9.618071244404924336e-01
9.286638549833683420e-01
9.393528466995635373e-01
9.137701648601572746e-01
8.725208661606455030e-01
8.946114288584863239e-01
8.050811934816809456e-01
8.834357663731922106e-01
9.057249898275361311e-01
9.237639519493543450e-01
7.939687266831366719e-01
8.933677269233141205e-01
9.226078930946273182e-01
9.046444175845186342e-01
8.961984953195325510e-01
8.652075531474198167e-01
8.607067671520851615e-01
9.134608093931222417e-01
9.071840845465758418e-01
9.475732563788168417e-01
9.060167119395809987e-01
9.025171837156349408e-01
8.980412230115130123e-01
