0
1
2
3
4
5
6
7
8
9
10
11
12
13
14
15
16
17
18
19
20
21
22
23
24
25
26
27
28
29
30
31
32
33
34
35
38
39
40
41
42
43
44
48
49
50
51
52
53
54
56
57
59
60
61
62
63
64
66
67
68
71
72
73
74
75
76
77
79
80
81
83
85
87
88
91
92
95
99
100
101
102
105
106
107
108
109
110
111
112
113
114
115
116
117
118
119
120
121
122
123
124
125
126
127
128
129
130
131
132
133
134
135
136
137
138
140
141
142
143
146
147
148
149
150
156
158
159
162
163
164
165
166
167
169
172
173
174
175
177
178
179
180
181
182
183
185
187
189
191
194
195
196
197
198
199
201
203
204
205
207
212
213
214
220
222
223
225
227
228
230
233
234
235
236
238
241
243
246
247
249
250
251
252
254
256
258
259
261
265
266
267
269
270
271
272
273
274
275
276
278
279
283
284
285
286
289
290
292
296
297
299
300
301
302
303
304
305
306
307
308
309
310
311
312
313
314
315
316
317
318
319
320
321
322
323
324
325
326
329
330
331
332
333
334
335
338
339
342
345
346
347
348
353
354
355
356
357
358
359
360
361
364
365
366
367
370
371
372
373
374
375
378
379
381
383
386
390
391
392
394
395
396
399
400
401
402
404
405
406
411
414
415
416
417
420
421
422
424
425
426
427
428
429
430
431
432
433
434
435
436
437
438
439
440
441
442
443
444
445
446
452
455
456
457
458
460
461
462
463
465
466
467
468
469
471
476
477
480
481
482
483
485
486
489
490
491
492
493
496
497
498
499
500
502
507
509
513
514
517
518
519
521
522
523
524
525
526
527
528
533
536
540
542
543
544
547
548
549
550
551
552
553
554
555
556
557
558
559
560
561
562
563
564
565
566
567
568
569
570
571
572
573
574
575
576
577
578
579
580
581
582
583
584
585
586
587
588
589
590
591
592
593
594
595
596
597
598
599
600
601
602
603
604
605
606
607
608
609
610
611
612
613
614
615
616
617
618
619
620
621
622
623
624
625
626
627
628
629
630
631
632
633
634
635
636
637
638
639
640
641
642
643
644
645
646
647
648
649
650
651
652
653
654
655
656
657
658
659
660
661
662
665
668
671
672
673
674
677
678
679
681
682
683
684
685
687
688
692
694
695
696
697
699
700
701
702
703
705
706
708
709
714
715
716
717
719
720
721
723
724
726
727
728
729
731
732
733
734
735
736
737
738
739
740
741
742
743
744
745
746
747
748
749
750
751
752
753
754
755
756
757
758
759
760
761
762
763
764
765
766
767
768
769
770
771
772
773
774
775
776
777
778
779
780
781
782
783
784
785
786
787
788
789
790
791
792
793
794
795
796
797
798
799
800
801
802
803
804
805
806
807
808
809
810
811
812
813
814
815
816
817
818
819
820
821
822
823
824
825
826
827
828
829
830
831
832
833
834
835
836
839
840
841
842
845
847
852
853
854
855
857
858
859
862
863
865
867
869
871
872
873
874
875
876
877
878
879
880
881
882
883
884
885
886
887
888
889
