2.881872708165680863e-01
4.398884207249335598e-01
4.026467450389665803e-01
3.424315371185955303e-01
5.831033130614658999e-01
4.166515793711002558e-01
4.224384469991537827e-01
4.575328175201871517e-01
6.704055097103843730e-01
3.222702883487359449e-01
3.837223413494375013e-01
3.526440766032567509e-01
6.410641679829017781e-01
3.543192963127997919e-01
4.994381597177854348e-01
3.907965107571613750e-01
6.917202620891431675e-01
3.093657548798013912e-01
7.002428962109571442e-01
3.289228502967640466e-01
3.297830366129867463e-01
3.187466965530202923e-01
5.166659574571315083e-01
3.716030041231727088e-01
2.580014472888749744e-01
3.715607252899480462e-01
2.648466268930425027e-01
3.257139463675629010e-01
2.877864700185869817e-01
4.038525700771435356e-01
4.224996880538707811e-01
3.763938230509857874e-01
2.885695341708570116e-01
3.213833887646534437e-01
6.422606664056188519e-01
7.128162481334182621e-01
6.409780907063181710e-01
5.757713754679030238e-01
4.379908199605033747e-01
6.253101308398907321e-01
5.381854553271732122e-01
5.718959024394579815e-01
6.392715437550864355e-01
6.363504457379964840e-01
5.037049627836622800e-01
7.035914092921420337e-01
7.198743968614446098e-01
6.447637965691918049e-01
6.675913883634065904e-01
6.927337840378879896e-01
5.513092722249819388e-01
4.926264304506264291e-01
6.891046287420690142e-01
4.671556201550821075e-01
4.916508686909400461e-01
6.271393123197217534e-01
6.346486798852857270e-01
6.237479083695930404e-01
6.280304195175174797e-01
5.463164219898605234e-01
5.768400464075029710e-01
6.287695441669471919e-01
4.678116734490169182e-01
6.077467090355167523e-01
6.944710481215488063e-01
6.726184172231498559e-01
6.420506102623055877e-01
4.633555205446359682e-01
5.448988135346543027e-01
6.501729150387108858e-01
6.555441370219367014e-01
7.087939728013988860e-01
6.926636530299007388e-01
6.609351479662628481e-01
6.587479421639753641e-01
6.690539518985334499e-01
6.718255874603163980e-01
6.337933178647962018e-01
6.795058996371293736e-01
6.467440200006120410e-01
6.653540179745692784e-01
6.157599006957349408e-01
6.284284548627843137e-01
6.734186480331856295e-01
6.406578637755684369e-01
6.218912037402646309e-01
6.428136156623059927e-01
6.834016200749569725e-01
6.663083314877925600e-01
6.354386204614516087e-01
6.223449798366305075e-01
7.132519024017924814e-01
6.040362584656480127e-01
6.072116240485416760e-01
6.164346474974654599e-01
5.855744490393501867e-01
6.307228171620687940e-01
5.622372453388119196e-01
6.413481563267976471e-01
6.929406196334106927e-01
6.969358708334471020e-01
6.874331957451679243e-01
6.912386350621393394e-01
6.183476202595893367e-01
5.996564904179090272e-01
6.813374205170951159e-01
5.227580978367712961e-01
4.785851449611991937e-01
6.723080621019960068e-01
5.312655059118397416e-01
6.455581280237696618e-01
6.995697271145615570e-01
6.240314633991649318e-01
4.694240505212534109e-01
5.500733335624098386e-01
7.074572374344165748e-01
7.031052988658179626e-01
6.101980010361520712e-01
3.844634331057747434e-01
5.255325594409147039e-01
3.461094700605670815e-01
3.861806790876033402e-01
6.048153770516496719e-01
5.839191071364480123e-01
6.776291322081317015e-01
5.464493664030478648e-01
6.733992353210078718e-01
5.705655351360335859e-01
5.978839815804143365e-01
5.185203123012828152e-01
5.319813996100123399e-01
3.659832134082554589e-01
5.216831258945527905e-01
3.826690585466601124e-01
5.398154325797535069e-01
6.239559948992298155e-01
7.088925658506348704e-01
5.703200475360525878e-01
6.051267509620846807e-01
4.852212461848083858e-01
4.432230934142280532e-01
4.508605412731094830e-01
4.833253056630881783e-01
4.646316105215346770e-01
4.069388342522333168e-01
3.862920706855487163e-01
4.395312142062897665e-01
4.821772394261806816e-01
5.731027405788856610e-01
4.549420101791261661e-01
4.638064008847513353e-01
1.896956456690495896e-01
1.931644827742060866e-01
1.447997088135850596e-01
1.446098952597849874e-01
1.161487801555212140e-01
4.104786065487751601e-01
4.086010063495293942e-01
4.523075105574723143e-01
4.323434775730836677e-01
4.659712733953735309e-01
4.222916298002116764e-01
6.111206522056125134e-01
3.352469915056165983e-01
4.726417281701978945e-01
4.190309921480125377e-01
4.858308121206614816e-01
4.942404795356176717e-01
4.660613470098509126e-01
4.865595800365759005e-01
4.151030704109897607e-01
4.718358609304651452e-01
4.515892350788199283e-01
5.082792373481379578e-01
4.245167846831504610e-01
4.123157325369933845e-01
5.441745054559364858e-01
5.866546466460569320e-01
5.886951250162458793e-01
5.778709623656769212e-01
6.075492639217420221e-01
7.216521698354357861e-01
5.963226682042673810e-01
5.353477455804893648e-01
5.076959199011688018e-01
4.983538078045479658e-01
6.451327386799311503e-01
7.057207512376729719e-01
4.744896465922027740e-01
5.245378109877308903e-01
4.848557907943819023e-01
6.794386878615392700e-01
7.465950518133095404e-01
5.887977794767291773e-01
5.899175644542694608e-01
6.585708814458678395e-01
6.452095680767447883e-01
6.599014845383038841e-01
6.926699382529751814e-01
6.955562405896207334e-01
6.957028635776277836e-01
7.087409742044387118e-01
7.175397933803790984e-01
6.693547552585551452e-01
6.026368416728702382e-01
6.750826447245554807e-01
6.117042331124850074e-01
6.653460070697272410e-01
5.859758650504376387e-01
6.987862246378427900e-01
7.114174606707184267e-01
7.281535150420713753e-01
6.910021804179082849e-01
7.286629099093651085e-01
7.001661432476712355e-01
6.680337830531162258e-01
7.217377082806245570e-01
6.301819301333084766e-01
7.205232592594691399e-01
6.348138070772402219e-01
6.216570212343313084e-01
6.233856871648058018e-01
5.965450141254986516e-01
5.538333976505086520e-01
6.358125674870460653e-01
6.101529530852090044e-01
5.947470934822887134e-01
6.046566409276630250e-01
6.452025252544866252e-01
6.476183242736612833e-01
5.952402730887479398e-01
6.479770157812929643e-01
6.476205690293102002e-01
6.254756365384029904e-01
6.390035045483040133e-01
6.277693045719504594e-01
6.391643255086845166e-01
6.097145338886625909e-01
5.905900767376741634e-01
6.292855910235767292e-01
6.917809028015127204e-01
5.983167155324584652e-01
6.527639876688577925e-01
6.424250564860481960e-01
6.393216907242007530e-01
6.668496724230306150e-01
6.574963455419968739e-01
6.569941268542021096e-01
5.718708745208727073e-01
5.965484760481274407e-01
6.220901098866465917e-01
6.671805064480732517e-01
6.215963157042163623e-01
6.728709582577486747e-01
6.809853585495191375e-01
5.793729159535184747e-01
5.329913614928026844e-01
6.449470165222148665e-01
6.599371339736602726e-01
6.818830637965064279e-01
6.462550364415405868e-01
6.685693806849410947e-01
5.465203130133743370e-01
5.660308913354138438e-01
6.303893677189134070e-01
6.797462710294490673e-01
6.626086690401816748e-01
6.110636647047328340e-01
6.371125200321446913e-01
6.263303892923801630e-01
6.304577339660365487e-01
6.871267872744963867e-01
6.743040731951266409e-01
4.817122402948288973e-01
6.031559997091292535e-01
6.242128123226693415e-01
5.936875305382280921e-01
6.244719214976097721e-01
6.012698462051457859e-01
5.412484443485741092e-01
6.830100644372245622e-01
6.495013618050946569e-01
6.587295343113681589e-01
4.760637710753293228e-01
6.130542797438536251e-01
6.589994761584855310e-01
6.193682486314122659e-01
5.982925997768229198e-01
5.628276207304185874e-01
6.138017638037363000e-01
6.171664635985233405e-01
6.304882494310741770e-01
5.270768084014316734e-01
5.571638167658331531e-01
6.109454075651656879e-01
6.286068531324416897e-01
5.286714894901707318e-01
5.918958620834747775e-01
6.558303672162899556e-01
5.056169013771030230e-01
7.537032993373244949e-01
7.329161024980550554e-01
7.584247000790292903e-01
7.332259262702967018e-01
7.493463103593352992e-01
7.505538283327497506e-01
7.624759730013792591e-01
7.523760839558347735e-01
7.539465902247900475e-01
7.528795160245901341e-01
7.399058237427358353e-01
6.764148960567444302e-01
7.463367898252744048e-01
7.420812627623827318e-01
7.344820405799087348e-01
6.770273636497994296e-01
7.632168533517597053e-01
7.351410778416754832e-01
7.383987527573527831e-01
7.627397347071664946e-01
7.524857342185579112e-01
7.542033439462451083e-01
6.716341609954055158e-01
7.472095965375898929e-01
6.962590016829274253e-01
6.946046682774417169e-01
7.562786100933623912e-01
7.158743369102921195e-01
7.068664484847867469e-01
7.296407058273971513e-01
7.200109534521820231e-01
7.135088773683363472e-01
7.183775639676656111e-01
6.498029987507099037e-01
7.253017704065053417e-01
6.962043126328699705e-01
7.345637238716881123e-01
7.244309556288784924e-01
6.900505127364708891e-01
6.905460559409002386e-01
7.104060560752580855e-01
7.236510613986333329e-01
7.375588403962295425e-01
7.180996157383103817e-01
6.756302179018313092e-01
7.171942291748989451e-01
7.105836667737471801e-01
7.106256907453362137e-01
6.882530609949001343e-01
6.143285264119473510e-01
6.269035995008752638e-01
6.603481070395913477e-01
6.339275357838765057e-01
6.674060627930796796e-01
6.367160479509847981e-01
6.496075693692020536e-01
6.607279140927272421e-01
6.608632475604824252e-01
6.578435970653639941e-01
6.590644429680097005e-01
6.401683776676247994e-01
6.454031510057516297e-01
6.721771306333260698e-01
6.320159413752624022e-01
6.535568996120704188e-01
6.767129903604095498e-01
6.527728489345878682e-01
6.262173105718488175e-01
6.398815520680362079e-01
6.611825561878271751e-01
6.270678870339255750e-01
6.294062513142464343e-01
6.468160091285292124e-01
6.400053216376697662e-01
6.033538571474753587e-01
6.511304161388952183e-01
6.479629313474500885e-01
6.463272193521936160e-01
7.071875333387389606e-01
6.813445356931063790e-01
6.625931444206157872e-01
7.458931357244419358e-01
6.451972839208579558e-01
6.464208300716173250e-01
6.956028550015014300e-01
7.001991757538946759e-01
6.305405732184536927e-01
6.593986121983733684e-01
6.365032355600914737e-01
6.330515368345032146e-01
7.006178115377659221e-01
7.182685134669180016e-01
7.099515746139661854e-01
6.369787910097395311e-01
6.895409388202947687e-01
6.999436965196376148e-01
7.370109623093713536e-01
6.959467995420530739e-01
6.953896080906095678e-01
6.582873733861417387e-01
6.366864928979261151e-01
6.269621253535488936e-01
6.156683729596268417e-01
6.462796691791740100e-01
6.347810708191146123e-01
6.195201149161710941e-01
6.468854251612955464e-01
6.528043784516769366e-01
6.136695155984819294e-01
5.644579154243222208e-01
5.902373999125971604e-01
6.585766695508418200e-01
6.182871119682322725e-01
6.779598238303043978e-01
6.601240252727664792e-01
6.820068605557214614e-01
6.404951833879191092e-01
7.070208202679713061e-01
6.509931348386170935e-01
6.393395491462283697e-01
6.958186033834733442e-01
6.828772988902266361e-01
6.650962628567174129e-01
6.096605220700664907e-01
7.141609918893190301e-01
7.081612602103880549e-01
7.563641994989843687e-01
8.002504889477656258e-01
6.302865353627156164e-01
7.044612019330743768e-01
6.251376543707131139e-01
6.122477142907931658e-01
7.457233540978536190e-01
7.065139590321903862e-01
6.409415021081840136e-01
7.588048876457833547e-01
7.460845946632085335e-01
7.291381923424983258e-01
6.348445071714070576e-01
7.644390471888685701e-01
7.566599652872640913e-01
6.989427113284011339e-01
7.649006346642160947e-01
7.239744898041233778e-01
6.601296744487872292e-01
6.998534707852095416e-01
6.668196909233148340e-01
7.477023721426840908e-01
7.146353776286595849e-01
7.096169907487072104e-01
7.512675134106060471e-01
6.532036605510542771e-01
6.961520690983634685e-01
6.841583824393872026e-01
6.792493757739250793e-01
6.546447377316898519e-01
6.738096957495345318e-01
6.512641264410237163e-01
6.714528980297306271e-01
7.149816872943954849e-01
6.825189654777930048e-01
6.710168213125609071e-01
6.684261130984440191e-01
6.857371004898892286e-01
7.104168854413929202e-01
6.819275172499934534e-01
6.578539462867325494e-01
6.715255273111672141e-01
6.496191220603785288e-01
6.605870049113419240e-01
6.771278777529008419e-01
6.730898235658062667e-01
6.275175563833486070e-01
6.553472525264402160e-01
6.509859508780696524e-01
6.622229731245616868e-01
6.703671021575091649e-01
6.712321353937376056e-01
6.612366228911024102e-01
6.524099331604221730e-01
6.471840860912763116e-01
5.915959547010494202e-01
5.762159442697000200e-01
6.766815618759624007e-01
6.431832139437464457e-01
6.251032049693374670e-01
6.707060033229250706e-01
6.651590450021593881e-01
6.373880841212170578e-01
6.785024311639019645e-01
6.527008105495484269e-01
6.857964749788244552e-01
7.110871447597709727e-01
7.587886153413438972e-01
7.618518180690062591e-01
6.560039581766611283e-01
6.654685713722373608e-01
6.684812329492297867e-01
7.261038382003873748e-01
6.240434884914962677e-01
6.194135963994613636e-01
6.245769798340439216e-01
6.465941219607194146e-01
6.207167018085090193e-01
6.686210321717322991e-01
7.262656338902392372e-01
7.148023200092176177e-01
6.394562866888107155e-01
7.125512189204180613e-01
6.601960729177525078e-01
6.905800504484445046e-01
7.033519647718314838e-01
7.285591459471291165e-01
6.684494770809827902e-01
6.714272294195683388e-01
7.340093275351807778e-01
7.165738395448661979e-01
6.031514533979579484e-01
4.685177694215333921e-01
6.894685014500665510e-01
6.537822204535975734e-01
6.186863161842731662e-01
5.556673917566499199e-01
6.028747149986518616e-01
5.875007732482030454e-01
6.823477299874325386e-01
6.467352521896256867e-01
5.052685515488640755e-01
6.447113848960028815e-01
6.752646832714693792e-01
6.586452824271088469e-01
7.064349228141327819e-01
6.534514456198690091e-01
6.677909501525952640e-01
6.842601425805578952e-01
6.279276600796658281e-01
6.733673632174935753e-01
6.810534846036134793e-01
6.855408755300548274e-01
6.590433158508931522e-01
4.261464821542349513e-01
5.874924364539353405e-01
4.230628837897352224e-01
5.785617551458830388e-01
6.503331104130456453e-01
6.478356957807905880e-01
6.334537759080648422e-01
7.451898904633205145e-01
6.892557141443229618e-01
7.245403036209445702e-01
7.022752078792563468e-01
7.095572717207010438e-01
6.903623062533109644e-01
6.861794431674258510e-01
7.481656063251866939e-01
6.913835618370055558e-01
7.317086556797509633e-01
7.073744199543569033e-01
6.414732797838686995e-01
6.801339380045989813e-01
7.267355146798111232e-01
7.129809759194080110e-01
7.479255517103462481e-01
7.568153956122858350e-01
7.102245274132981123e-01
6.819490929381381017e-01
7.149690292456778451e-01
7.045487395895299043e-01
6.922437526947392561e-01
6.236033885793009768e-01
6.242808529638476100e-01
6.326893360338945449e-01
5.934133026156749313e-01
6.585697340827550983e-01
6.739854289575631929e-01
6.614618509281102732e-01
6.639479743909839637e-01
6.094143218175932519e-01
6.272226314560145344e-01
6.443413636545247680e-01
6.311274562332284122e-01
6.613149314192307004e-01
6.550785474645500761e-01
6.520422881822477423e-01
6.328185511601113200e-01
7.092386348626059656e-01
6.631174366499437145e-01
6.781666452144017310e-01
6.145190410252021618e-01
6.488800772399163641e-01
6.766837044020425074e-01
5.900060138386149511e-01
5.464126311348717069e-01
5.801285604628755310e-01
5.626765400298154862e-01
5.746165908872288286e-01
5.856163722469043265e-01
5.503252508788479824e-01
5.906065686307766516e-01
5.981437357328215354e-01
5.752314149749623295e-01
5.512874189480785336e-01
6.004774153710032980e-01
5.721478846184663292e-01
5.599405072671355121e-01
5.652442643702473291e-01
5.635558416014896377e-01
5.590217802412973391e-01
5.641966688639185046e-01
5.618597661931098441e-01
5.436381850785972913e-01
5.514233041911508204e-01
5.876228468993313081e-01
5.306410296580792441e-01
5.591404984345285101e-01
5.737725537868094694e-01
5.657152459492477137e-01
5.830653499051060562e-01
5.976909687926045267e-01
5.925336168432037143e-01
6.235077074556212295e-01
5.603129973726594937e-01
6.081263886372555438e-01
5.433250466071745111e-01
6.043031068443155407e-01
5.640810079522645681e-01
5.880235017657576835e-01
5.822227527069601116e-01
5.722213936670302870e-01
5.704224316168017284e-01
5.914730685491751405e-01
5.884488904591845815e-01
6.074714104182031837e-01
6.239160475324347921e-01
5.730354490351480257e-01
6.498955132872762386e-01
5.939878041029230671e-01
6.480789921020458921e-01
6.843956046060805098e-01
6.017334138081159578e-01
5.693880451684307786e-01
5.570657630692499307e-01
5.510656513898791742e-01
5.871144487852110183e-01
5.469998863386751342e-01
5.771756887626722232e-01
5.332348192108923302e-01
5.388892343428960396e-01
5.352353414084796146e-01
5.288587816673669950e-01
5.902997491692076881e-01
5.676384719294149672e-01
5.802393869773267987e-01
5.710964192819848462e-01
5.813221203395632086e-01
5.664815731710467483e-01
5.807754572356148559e-01
5.912157313381994905e-01
5.642119805558242218e-01
5.301267600733335916e-01
6.712859109704250038e-01
5.722292466832705760e-01
5.717933758657025578e-01
6.308385962001021863e-01
5.789791257572004524e-01
6.536577308224587046e-01
7.389169730495255273e-01
6.996280519871781456e-01
6.544056544310328238e-01
5.081290499277536510e-01
6.664873116265422892e-01
6.586741115470468033e-01
6.246796232785248870e-01
7.592346621275961605e-01
7.130301020980429616e-01
6.287106737163130621e-01
6.327650661765676920e-01
6.954837903844723890e-01
6.619992869075566055e-01
7.621270543014151411e-01
5.879438374131441547e-01
7.058956286298267990e-01
5.878453111759136540e-01
6.361736134254371011e-01
7.091279090345276037e-01
6.798789038473996849e-01
7.247622620019269490e-01
7.131037746268755750e-01
5.302349107523603999e-01
5.640330743879030662e-01
5.045536834679879012e-01
5.556342878987088341e-01
5.985884706739512673e-01
5.555978245992752029e-01
6.463953301881975033e-01
5.962194766759577602e-01
6.049501207974039563e-01
5.625053891361844194e-01
5.843520547754146310e-01
5.568219482458516278e-01
5.924854985797614049e-01
5.847577269622136198e-01
6.125916683654536454e-01
6.603629201403591331e-01
5.297933444454574481e-01
5.615602592298178930e-01
5.658603398241375260e-01
6.089233497404661355e-01
6.598563462022968285e-01
5.653568261970906006e-01
5.201321007258045137e-01
6.955431955151577528e-01
6.567019437552521488e-01
6.200490968216657572e-01
5.110810248734684036e-01
5.410075870084287697e-01
5.400259725521463494e-01
4.692026392671860835e-01
5.262204732460332712e-01
5.478657032162578266e-01
5.141425079530058673e-01
5.282749936519504086e-01
5.480237650090905577e-01
5.431574498664698547e-01
5.661712788290378384e-01
4.563332823131385774e-01
5.687073528170981662e-01
4.637769416398561106e-01
4.753527419206418636e-01
5.542435751205186945e-01
5.882207963593732991e-01
5.464809024970265217e-01
5.407222506439657295e-01
5.734620644625234576e-01
5.614962289771255888e-01
5.238501652034865952e-01
5.361057367893270476e-01
5.343347633498921612e-01
5.064168702087606944e-01
5.429675069227531958e-01
5.441647137643024212e-01
6.463116834348929807e-01
6.235444890139301144e-01
3.582894422992375927e-01
4.146227860077694727e-01
4.250814991733460335e-01
4.976173578802419728e-01
5.653889327574463941e-01
5.578183101279572398e-01
5.544046025325203297e-01
5.781985597539047728e-01
5.555745554241334760e-01
4.727499882654070396e-01
5.431928678838933156e-01
4.927966961939184154e-01
6.822693632205816261e-01
5.437877876855409243e-01
4.638532477296921086e-01
4.888556464887763298e-01
6.094814084025768075e-01
6.500876566396456280e-01
4.837816474044757120e-01
6.524022043385584446e-01
5.137564366017661754e-01
6.061759638651386117e-01
6.864762994900106552e-01
5.874333696843403452e-01
4.584079115936137150e-01
2.061291683005083974e-01
3.528355775586498044e-01
3.804217895725263698e-01
2.821628540762822768e-01
1.878994888604060276e-01
2.120161257790881826e-01
3.067153643932809537e-01
3.159835086624346312e-01
3.440815219750591458e-01
2.268380540805578771e-01
3.218844135814296070e-01
3.484138195397619708e-01
2.414305301687930672e-01
4.218924408140009574e-01
4.915789657287116254e-01
4.381149895627390323e-01
3.663789932289131523e-01
2.889797835654970282e-01
2.651008138044093077e-01
3.544978522819393074e-01
3.041314255391439070e-01
3.199012849840396355e-01
4.154848634487292025e-01
2.933034380374999195e-01
2.316376412358410186e-01
7.433435454673569254e-01
7.629823171473618659e-01
7.481989640871742342e-01
7.410260807775184144e-01
7.970667921807402800e-01
7.778999954462051392e-01
7.550729568282917858e-01
7.030340176572974498e-01
7.073829872233073912e-01
5.145084421310069933e-01
6.970848070618587133e-01
6.736041043703011599e-01
7.491876650255576697e-01
7.576020991287117923e-01
7.570309032801760818e-01
7.924334962454333553e-01
7.566221134340278542e-01
7.858249229660662083e-01
7.554060916651298419e-01
7.419148463971759755e-01
7.532737825709103774e-01
6.325321982087748207e-01
7.207870931489284150e-01
6.713247909528531343e-01
6.764717367618008348e-01
6.817488975746518465e-01
6.726878891328176291e-01
6.860957340779535452e-01
6.714895340374599231e-01
6.643774537085299636e-01
7.058496463931543952e-01
6.812118506875451951e-01
6.692886375255296949e-01
6.367699080896593866e-01
6.807867174520283449e-01
6.768219120883000040e-01
6.630953638215724144e-01
6.907166995932511044e-01
6.410004624572022136e-01
6.901772893772755157e-01
4.295503219504289705e-01
5.211632232125595898e-01
4.845551909815520308e-01
5.185307330799313608e-01
6.194018703530128622e-01
5.369226665661748221e-01
5.341247395505090978e-01
5.056528354302205486e-01
4.511282432928285235e-01
4.691218665244142327e-01
6.309152897865231147e-01
5.114855610024949817e-01
4.960024070769602500e-01
5.877920432427886643e-01
4.952395134830135937e-01
6.465599031720595802e-01
5.871742088289052530e-01
5.318709267986045930e-01
5.708783568716726542e-01
5.592631095608223690e-01
5.536947414090506170e-01
5.428560273667041303e-01
5.901362911139923506e-01
7.038171922062638197e-01
5.827193239083662268e-01
6.367817135290901875e-01
6.905103389104573219e-01
6.568889570029031733e-01
6.629131831499985861e-01
6.579020747825827797e-01
5.676864527625389290e-01
6.379853369475342317e-01
6.125728269918707669e-01
6.005949721489267645e-01
5.654753732612318728e-01
6.870934230200150816e-01
6.305715610975380914e-01
6.780519227773464941e-01
5.942387358013712095e-01
6.036519817301816415e-01
5.125697330703324894e-01
6.135573137678502764e-01
6.316514286963923475e-01
6.418950812651632587e-01
4.728922303926857973e-01
6.250759632994957737e-01
6.125865795601193042e-01
6.018892640359888579e-01
6.207955936668623220e-01
5.935648740976693372e-01
6.041567972165687861e-01
5.939356964808182315e-01
6.219078935107158479e-01
6.211990515629941534e-01
6.164003879903269256e-01
6.110275107007826501e-01
6.047512317507226509e-01
