3.158993614656063070e-02
6.052063714362576619e-02
4.020327631042000527e-02
8.144538712768145672e-02
6.566961070222754326e-02
7.380873561096723545e-02
1.567397974312246742e-02
6.360881596605394428e-02
9.152146115716573715e-02
3.923224449791200968e-02
1.863201300927072590e-02
7.914578074926116591e-02
8.022837023844306414e-02
5.785019588214519726e-02
8.452358313718190408e-02
5.997962332937759738e-02
4.428036327698280095e-02
5.240122171567639098e-02
5.942908017079245875e-02
7.185313834195368454e-02
