4.443916018334542230e-03
5.045603565107718153e-02
2.919672764670770693e-02
7.268165845054999977e-03
7.748105246833891790e-02
1.806616548119822571e-02
9.686384711117165813e-02
9.467362700002751597e-02
3.204183472857361978e-03
5.139099100798479036e-02
1.218543365035075292e-04
4.393982288682046766e-02
5.104698040997284088e-03
9.626749200598879938e-03
7.189888660544134502e-02
3.632230014728486667e-02
6.099235761120012228e-02
5.114011028669735587e-02
5.873678179645601405e-02
4.440639591817092946e-02
1.168590835869983378e-02
3.120539592300923190e-02
4.403237596080834815e-02
3.769346826156719926e-02
6.004818296299171271e-02
