3.306155964511799800e-02
2.369053478116299113e-02
5.305414262075325293e-02
2.513424412218801668e-02
5.558539173339117206e-02
3.126625068516829947e-02
7.372583856825795645e-02
6.357185548745321324e-02
5.014583087228124264e-02
5.797886419837931793e-02
5.730991677153116949e-03
5.070142980986983711e-02
9.377591994897167479e-03
2.137383077362335626e-02
5.850052344327189013e-02
1.977721146388755624e-02
5.093291691246052549e-02
2.000815863015816334e-02
6.329388747081840516e-02
1.766159609257905716e-02
3.565887120745330624e-02
4.623345422518850001e-02
6.474152517112123639e-02
5.753234886267987597e-02
5.870345489502440395e-02
