1.998569351771655594e-02
1.229641251949112335e-02
5.301862915358687006e-02
8.495783198624070123e-03
3.992081934731977338e-02
1.766734796040044311e-02
9.070336967463209221e-02
7.831170961514698214e-02
4.685676768798803515e-02
5.235598407087392603e-02
2.861279480031602134e-03
7.287728994924737302e-02
5.889771468065398315e-03
1.224964390211672784e-02
1.150138366637681736e-01
1.030752969035259731e-02
3.863349974019658628e-02
1.172515825483528423e-02
6.735272701808431295e-02
9.597458449268835359e-03
1.898690329750015240e-02
4.060993001900273930e-02
5.072449388794589287e-02
5.716400430553016110e-02
6.639395712827428353e-02
