3.709880827820073723e-02
6.681450384902581918e-02
3.494385166105053869e-02
8.990364695082578295e-02
1.617643859577537757e-01
3.192939417938128743e-01
4.469183911022772682e-02
2.985232198451843733e-01
1.000276928018022510e-01
2.327100661916535473e-02
1.626352598927859744e-02
5.272040457880303732e-01
1.389176972642917063e-01
5.853575608869228397e-02
9.181462304163050259e-02
1.609645578570797000e-02
3.106144265588063266e-02
6.767315277263881435e-02
1.168569133194168191e-01
2.438279848981779463e-01
