6.740623897564870792e-02
8.533312260439911145e-02
8.883258187645978396e-03
9.048542144544745314e-02
5.067984029241730248e-02
7.615944764091311936e-02
6.252538363277930500e-02
6.529172265791467755e-02
6.918766684998402250e-02
6.157421560790685838e-02
5.128395934341941492e-02
9.534853058732739584e-02
1.342090390487357156e-02
2.076037717997067031e-02
2.607168249362783533e-02
2.078849612815415401e-02
9.944885582294350421e-03
5.211305158598013992e-02
2.550205230202529094e-02
4.723974299727061454e-02
