6.027873730029510019e-02
5.762499631578161391e-02
1.245857596892173749e-02
8.084112140642706057e-02
4.833792335359795439e-02
6.006187656914214329e-02
4.318798242586217861e-02
5.949297775023259377e-02
7.108170669416358223e-02
4.893179076084096246e-02
5.691903806401968358e-02
6.252714192549646555e-02
2.011715872190451143e-02
3.139330841970958130e-02
4.509771699845549486e-02
2.763438493664183496e-02
2.170702928110153362e-02
5.089063564631568504e-02
3.824114404504513898e-02
6.085603451115612766e-02
