0.000000000000000000e+00
4.524999999999999162e-02
0.000000000000000000e+00
3.492857142857130892e-03
0.000000000000000000e+00
2.092142857142858040e-02
1.137142857142856532e-02
0.000000000000000000e+00
0.000000000000000000e+00
6.671428571428583351e-03
3.571428571430557142e-05
2.107142857142851704e-03
0.000000000000000000e+00
0.000000000000000000e+00
0.000000000000000000e+00
0.000000000000000000e+00
0.000000000000000000e+00
0.000000000000000000e+00
0.000000000000000000e+00
0.000000000000000000e+00
