2.920979403345639464e-02
3.064035120537093870e-02
6.623386737523677403e-02
2.487662032436726081e-02
7.007733942355046097e-02
3.305032648261030381e-02
6.205897660127127069e-02
7.412655835723307163e-02
2.414286588033742395e-02
3.585484425980643708e-02
9.432674974760871245e-03
7.653925128590981231e-02
2.826303985184567061e-02
8.222986421597936954e-03
6.692098656467690421e-02
2.013950249001766543e-02
4.765336156783065574e-02
4.439971046509830210e-02
5.798353114569593930e-02
3.356001332977685825e-02
2.538375581199613443e-02
5.628607244118952191e-02
5.703134398068275546e-02
6.671612499581412725e-02
7.566481022201597406e-02
