2.239246932880921762e-02
5.237928507087734331e-02
4.264089224001859496e-02
2.955377669432807455e-02
3.822375659027536093e-02
2.480565607221932312e-02
4.474839454796184640e-02
4.602405261752562371e-02
9.601437043902901272e-03
4.939920490420609406e-02
3.434572629362744184e-02
3.804970379778364192e-02
3.360922867724584762e-02
5.701800012292966569e-02
7.883630763503740591e-02
1.785663377548621367e-02
2.138597369497386574e-02
2.537854577137664894e-02
7.351324581039059280e-02
7.865061006245999825e-03
3.967016188410781713e-02
9.384054110249829411e-03
3.213073773028371494e-02
8.654596141918710628e-02
4.835692903356440808e-02
