4.222636808515470991e-02
5.757717692537175219e-02
2.250022252035294851e-02
7.543939723398268571e-02
6.311619710841434583e-02
9.233738440576197415e-02
5.839670062104993821e-03
5.420766212493029201e-02
6.930169836815003315e-02
1.822896005996649596e-02
4.700757527558632048e-02
1.605834314300566279e-01
7.335285409559324371e-03
1.743751381190727923e-02
7.840588954695794366e-02
8.293226760973673728e-03
2.442136131040105549e-03
2.617139186166531073e-02
7.882511885779540373e-02
7.272369402026788998e-02
