7.137627141624369731e-02
7.312400660864076807e-02
1.688035103065535503e-02
1.701270043223214179e-01
1.163295213468936301e-01
2.693651986423779565e-01
1.322458005987870062e-02
8.543179249722909763e-02
1.609753343128843550e-01
3.724590009350976089e-02
8.550988929308708797e-02
9.405590779694137371e-01
1.684787008886016318e-02
1.889949612079898367e-02
9.082123873969828731e-02
1.984548099870282398e-02
1.121702990991364432e-02
5.353633604103429089e-02
8.179418280840908273e-02
6.446831456909692115e-02
