1.228400060498296281e-02
1.593775780879859438e-02
5.921046690169435613e-03
1.805637678032803381e-02
1.883202510461445822e-02
2.461318453539042619e-02
1.274630702180500064e-03
1.985745479434318506e-02
2.696463579073822558e-02
4.317983973506882810e-03
1.737210643834779036e-02
6.729002653588279925e-02
2.529170210212743335e-03
6.538013848638258262e-03
2.058168487658711479e-02
2.598950801905178156e-03
9.520629336084478677e-04
1.034455446930396434e-02
2.395284979578520337e-02
1.923562630659758285e-02
