2.007531414808908649e-02
1.697932965651994738e-02
1.004554638582006165e-01
7.814161121792071243e-03
6.350899287347407107e-02
1.218772043236959930e-02
9.969959601910591274e-02
9.467017257669510522e-02
1.769487053834154291e-02
3.188596870552943413e-02
2.801632857310209883e-03
4.401294353769915485e-02
1.278742718981721281e-02
3.021900512812250670e-03
6.800751699341954504e-02
1.639937125821565658e-02
2.227733905977554232e-02
3.103831603814274573e-02
4.327590237551308394e-02
7.856665884210268028e-03
2.174765566818364845e-02
5.891606794487298099e-02
2.665938827173052958e-02
8.515041489845849576e-02
9.107586757972131741e-02
