3.592087090382634074e-02
5.438756698663644445e-02
3.920751185519695536e-02
4.919758686996161812e-02
7.099737143074862089e-02
5.172791404786408059e-02
2.862516468335328870e-02
4.421742765312350332e-02
8.048940709328911147e-02
5.387280403770515480e-02
6.020258575904642237e-03
5.012185592654678362e-02
3.509859084737167872e-02
6.529517488529715252e-02
5.609888104570929374e-02
2.544625158280042210e-02
6.205406377129799728e-02
5.044310003490139888e-02
7.667229232374386805e-02
7.148049182537369317e-02
