7.319550752898991430e-02
6.266801477150897581e-02
4.367455291636716114e-02
8.348041886678336798e-02
3.222171177204292969e-02
9.283513895254832948e-02
1.728660518799709708e-02
5.284381451718484640e-02
5.295210075497805424e-02
2.005202263634058707e-02
1.281375555945107186e-02
9.677654668999637055e-02
3.017209724748768154e-02
3.779690725597949913e-02
6.791214808596141017e-02
4.749838157455101018e-02
1.280955339606629391e-02
4.454904201183208790e-02
7.565146447351982217e-02
9.255175014026663372e-02
