7.102513861760662017e-02
5.914866001406501872e-02
3.562794799556079361e-02
9.120681826360584055e-02
2.146014542155986679e-02
9.377407950625721300e-02
8.846426213271989594e-03
7.242493768858600245e-02
3.679651101689160320e-02
1.421779727454152223e-02
8.525844331073300156e-03
1.777433588444488066e-01
1.708856911158124214e-02
1.645639231471460531e-02
4.068501395514001473e-02
3.244845491506367918e-02
5.588808085458286078e-03
2.407884172773981646e-02
6.384154424588402155e-02
1.090147104569499648e-01
