2.257673364425002993e-02
1.960910047657237615e-02
1.056064592490573752e-02
3.157413770438317197e-02
6.055432571710693893e-03
2.471802729666255916e-02
2.214227695937307384e-03
1.967350591066168233e-02
1.378116990283587313e-02
4.788359748438318110e-03
2.654293150677962572e-03
5.540999848721605420e-02
4.814224444006511006e-03
4.598404980620901701e-03
1.075813908108055710e-02
1.394200349786075405e-02
1.680996398022699574e-03
1.050178474657214450e-02
1.811513012991581781e-02
2.795631802062722646e-02
