1.726498814599880527e-01
6.708002293893410017e-02
2.314703999778676413e-02
3.380691318993547245e-01
3.693340060440137435e-02
1.397981210585941547e-01
1.859843228529563242e-02
6.436392101364997453e-02
3.861185014345722144e-02
7.172828485364696194e-02
2.912913668115551732e-02
7.849049818143282176e-01
1.920704515211605484e-02
4.193646767386255414e-02
4.433645766096054597e-02
4.385888531509921084e-02
1.032034219642929788e-02
5.308722260071146309e-02
5.406745950541403528e-02
1.045752919402586495e-01
