1.884869500950644636e-02
7.845514973052269969e-02
1.668717651829257700e-02
8.536658791074244745e-02
6.577245247906962633e-02
1.079135428803827401e-01
1.713187134526714117e-02
5.669133539014263590e-02
4.945743690234198631e-02
8.177347470871454416e-03
5.193039457903318550e-03
7.483209469019813653e-02
7.899927872378645355e-02
3.852044913854996144e-02
6.195967406322113596e-02
1.337929462492638659e-02
3.139657509520532574e-02
3.752430795389346402e-02
5.935595963544029741e-02
9.433773097973589816e-02
