3.030563776614105323e-02
5.763333388327142315e-02
2.927573992114271967e-02
9.062084254751333334e-02
6.998928078371371986e-02
8.365518592355661309e-02
3.186991743111839553e-02
5.861185137286183122e-02
5.906762018813337817e-02
2.192342430916741428e-02
1.677668936713334197e-02
6.493220686533590635e-02
6.996862354992082478e-02
5.410141230646138555e-02
6.701707280779355125e-02
2.529116062107965995e-02
5.856792439530904976e-02
5.592610847145434994e-02
6.422950923507492194e-02
7.950229969436470312e-02
