3.910307068386741775e-02
5.630788400676902533e-02
3.149632168407538735e-02
6.661485763577289221e-02
6.703090864992074238e-02
7.061491786557039241e-02
2.704268714343193228e-02
5.076370576470611712e-02
5.646226522497441863e-02
1.092881470735514171e-02
8.189647756464902423e-03
5.514407554304207038e-02
5.926806175729146947e-02
5.613036717154953198e-02
4.801944660479094684e-02
5.239195866570288407e-02
6.153925621772276394e-02
3.510315527240812777e-02
7.129914333222180101e-02
6.697484870720044059e-02
