3.448714187101337147e-02
8.353948988616213822e-02
7.172539482664201660e-02
3.771302340395321639e-02
1.076256502947877669e-01
5.540503308086149742e-02
6.609681754636856366e-02
6.267650953359719945e-02
2.441618547569091371e-02
5.387797079580302143e-03
5.799430654752812248e-03
9.388432296979415392e-02
9.650287927159047902e-03
5.846566490693676102e-04
6.285258338242964704e-02
4.883828110613388368e-02
2.845198122579998753e-02
2.949236517458447143e-02
2.686346385234899409e-02
3.399477506020633089e-02
3.043354810739237314e-03
3.836386210462959523e-02
5.883110988920327300e-02
4.839509186381082961e-02
6.082194436387938080e-02
