1.770156220677151018e-02
6.619878323394497166e-02
7.701708471860425897e-02
2.232450861446673776e-02
1.324785431370555377e-01
5.375963386173782110e-02
8.241087766564927919e-02
3.686119118140829959e-02
1.163003085484752910e-02
3.032161580788388100e-03
3.252712972817489376e-03
1.144891585459344580e-01
5.251208409357254955e-03
2.681075884426724234e-04
8.958091913133303663e-02
2.878612596035469776e-02
9.311687787254394402e-03
2.670084503911168347e-02
1.779828741429082678e-02
2.193523432446262827e-02
1.175229065805444501e-03
2.958792423454706041e-02
5.908043484345731206e-02
3.941284495849402270e-02
4.995490266906282839e-02
