6.086979365758169586e-02
4.669239075797002730e-02
5.657732818915280765e-02
2.628298174837575552e-01
4.527700098588198496e-02
3.276465074932773391e-01
3.340860942454952631e-02
7.182918203250071576e-02
3.687192599345059385e-01
1.459443791370036887e-02
1.477373177915946266e-02
3.753728833408260801e-01
4.275291247717241672e-02
2.351695993414550379e-01
3.139933743448814624e-02
1.462535927072767215e-02
3.224527897506200558e-02
1.110427349391429896e-01
1.020309422260620574e-01
9.223852912421952321e-02
