1.169310410545258347e-02
1.936271805271596452e-02
1.042063376683865714e-02
3.396473169647370310e-02
1.321048326750398107e-02
3.152746512304670928e-02
5.524742090294815916e-03
1.358912906539024371e-02
5.248584360517998676e-02
2.440072346520002523e-03
4.817722733496963882e-04
3.840391407659242418e-02
7.066421168409155358e-03
1.696558509016417304e-02
4.127756752557202105e-03
2.791198107217040744e-03
8.120140483286646463e-03
1.505372069853462905e-02
1.726412400868408692e-02
2.425886740958304102e-02
