3.058121740534656616e-02
2.108355025956556994e-02
5.736671616233122301e-02
2.413230480807158213e-02
3.873321552840469639e-02
5.653237604299652524e-02
6.514558175350224078e-02
5.784900686460523606e-02
5.206887511464531465e-02
7.445870016661347568e-02
5.420317404823275830e-04
5.329731730941027895e-02
3.213238764752327642e-02
5.347414930805587975e-03
6.555149252771449997e-02
3.730318555738149078e-02
5.344364284244140090e-02
2.873231258287467504e-02
5.152863839828319970e-02
2.402726559772845952e-02
1.271664568706635384e-02
4.990281939648511661e-02
5.520809917611651380e-02
4.894752890441102233e-02
6.419966787696292088e-02
