2.229970852491821448e-02
4.905712030581301647e-02
6.723611901199727688e-03
6.352373151376917992e-02
1.113404050239766019e-01
8.683418029909395486e-02
4.056507472481625520e-02
8.569582190601122973e-02
5.973489445118434354e-02
2.083603275196277416e-02
7.469672020199114200e-03
9.984826673901731064e-02
4.030651549764677211e-02
2.777703585714663692e-02
4.352496300794365947e-02
1.621082920091568291e-02
1.648558233294174225e-02
4.166185007837298199e-02
5.945130924339838557e-02
1.006533946196724455e-01
