2.213816600974055637e-02
7.826464307690700339e-02
1.940372640947921404e-02
5.792393973500960941e-02
6.393466321370881722e-02
1.021508221523300258e-01
9.547454975290210061e-03
7.138086558098091783e-02
7.087281267794953710e-02
9.662235950056526426e-03
2.154437391216518748e-03
5.311723347983718369e-02
6.721972755390547005e-02
4.136456733744828251e-02
3.570019467870381297e-02
2.438752685606993681e-02
5.219861629175726048e-02
2.582035768096736447e-02
9.017591383310996633e-02
1.025820951155318184e-01
