2.442500013262081937e-02
4.110587985424023205e-02
4.404149071730725090e-02
4.625478650561545141e-02
5.742562587739998697e-02
3.027251135048383834e-02
2.488037375878219756e-02
4.948493640686674189e-02
1.146020842278578158e-02
5.818997984048883410e-02
1.781745755111354204e-02
4.772959465873738427e-02
1.016358596494563483e-02
1.369901002658540853e-02
8.427324572247182899e-02
2.936671434659225005e-02
3.083746758166504981e-02
2.720958896276892344e-02
7.062867551720396209e-02
2.261424511706281587e-02
3.805018737562820830e-02
1.807472562867614221e-02
4.762224419245375540e-02
6.705089202898900647e-02
6.901370547875444739e-02
