1.639368318102778915e-02
3.110089198798608040e-02
3.042648428261043869e-02
4.035321856468803564e-02
6.795529374946734924e-02
1.906767055456812243e-02
2.754653047999945301e-02
8.084762929526104203e-02
1.314999151362757600e-02
6.938173179129540624e-02
9.294682523698832854e-03
5.002746235352253240e-02
7.949239310776281750e-03
9.071659431754116112e-03
1.395778501190235166e-01
2.150542432156190426e-02
2.538271663380200355e-02
1.760429639690632223e-02
6.785848147546127973e-02
2.274492773059697687e-02
2.536156221637235128e-02
1.104769956495868163e-02
4.708246945950277790e-02
5.706413343995464516e-02
9.220426962157642070e-02
