1.484788739459638046e-02
1.678445858430598417e-02
1.812207241058492665e-02
3.489614997977383282e-02
6.577011478704643428e-03
1.353986302206055571e-02
4.582008471338370505e-03
1.559705365327999742e-02
1.725847479616348865e-02
4.293405756486072707e-03
2.843096829377909484e-03
7.150926665093766676e-02
1.018914135221379511e-02
1.531181454655874095e-02
1.521862125789685827e-02
1.349482387704034093e-02
3.724031734051858403e-03
2.742720178470071934e-02
2.218592186032279645e-02
2.065675020251606792e-02
