1.195029005096781699e-01
3.592117983169860335e-02
4.970680903863865241e-02
2.718956369378432436e-01
2.221183035891523966e-02
1.158189425983019993e-01
2.236496937857862868e-02
5.141164343666391329e-02
3.398342907720196954e-02
4.840565806029432927e-02
2.168723497074401263e-02
9.970114990461731441e-01
4.234116654372784699e-02
1.001430483900614954e-01
5.420693618809486330e-02
4.386007481698341731e-02
2.481241714469496415e-02
1.258748229309394895e-01
6.916303336678121527e-02
6.821276801452802463e-02
