3.031229831084587475e-02
3.085421755463357146e-02
6.328064751826575907e-02
1.104664667138269100e-02
5.960467942896827132e-02
2.917502919240027096e-02
6.064360983679051298e-02
5.052428974046273974e-02
4.658093507500671304e-02
7.170733049269019388e-02
8.061578383817784646e-03
6.580161435605932918e-02
1.637442662460202036e-02
9.113112647685902776e-03
7.720236547404447924e-02
3.716344794164055249e-02
6.203025656520586711e-02
2.874341264496029641e-02
5.198386083907542005e-02
3.059607685237070857e-02
9.256495393953284925e-03
4.856380651518830971e-02
6.440915851070501408e-02
6.816089259627559904e-02
8.551064941886571402e-02
