1.385262867156775504e-02
1.757644749616121480e-02
6.720874575675303553e-02
4.684469697432017653e-03
6.681286212941257852e-02
1.411791962606871211e-02
6.311002284664699036e-02
4.206796051258591268e-02
2.887415602253551664e-02
7.227362192761241366e-02
3.027643747688576852e-03
7.608601847025475706e-02
6.861484823068201427e-03
4.371875841802719438e-03
1.309970847366302982e-01
1.713100889576991970e-02
4.360155548760778765e-02
1.701914115337076899e-02
3.214942234032621554e-02
1.839083673973246347e-02
4.143149126498998393e-03
4.461916087280578397e-02
6.412522341791122849e-02
6.786808476962041814e-02
7.902947489013564808e-02
