5.068748573148544601e-02
2.839511647091500640e-02
1.521913366903078144e-02
1.413061272986314565e-01
1.227592608509257693e-01
1.157938870864268777e-01
5.352666004473972255e-02
1.141072793509777250e-01
1.793829298277798689e-01
4.683434988697447732e-02
2.336492442963014615e-02
9.729567342022111820e-01
8.953824145666526568e-02
2.695269298533323893e-02
9.801287335908714926e-02
4.446382529249238297e-02
2.301236106569294268e-02
2.116828316180703329e-01
9.528653011116380855e-02
7.883163139804916231e-02
