7.172620609940972072e-03
1.130338028829082873e-02
3.367058645297101374e-03
1.744282608264458023e-02
2.758551980542721035e-02
1.475387564338376777e-02
1.062110784041378486e-02
1.924270726361964126e-02
2.038775664937972701e-02
9.038108357721704247e-03
1.835130475109442811e-03
6.580002347308945565e-02
1.268330716729947072e-02
7.990851161505604233e-03
1.608725430360888678e-02
8.796527304019472956e-03
1.071469769253095318e-02
4.018602733049137649e-02
1.935219811717346639e-02
1.693680162056684924e-02
