3.003791466482223782e-02
2.714920299633772835e-02
6.334135846519352298e-02
2.367954193818585032e-02
5.799499588205767053e-02
3.277460993059176653e-02
7.159399785393440185e-02
6.417748091575467551e-02
5.441646260274315278e-02
6.567802159744663693e-02
3.548258491682894800e-03
6.950227143761023019e-02
2.288904790898623268e-02
7.778509429402072350e-03
7.481150803597866328e-02
3.832576730898575035e-02
5.129922676828829048e-02
4.430333553527175672e-02
6.792835850958060806e-02
3.223360232815572490e-02
2.689534992496053073e-02
5.456390475159495629e-02
6.130932816649591749e-02
5.852242885540153566e-02
7.155922585654379831e-02
