3.152067787656491482e-02
8.237694532099150424e-02
1.786551690593097055e-02
1.043572116529787458e-01
6.749118018518228401e-02
1.045755228500974132e-01
2.388054223925333702e-02
6.026804972548169270e-02
5.454944512736954743e-02
1.115207071626391107e-02
6.335798129620306800e-03
7.767615733777406828e-02
4.332951339653862838e-02
3.222782408176824015e-02
3.801866349864015115e-02
1.557244638717055624e-02
2.004932364826656974e-02
2.631254544810059798e-02
8.390144778659305858e-02
9.853911768541345761e-02
