3.798869207914488261e-02
5.885057320044324164e-02
2.342297204113987993e-02
9.615396940092911515e-02
6.067340773685379191e-02
7.054922032854839264e-02
3.409473607130471956e-02
5.767844754677264874e-02
5.088097468366479387e-02
3.174126284760442340e-02
9.288672533142586923e-03
7.673557336375136373e-02
5.444664317267902676e-02
3.429806730818317495e-02
4.962758439793059362e-02
2.134955212433796087e-02
3.892408770289330910e-02
4.347420217397296449e-02
7.278904110540625194e-02
6.357827536917590172e-02
