2.937967740574782410e-02
6.788720663100170083e-02
1.234401550140266750e-02
7.432550306125650097e-02
6.354433326847334917e-02
7.200186302263447691e-02
1.183625873235430101e-02
4.009807284920678672e-02
9.699501114957620462e-02
1.117606176376271035e-02
7.040711551351433103e-03
1.071822736578969260e-01
2.702140368701182530e-02
4.939579678442079097e-02
7.840378703608455457e-02
1.156710692812261757e-02
3.284254085534669271e-02
2.731985647412456600e-02
7.251699815827730711e-02
1.071215214819468409e-01
