3.365705419301978640e-02
6.399457512363095069e-02
1.504915930679058891e-02
6.307938513674513081e-02
3.965708677522640502e-02
1.064465087986180281e-01
3.902725534963288629e-03
2.581952944548097234e-02
1.282467995464900146e-01
2.080138105661049133e-02
2.120818710372782134e-02
8.020911383351263246e-02
5.520678918151537135e-02
3.397430845393317050e-02
4.577792741227252465e-02
4.151499285417186574e-02
3.004880559787355063e-02
3.421639964121839239e-02
6.557479442716661333e-02
9.161447657703235270e-02
