2.753165283086394730e-02
8.139172998818773597e-02
1.707720447163005306e-02
5.665836060236984634e-02
6.926409421824787638e-02
1.015590516508140667e-01
3.127570838300456485e-02
5.521782512123634551e-02
8.957740498315845679e-02
5.460387514816370663e-03
1.887520654652890227e-03
6.622607130032433231e-02
4.513364565755281083e-02
3.838192305499922574e-02
4.688508383593146395e-02
1.447194360577911364e-02
4.393761853087347485e-02
3.809032275676498686e-02
7.335791909694440449e-02
9.661453174184822523e-02
