3.824249145525286664e-02
2.784838287728199149e-02
6.314394420383256934e-02
1.677003382063211798e-02
6.866990687547976091e-02
2.019957260204378879e-02
7.446494944029298513e-02
6.228695767805773886e-02
1.906943744494435378e-02
2.657502516840162810e-02
0.000000000000000000e+00
7.164121372472803673e-02
3.738739806276355354e-02
6.817763130704569685e-03
7.592696201836814096e-02
2.086265196259194654e-02
5.155903098216349512e-02
5.032548898154624861e-02
7.146233742163878022e-02
2.519125036700813405e-02
3.603371727510271127e-02
4.853614790817183111e-02
4.000417832235924481e-02
7.530508540204348955e-02
6.552689115797176445e-02
