5.648667742910360584e-02
7.659298669540443028e-02
5.533763253842121504e-02
7.338654569724774313e-02
6.981234228847664480e-02
7.465897596765741495e-02
4.145156969960678284e-02
6.671407860055329764e-02
6.606533086310066583e-02
1.060080096904229829e-02
6.314385460967881537e-03
8.094171286929681408e-02
3.711856578614027707e-02
4.987778588482821851e-02
4.498492960207239183e-02
1.497220791769695962e-02
2.849925568403282108e-02
4.091132329227467612e-02
6.226315116675088662e-02
7.103622329836584148e-02
