3.696742261684540093e-02
9.278620463424978870e-02
4.536332587569225777e-02
7.787605679336782882e-02
8.607255153964984973e-02
7.826367242822687698e-02
2.883992409883763888e-02
7.398829363968674466e-02
6.806024851546429999e-02
6.802679752713761824e-03
3.914198081436379151e-03
9.340385159192182707e-02
2.378957959112099410e-02
3.335754535514584562e-02
3.023298924198490265e-02
1.081441944156840210e-02
1.408044988927031199e-02
3.115921542052821000e-02
6.249937228284312141e-02
1.017279992094456686e-01
