1.187829743424445930e-02
2.848918890899287265e-02
1.299198737631565397e-02
2.274866988047737418e-02
3.862076480961706970e-02
3.415000983725711287e-02
9.467294204443824079e-03
2.028013635376376897e-02
2.499024599315079198e-02
2.245937503893207475e-03
1.396029636323947113e-03
3.522262374860152950e-02
6.422029106010095773e-03
1.485484639966230466e-02
9.974771210231098487e-03
3.360126807685042283e-03
5.045751614430484151e-03
1.191756735674547735e-02
2.061223343487512960e-02
4.890887727904458249e-02
