6.688158806468273709e-02
6.576483087680209949e-02
4.869577384262185199e-02
1.500673200014875641e-01
1.543176200958370214e-01
3.259824471413372282e-01
5.326799103807079716e-02
1.020482490615566701e-01
1.175753946653727983e-01
1.384893044781857624e-02
1.980646669253880582e-02
4.177642945517589523e-01
2.214745795244401141e-02
1.282479908547682623e-01
6.801288271966381138e-02
2.157280962936627272e-02
2.313660590920139926e-02
3.988829384795469779e-02
1.956677097988544500e-01
4.317059621367612121e-01
