1.521350673505908642e-02
5.050922304663534035e-02
8.280073441572721737e-02
3.671300834981255229e-02
7.389149396570848793e-02
3.268654213477223403e-02
6.358587301515053469e-02
7.378233416586768567e-02
5.244597357834245022e-02
5.253356977286997159e-02
2.543940381615760263e-02
6.860254828288350759e-02
2.669433819548760328e-02
1.068992846813611973e-02
6.612849640436917198e-02
1.496928329599155755e-02
3.614109554858498802e-02
3.150122955802658886e-02
5.335654046006858831e-02
3.327468431389182107e-02
1.168055328236105792e-02
2.981645708105805370e-02
3.889795041808216669e-02
5.960927091032281605e-02
5.945780806321453171e-02
