1.227468706211582231e-02
2.175785763727276431e-02
8.570643793564425295e-03
2.433767961133037963e-02
3.499785049898351819e-02
2.520192192783754503e-02
1.906252816921716678e-02
4.970600324786791230e-02
2.575242126217341596e-02
3.996386892544608743e-03
1.279892456914404454e-03
2.861493861636332445e-02
4.879149322013702321e-03
1.183773483477399899e-02
5.908508047330815298e-03
3.972576641578659355e-03
5.726346294660797712e-03
1.607719406066879936e-02
1.948892147442033915e-02
4.057694320085807743e-02
