8.532016786766352667e-02
6.221805493171819745e-02
3.773523708469569277e-02
1.532475052367866519e-01
1.795636914434815545e-01
1.888185080393627036e-01
1.248114130743395445e-01
2.561240258881873344e-01
1.348773939115362197e-01
1.540069503799136250e-02
2.077055992748752522e-02
3.174921960487054884e-01
1.906622280128689520e-02
6.855839849975085831e-02
2.749593348779954746e-02
2.188072744453251409e-02
3.233027398398551078e-02
6.310977719872498670e-02
2.438661083333591439e-01
4.609271895185340084e-01
