9.062485726604987968e-02
6.238737382156295946e-02
2.594293600379224060e-02
6.668781220823406797e-02
7.627933295190295060e-02
8.513559655647594260e-02
5.662340629835885784e-03
6.545306207787579544e-02
3.516882921295327175e-02
3.644918180877181751e-02
7.357947075085342903e-02
1.021780407740391222e-01
7.847589433786657936e-03
1.579273470313802274e-02
8.812526193482156378e-02
2.340761092846090075e-02
2.175007054230322645e-02
3.572821562961014247e-02
8.822357228218426217e-02
8.402532691226198558e-02
