8.779036069463148906e-02
4.115587095640296789e-02
1.424160962529060978e-02
8.576549163231457495e-02
6.864069391642665940e-02
8.521638572342417339e-02
1.818476142928252210e-03
5.480677640945462448e-02
2.145866056540497030e-02
1.865745211286661681e-02
6.072776740988550248e-02
1.422937275397122558e-01
3.215689640804945872e-03
6.079139463040056715e-03
8.176074750466168217e-02
1.123468870969487367e-02
1.032466158468078356e-02
1.928707459293172582e-02
1.118627550641717316e-01
7.366197071127134066e-02
