1.408211475972348248e-01
4.797165382696449987e-02
1.025461177472087627e-02
2.534284836158523513e-01
1.691253547026481396e-01
1.933366558226664589e-01
9.728527235772358936e-03
4.512122802397973420e-02
3.005934331756014710e-02
4.433290793021644333e-02
1.978742711131899756e-01
8.047538175470390076e-01
1.385941586523259557e-02
1.792661465613571217e-02
8.061428299731138170e-02
1.490808393693712937e-02
1.473338165256268123e-02
3.657042937295935936e-02
6.988112246972195962e-02
5.712855722644629569e-02
