2.608684497523781898e-02
6.278900552602745266e-02
2.706339381244519601e-02
3.950723695691412546e-02
7.456544987537172542e-02
6.935094161304247717e-02
5.098353194495423152e-02
7.909860506061740237e-02
7.525185994811266210e-02
3.809304121803685356e-02
1.432264788403241063e-02
6.656031001585717422e-02
5.042044492728424421e-02
4.017349035313550615e-02
5.865654163149432859e-02
1.913505391258316785e-02
4.102140174907714654e-02
4.067224342847484964e-02
6.242226881982886055e-02
7.012268513328127895e-02
