4.333245965743366679e-03
2.218575082395734394e-02
5.792782349652621753e-03
1.024087827743768234e-02
3.444255199672029838e-02
3.371539349371312916e-02
1.736065090550732021e-02
2.783308645481809632e-02
2.629153089719139802e-02
6.337567501469581685e-03
2.476408473364168864e-03
3.414610859240230223e-02
1.601612986172550740e-02
8.602958959093276112e-03
1.410922869396238899e-02
3.607938373317398032e-03
8.167301384705980688e-03
1.284663011673402994e-02
1.980246514621857717e-02
3.770879940502556982e-02
