3.184457688804145231e-02
6.222039793823011533e-02
2.456756068331470561e-02
6.038210536136293799e-02
1.826000058822033756e-01
4.201485561189597928e-01
8.261405687168860146e-02
1.907550293001470110e-01
1.618347009513536883e-01
5.556458507142437303e-02
2.765792239010742004e-02
4.352669985136408126e-01
8.178769028128060614e-02
7.602056929951428454e-02
4.261165233534531388e-02
1.543055620599838480e-02
4.167734065829451634e-02
7.424373973107877001e-02
1.366999051068144011e-01
1.834338877214032604e-01
