1.778859023382411975e-02
4.750542969383621250e-02
6.081811515934083118e-02
4.908097013270590336e-02
1.078819930845810876e-01
4.195912659682911328e-02
8.036601081854806428e-02
7.892434875718418175e-02
4.609790841456211374e-02
7.394528331955924072e-02
1.037162376095316328e-02
7.733207787284912538e-02
2.335069109275929658e-02
7.261942643134692600e-03
7.242194240349950074e-02
1.545809078581470049e-02
4.266609377105783779e-02
3.478564488245610570e-02
6.000234916354080933e-02
4.285210101213622613e-02
1.025863872019761730e-02
4.466105714545531152e-02
5.204852341438153535e-02
6.143870042383239166e-02
6.468338473540925782e-02
