3.508017187984212304e-02
8.733112341952699309e-02
4.497215845314779525e-02
7.038468722739055217e-02
7.538615819196435586e-02
8.666219413008140193e-02
5.820878037763396740e-02
8.864105750827723507e-02
7.620475684656120852e-02
2.184230840835162807e-02
5.709217181119673884e-03
6.225367833386644123e-02
2.323499546181737041e-02
1.378296091439064168e-02
3.630754387919127302e-02
1.317492428994016147e-02
1.640664884390098666e-02
4.056240783302184766e-02
6.041018296387561798e-02
8.344404385609882624e-02
