5.666524380862493493e-02
8.793455065996706732e-02
6.092966934787733685e-02
9.780274314305689720e-02
1.366334738537496041e-01
5.907836499678538189e-01
7.192011304457551768e-02
1.836183281767189701e-01
1.352389717393877311e-01
2.568965379094558660e-02
2.016046380490828238e-02
2.739274097360857030e-01
4.592280496868613587e-02
6.841726353726360066e-02
5.591370977189596275e-02
1.925690780539566008e-02
4.405977238037556143e-02
9.585960655638149641e-02
6.954534359519695674e-02
1.289525266044567464e-01
