2.952835209974605246e-02
5.172756552474521569e-02
3.520673910883385938e-02
5.228849489614890989e-02
7.363014446260100765e-02
5.917575504156075833e-02
2.693959504028330121e-02
5.129684486638994012e-02
7.153624850945564106e-02
8.251308740933964089e-03
5.790777044496141571e-03
7.251308857480071035e-02
6.048270986462811472e-02
3.561214434858340355e-02
4.618093020293707884e-02
2.376029211259903309e-02
3.565826461084233012e-02
5.606194423427079965e-02
6.396001776630044766e-02
6.521670395282536115e-02
