1.839921096692121588e-02
1.881102590016330012e-02
9.514639589345688653e-02
8.384658608398832744e-03
5.643535230303682593e-02
1.185927779918615095e-02
9.464396536813088345e-02
7.081331859683523411e-02
4.120036571231779771e-02
3.756890512561039674e-02
4.334000609343792616e-03
5.211158766427626682e-02
7.225104424940884985e-03
4.068239544774266032e-03
4.947230043884424944e-02
2.604712282711956622e-02
2.899687787692686869e-02
4.431539299888594130e-02
6.742065349203500702e-02
1.104611152023163290e-02
4.117566948427150292e-02
4.302994255861183198e-02
3.177776013121302173e-02
6.296724925528604522e-02
7.274951089918164915e-02
