2.691944885743328617e-02
2.945336007403467904e-02
5.278066632569039518e-02
9.953802401247673418e-03
3.996793955004779297e-02
2.106039143673764033e-02
9.354223900903961553e-02
8.864188351560743639e-02
1.882441255161396501e-02
5.493997897838259759e-02
1.356000790281660425e-03
5.811759962792153317e-02
1.150899028586888605e-02
3.440837578605686342e-03
3.754603143426755996e-02
3.326761449237486401e-02
3.845696115771655987e-02
3.619650054481610146e-02
2.295078912229735896e-02
8.886542067874545273e-03
2.049862030841139576e-02
5.970828682801167242e-02
4.666972117469331272e-02
8.824745047555175581e-02
9.706393141147205694e-02
