3.162447405742702805e-02
3.114711786005056396e-02
5.238599973624568501e-02
1.810029957083450491e-02
4.230333672551101626e-02
3.618952656877614388e-02
5.908714172077213916e-02
5.269045778858191115e-02
2.749424148317046110e-02
4.731199529202070181e-02
2.884443423244625968e-03
4.989169749273405369e-02
2.336477430236766351e-02
6.967206624614090578e-03
3.883504942270327859e-02
3.867491678362808272e-02
5.273725100455223247e-02
4.818991379091470961e-02
3.868590326502568261e-02
1.850594293267892806e-02
3.725602783377220811e-02
7.054353566387103203e-02
5.965506475220514609e-02
5.858750374918082759e-02
7.004146410711067916e-02
