3.281410568023883367e-02
7.942799205031796095e-02
4.684165265510886744e-02
6.672177355884464922e-02
6.612272090922065304e-02
4.491753298791242854e-02
5.679178146287857526e-02
6.798711302529418521e-02
7.276296230067050286e-03
4.204400309839627370e-02
2.965762631230919877e-02
6.083298033843588526e-02
3.650636526013376071e-02
1.552818115467613502e-02
1.224938075374631535e-01
5.439518596161927594e-02
2.799874858869634900e-02
4.951958500806242364e-02
6.578007935430128794e-02
2.573140942438838577e-02
1.659412244844722314e-02
3.744234492740965148e-02
4.884894398917786346e-02
8.006411151139967985e-02
9.120535114950592548e-02
