1.595794445544146747e-02
4.993763060278599147e-02
3.152884683144890204e-02
5.139413955163445180e-02
6.623131158841133459e-02
1.562568027841971380e-02
3.994270963721005541e-02
5.281812722528047427e-02
2.570447795333314408e-03
3.081753524130917063e-02
1.151138845184499979e-02
5.962010093903365865e-02
1.721841435526933958e-02
4.429367411397971271e-03
1.659772894020263290e-01
3.290293489549323686e-02
1.371159387875630492e-02
3.458582979851558548e-02
4.539376613664990179e-02
1.186664114300713460e-02
4.679476107424030730e-03
2.158264485133571178e-02
4.004288709145525232e-02
6.546495485416330140e-02
1.141883374763524722e-01
