2.340868666564146702e-02
1.527190922120305258e-02
1.273432826222803405e-02
3.478905920886943975e-02
6.772391742438977486e-03
2.072316788366488846e-02
1.845253760985117843e-03
2.882186574522626124e-02
1.353367411028444378e-02
2.533772024183335563e-03
2.410599679927790968e-03
6.018226006308994430e-02
4.936517326081050691e-03
9.204822430524062238e-03
1.374068804268859315e-02
4.536484777575599744e-03
1.745378970582542192e-03
2.061711874255534732e-02
2.436181776585021400e-02
2.734741259205364372e-02
