2.734168603228962713e+00
2.760380993150684859e+00
2.611454256360078219e+00
3.490100599315068663e+00
2.854689028864970446e+00
3.368272994129158704e+00
3.327834515655577086e+00
3.082612218688845385e+00
3.107058769569471579e+00
3.267788343933463846e+00
2.936131665851271944e+00
2.864106837084148705e+00
2.832115337573385627e+00
2.729864848336594818e+00
3.286937377690802187e+00
3.098344239236790809e+00
4.350561093444227367e+00
2.853618823385518422e+00
3.027787120841487489e+00
2.491981103228962713e+00
3.097870291095890405e+00
3.350851577788649838e+00
3.078935298434442469e+00
2.699341059197651660e+00
2.642360261741683036e+00
2.677860506360078219e+00
2.787036753913894493e+00
2.661455785225049109e+00
2.566077544031311053e+00
3.384524828767123239e+00
3.476279659980430647e+00
2.638599253913894493e+00
2.895318615459882672e+00
2.557110750978473401e+00
3.291676859099804453e+00
3.411700403620352429e+00
2.909017245596869028e+00
4.221226761252446558e+00
3.407297272504892227e+00
2.935306078767123239e+00
3.511604085127201458e+00
3.412740031800391538e+00
3.707466976516633927e+00
3.472732693248532510e+00
3.321436215753424737e+00
3.281242355675146882e+00
5.458560114970645749e+00
4.365819165851272388e+00
3.856049718688845385e+00
3.230117111056751256e+00
3.124334943737768988e+00
3.630572712818004089e+00
3.115773299902152793e+00
3.129227311643835829e+00
3.543587940313111417e+00
3.776457008317025466e+00
3.532106164383561620e+00
4.012773666829745345e+00
4.579409246575342429e+00
4.250076443248532065e+00
4.307515900195694414e+00
3.056224009295498867e+00
3.309495780332681214e+00
3.080334209882582996e+00
2.604574363992172348e+00
2.951129831213307408e+00
3.391014860567514777e+00
2.800162059686888583e+00
3.135732632093933603e+00
3.245673312133072308e+00
3.245115276418786721e+00
2.602028803816046842e+00
2.791577482876712146e+00
3.626911081213307408e+00
2.853366560665361984e+00
3.190611240215264210e+00
3.797532411937377894e+00
2.853702910958904049e+00
3.426912610078277854e+00
4.473856409001957246e+00
2.894600048923678948e+00
2.707765105185909960e+00
2.774905210371819919e+00
2.884379586594911782e+00
2.602594483855185992e+00
2.401976822407045020e+00
2.545972969667318786e+00
2.595148911448140971e+00
2.966288527397260122e+00
2.465417074363992267e+00
2.620902641878669392e+00
3.512177409491193725e+00
2.540300880626223279e+00
3.309518713307240567e+00
3.431736179060665304e+00
3.208116744129158704e+00
3.823767734833659393e+00
2.384012659001956802e+00
2.447238869863013644e+00
3.209209882583170081e+00
2.603313050391389272e+00
3.266152458414872672e+00
2.750879097358121417e+00
2.615375795009784898e+00
3.587130014677103684e+00
2.557141328277886316e+00
2.814311704990215102e+00
2.504326687866927692e+00
2.923862524461839474e+00
2.454951993639921781e+00
2.790728962818004089e+00
2.583881176614481578e+00
2.634150256849315141e+00
2.664215386497064575e+00
3.243227128180039109e+00
3.219652030332681214e+00
2.739641939823874939e+00
2.556369251467710324e+00
2.607876712328767166e+00
2.553716670743639838e+00
2.370466915362035021e+00
2.596754219667318786e+00
2.510350415851271944e+00
3.210731103228962713e+00
2.800322590508806275e+00
2.836273850293542065e+00
2.423266267123287854e+00
3.074876161937377894e+00
2.942071306262231012e+00
3.133431690313111417e+00
3.109352067025440203e+00
2.991904659980430647e+00
2.699432791095890405e+00
2.470661081213307408e+00
3.025616132583170081e+00
2.944219361545988178e+00
2.725782778864970446e+00
3.407648911448140971e+00
3.258141205968688947e+00
2.193355552837573441e+00
2.123547578277886316e+00
2.348795254403130972e+00
2.161501651174168259e+00
2.322254158512720323e+00
2.025249204990215102e+00
2.173923679060665304e+00
2.013675697162426559e+00
2.324211105675146882e+00
2.950755259295498867e+00
2.248471135029354251e+00
2.211724865459882672e+00
1.865314640410958846e+00
2.529208965264187814e+00
1.858702299412915870e+00
1.875756788160469757e+00
1.807064885029354251e+00
1.935871758806262166e+00
2.440397199119373806e+00
2.581878363502935425e+00
2.478488869863013644e+00
2.334653253424657571e+00
2.043205724070450202e+00
2.387444960861056842e+00
2.152404904598825830e+00
2.205196612035225101e+00
2.245008255870841296e+00
2.285347358121330608e+00
2.277511925146771254e+00
2.466487279843444291e+00
2.097946734344422914e+00
2.014998165362035021e+00
2.743831029843444291e+00
2.849353290117417004e+00
3.064808586105675303e+00
4.225339408023483401e+00
3.245986729452054576e+00
5.771740459882582996e+00
4.390097541585126883e+00
3.163932546477495222e+00
3.162518346379647571e+00
3.597419275929549798e+00
2.987975477005870850e+00
3.116308402641878583e+00
3.472709760273972712e+00
3.576198630136986356e+00
3.070121391878669392e+00
3.944471624266144616e+00
3.504900012230919959e+00
2.819846196183953158e+00
2.708720645792563442e+00
3.732395119863013644e+00
3.087581029843444291e+00
2.935711227984344251e+00
3.865498104207436558e+00
3.631245413405088218e+00
2.710081335616438380e+00
3.711159185420743523e+00
3.133110628669276032e+00
2.681858488258316964e+00
2.929603412426614373e+00
3.417533023483366073e+00
3.024117844911937247e+00
3.519913466242661659e+00
2.854627874266144616e+00
3.515311582681017732e+00
3.023437500000000000e+00
3.380939640410959068e+00
3.074922027886497045e+00
3.280294459393346518e+00
2.884119679549902227e+00
2.709859650195694858e+00
3.494243823385518422e+00
3.330097235812133238e+00
4.274989297945205102e+00
3.056491560665361984e+00
3.240849743150684859e+00
2.772512536692759433e+00
2.772443737769080041e+00
3.289521159491193725e+00
2.660828950587084130e+00
3.589400379158512511e+00
2.718000856164383361e+00
2.593635335127201458e+00
2.723122553816046842e+00
3.632155088062622106e+00
3.104161570450097773e+00
2.792922884050880405e+00
2.737646771037181903e+00
3.498669887475537976e+00
2.868899828767123239e+00
2.934235873287671215e+00
2.735139432485322875e+00
2.838131421232876761e+00
4.053105124755381539e+00
3.676492172211350162e+00
3.832895058708414737e+00
3.738571734344422914e+00
2.653513331702543887e+00
2.825938723091976357e+00
2.934365826810175992e+00
2.908199302837573441e+00
2.733839897260273766e+00
3.109214469178082307e+00
2.914666401663405182e+00
2.450250733855185992e+00
3.000993762230919959e+00
2.357823202054794454e+00
3.192101883561643927e+00
3.068921232876712146e+00
2.605789811643835829e+00
2.958147321428571619e+00
3.547746453033268299e+00
2.535576687866927692e+00
3.261619373776908137e+00
2.467610995596869028e+00
3.333445450097847207e+00
2.541967343444226923e+00
2.874472541585127328e+00
2.782213184931507044e+00
3.031441108121330608e+00
2.912074975538160526e+00
3.037105552837573441e+00
2.873356470156555709e+00
3.094697896281800364e+00
2.889615949119373806e+00
3.019217832681017732e+00
3.289735200587084130e+00
2.678258011252446114e+00
3.236301369863013644e+00
2.752751956947162348e+00
3.234657840019569353e+00
3.021434686888453847e+00
2.889952299412915870e+00
2.836847174657534332e+00
2.320251345401174170e+00
2.791669214774950891e+00
2.429534613502935425e+00
2.551797945205479312e+00
3.080639982876712146e+00
2.976287304305283765e+00
2.930062071917808098e+00
2.650983060176125061e+00
4.048671416340508422e+00
2.932584699119373806e+00
2.638874449608610728e+00
2.963307240704501133e+00
3.214018162915851295e+00
2.260893162915851295e+00
2.764424840998043198e+00
2.719277458414872672e+00
3.063035102739726234e+00
3.113908084637964979e+00
2.425613074853228746e+00
2.458002079256360162e+00
2.720439395792563442e+00
3.049038343933463846e+00
2.324272260273972712e+00
2.893590998043052753e+00
3.096303204500978623e+00
3.092396954500978623e+00
3.705976333170254211e+00
3.368532901174168259e+00
3.060099681996085952e+00
4.314823874755381539e+00
4.712183524951075952e+00
3.482945511252446114e+00
3.770601455479452024e+00
4.084660897749510688e+00
3.368999204990215102e+00
3.707199425146771254e+00
4.100981531311154171e+00
4.325266022504892227e+00
5.128546966731898138e+00
4.581587879158512955e+00
4.917257827788649394e+00
3.528505687377690769e+00
3.780019263698630283e+00
3.823676002935420648e+00
4.257713123776907693e+00
4.052241316046966801e+00
4.912189640410958624e+00
3.780600232387475668e+00
3.796607448630136883e+00
4.596089163405087774e+00
4.069976149706457491e+00
3.633638087084148705e+00
4.299191230430528421e+00
4.208697712818003644e+00
3.529315985812133238e+00
4.098994006849315141e+00
3.689900318003914048e+00
3.947475843933463846e+00
2.876360689823874939e+00
3.309954439823874939e+00
4.405875428082191902e+00
3.757552592954990001e+00
4.004349620841487045e+00
3.747523238747553886e+00
3.669061888454011822e+00
3.222159368884540243e+00
4.144317208904109151e+00
4.566398605675146882e+00
4.022558402641879027e+00
3.147153253424657571e+00
4.147841242661447936e+00
4.554381727005870850e+00
3.761894569471624372e+00
3.442247125733855384e+00
4.435795315557729879e+00
4.611859405577299675e+00
4.150363869863014088e+00
3.348611790606653482e+00
4.247798434442270121e+00
3.236928204500978623e+00
2.849078094422700769e+00
3.393568065068492956e+00
4.053540851272015466e+00
3.507384417808219190e+00
4.129005626223092307e+00
3.059908573874755344e+00
3.199723275440313319e+00
3.349704929060665304e+00
3.628615765655577086e+00
3.110475782778864939e+00
3.600301186399217368e+00
3.517551369863013644e+00
3.355828033268101862e+00
3.600102433953033199e+00
2.896327666340508866e+00
3.175926492172211457e+00
4.954210494129158704e+00
3.289842221135029554e+00
4.162067331213306964e+00
2.961044520547945424e+00
3.338054977984344251e+00
4.017039200097847207e+00
3.520249816536203724e+00
3.316933708414872672e+00
4.929916829745597084e+00
3.262498471135029554e+00
4.067629341976516599e+00
3.746338368395303320e+00
4.788649706457925426e+00
3.710662304305283765e+00
3.939319349315068663e+00
4.311964897260273766e+00
3.044864542563600729e+00
4.367309809197651660e+00
4.327750428082191902e+00
4.220768101761252389e+00
3.480392306751467490e+00
4.889287243150684859e+00
3.619710127201565708e+00
4.512666646281800809e+00
3.926010579745597084e+00
3.552440068493150527e+00
3.308524951076321052e+00
4.302936949608610284e+00
5.379655393835616195e+00
3.982662671232876761e+00
4.189189395792563886e+00
2.668985445205479312e+00
3.023452788649706680e+00
2.315045560176125061e+00
3.258737463307240567e+00
2.931896709882582996e+00
2.678991866438356073e+00
2.686399217221135061e+00
2.669551125244618461e+00
2.360131788160469757e+00
2.554351149706457935e+00
2.607509784735812186e+00
2.137873043052837652e+00
2.652634234344422914e+00
3.264967588062622106e+00
3.082084760273972712e+00
2.744297333659491134e+00
4.710157778864970446e+00
2.667059075342465668e+00
2.679664567025440203e+00
2.910309136497064575e+00
2.583713001467710324e+00
2.629196734344422914e+00
2.429274706457925426e+00
3.503592832681017732e+00
2.914047211350293320e+00
2.986523055283757166e+00
2.999747737279843562e+00
3.165125061154598907e+00
2.816849620841487489e+00
2.780661386986301498e+00
2.675620719178082307e+00
3.047616499510763077e+00
3.294726944716242834e+00
2.849368578767123239e+00
3.061582681017612551e+00
2.697147137964774899e+00
2.723451259784735790e+00
2.729658451565557531e+00
2.872232754403130972e+00
3.495925574853228746e+00
3.110498715753424737e+00
3.193837145303326963e+00
2.990910897749510688e+00
3.318355552837573441e+00
3.620696245107632105e+00
3.636672884050880405e+00
3.517383194716242834e+00
3.230797455968688947e+00
4.035538466242661215e+00
4.481798862524462024e+00
3.197842771526418826e+00
3.042922884050880405e+00
3.488961594911937247e+00
3.603045499021526599e+00
3.483755809686888583e+00
3.348886986301369717e+00
3.048380931996085952e+00
2.897260273972602551e+00
3.494748348825831741e+00
3.205425941780821741e+00
3.607662671232876761e+00
3.121537120841487489e+00
3.251444777397260122e+00
3.995543358610567530e+00
4.306071122798434736e+00
3.629349620841487489e+00
3.256329500978473401e+00
3.442300636007827652e+00
3.779958109099804453e+00
2.899217221135029554e+00
3.128822162426614373e+00
3.157794153620352429e+00
3.489580785225049109e+00
3.430620107632094129e+00
3.575709393346379716e+00
3.173449730919765344e+00
3.313967710371819919e+00
3.033573874755381539e+00
3.598145486790606640e+00
3.404904598825831741e+00
3.491361912915851295e+00
3.068852433953033199e+00
4.187484711350293765e+00
3.270739053326810364e+00
3.307385946673189636e+00
4.095676369863014088e+00
3.138232326320939514e+00
3.235972663894324697e+00
4.178235078277886316e+00
4.352923189823874495e+00
3.490459882583170081e+00
3.270532656555773077e+00
2.839774951076321052e+00
3.270173373287671215e+00
2.803624938845401093e+00
2.805413710861056842e+00
3.468107876712328785e+00
2.795453155577299231e+00
3.037694165851271944e+00
2.940917013209393360e+00
2.916485750978473401e+00
3.802371269569471579e+00
2.571122798434442469e+00
2.561842588062622106e+00
3.066543847847358339e+00
3.457321734344422914e+00
3.273361056751467490e+00
3.168266878669276032e+00
3.658520364481408826e+00
3.037724743150684859e+00
2.762047455968688947e+00
3.009929977984344251e+00
2.769248409980430647e+00
4.052371269569471579e+00
3.075587084148728056e+00
3.010533879647749433e+00
2.651067147749510688e+00
2.222358121330723968e+00
2.887062744618395183e+00
2.983687010763209191e+00
2.802959882583170081e+00
2.421079990215264210e+00
2.462359344422700769e+00
2.186704990215264210e+00
3.120963796477495222e+00
2.749373165362035021e+00
2.471188539628180081e+00
2.547937561154598907e+00
2.907213184931507044e+00
2.506390655577299231e+00
2.816757888943248744e+00
2.685007950097847207e+00
2.506421232876712146e+00
2.697491132583170081e+00
2.494465508806262388e+00
3.017635457436399271e+00
2.635205173679060486e+00
2.593421294031311053e+00
2.364794826320939514e+00
2.037900562622309231e+00
2.529468872309197813e+00
2.028681506849315141e+00
2.601103840508806275e+00
2.902297884050880405e+00
2.797127262720156438e+00
2.785446734344422914e+00
3.886412977005870850e+00
3.518086472602739878e+00
3.819807974559686681e+00
4.832604574363991823e+00
4.519966976516633927e+00
4.085593505381604373e+00
3.472465141878669392e+00
4.032213184931507044e+00
3.656670437866927692e+00
3.452437010763209191e+00
5.222939090019569797e+00
4.831587879158512955e+00
4.077299412915850851e+00
4.208170254403131416e+00
5.131589408023483401e+00
4.027787120841487045e+00
6.294161264677104128e+00
3.901135946673189636e+00
5.038993701076321052e+00
4.242493272994129150e+00
4.778008806262231012e+00
5.286310543052837652e+00
3.785186827299412915e+00
3.357158145792563442e+00
3.449723275440313319e+00
4.326313295009784454e+00
4.165751895792563886e+00
4.388752140410958624e+00
3.817224192759295587e+00
4.544642857142856762e+00
3.743066597358121417e+00
3.508026541095890405e+00
3.974230980919765344e+00
4.090203033268101862e+00
3.555849437377690769e+00
3.816543847847358339e+00
4.115215264187867206e+00
3.529721135029354251e+00
3.996797027886497045e+00
4.064365215264188258e+00
4.009402519569471579e+00
3.642329684442270121e+00
3.977258133561643927e+00
3.834248104207436558e+00
4.811789077788649394e+00
5.208888820939334252e+00
4.456075709393346074e+00
3.682401235322896316e+00
3.358450036692759433e+00
2.985108855185909960e+00
3.578125000000000000e+00
3.577284124266144616e+00
4.443302042563600729e+00
4.613013698630137327e+00
3.207558708414872672e+00
3.319815618884540243e+00
3.173786081213307408e+00
3.835203644814090040e+00
3.949784430039139149e+00
4.014111423679060486e+00
2.856133806262231012e+00
3.475989175636007733e+00
3.400417380136986356e+00
3.442002507338552064e+00
3.227518040606653482e+00
4.652359038649706235e+00
3.215203033268101862e+00
3.499503118884540243e+00
4.082390533268101862e+00
3.450097847358121417e+00
2.916646281800391538e+00
3.217075892857142794e+00
3.130901418786692592e+00
3.664620535714285587e+00
3.431904354207436558e+00
3.480086533757338341e+00
3.606248471135029554e+00
3.877400318003914048e+00
3.361981714774950891e+00
3.597373409980430647e+00
3.919230063600782632e+00
3.439074730919765344e+00
3.938241499510763077e+00
3.324891450587084130e+00
3.595156555772994089e+00
4.033382766634050931e+00
3.960142490215264210e+00
3.761497064579256477e+00
3.620138209393346518e+00
3.154805222602739878e+00
3.623432913405088218e+00
4.422868762230919515e+00
3.363762842465753522e+00
3.032755931996085952e+00
2.890915484344422914e+00
4.138935604207436114e+00
3.638232326320939514e+00
3.508003608121330608e+00
3.009211411448140971e+00
2.763209393346379716e+00
4.088643590998042754e+00
3.425246147260273766e+00
3.267627813111546153e+00
3.582619863013698502e+00
3.059686888454011822e+00
3.039498226516633927e+00
3.102991988747553886e+00
3.284980430528375628e+00
2.715921599804305142e+00
4.155042196673189636e+00
3.588108488258316964e+00
3.694655088062622106e+00
3.326045743639921781e+00
3.536188233855185992e+00
4.056751467710371983e+00
3.564686276908023643e+00
4.065122003424657571e+00
3.594460922211350162e+00
3.649515349804305142e+00
3.580999266144814008e+00
3.694020609099804453e+00
3.922119618395303320e+00
3.197529354207436558e+00
2.905057485322896316e+00
4.152053265655577086e+00
3.570083170254402916e+00
4.235460494129158704e+00
4.285492600293542509e+00
3.216762475538160526e+00
3.696688478473581174e+00
3.419719300391389272e+00
3.422157840019569353e+00
4.366002629647749878e+00
3.220852189334638016e+00
3.583919398238747611e+00
3.648445144324853118e+00
2.728794642857142794e+00
3.425674229452054576e+00
3.241423067514677125e+00
3.259654782289628017e+00
3.218635335127201458e+00
3.711839530332681214e+00
3.007598458904109595e+00
2.776976822407045020e+00
4.055918236301369717e+00
3.778727372798434292e+00
3.335876345401174170e+00
3.442858671722113684e+00
3.495726822407045020e+00
3.883240582191780810e+00
3.024782901174168259e+00
2.934014187866927692e+00
2.440557729941291498e+00
3.846616621819960891e+00
3.610414628180039109e+00
3.261344178082191902e+00
3.279690557729941336e+00
4.149706457925636194e+00
5.722251100782778543e+00
3.273605675146771254e+00
2.851860628669276032e+00
3.100071856653620284e+00
3.348634723581213279e+00
3.988694043542074574e+00
4.825862279843444291e+00
3.274087267612524332e+00
3.159957497553815831e+00
3.077842159980430647e+00
3.862088735322896316e+00
3.090187744618395183e+00
2.607249877690802187e+00
2.712091793052837652e+00
3.153757950097847207e+00
3.517704256360078219e+00
3.267436704990215102e+00
3.486354880136986356e+00
3.770379770058708502e+00
3.323805956457925426e+00
2.830418297455968624e+00
3.724093383072407004e+00
3.263859160958904049e+00
3.967481042074363806e+00
3.727907901174168259e+00
2.896365887964774899e+00
3.751161937377690769e+00
3.512964774951076397e+00
3.082963857632094129e+00
4.215371208414873117e+00
3.629632460861056842e+00
3.311116377201565708e+00
3.579363380626223279e+00
3.441283940802348340e+00
3.876528864970645749e+00
3.409659368884540243e+00
3.029392429060665304e+00
3.471761863992172348e+00
2.584852005870841296e+00
2.466204439823874939e+00
2.587695694716242834e+00
3.236760029354207369e+00
3.026082436399217368e+00
2.696329195205479312e+00
3.482326320939334696e+00
2.991728840508806275e+00
2.801216976516633927e+00
3.247492661448140971e+00
3.377706090998043198e+00
3.336335004892367895e+00
3.491889371330723968e+00
2.989404965753424737e+00
2.700533573874755344e+00
3.139478351272015466e+00
3.403834393346379716e+00
3.021442331213307408e+00
3.345775746086105507e+00
3.189770364481408826e+00
2.923304488747553886e+00
3.290178571428571619e+00
3.535683708414872672e+00
3.217343444227005911e+00
2.289276541095890405e+00
2.156066536203522510e+00
2.504586594911937247e+00
2.238151296477495222e+00
2.588376039628180081e+00
2.205510029354207369e+00
2.451405026908023643e+00
2.137215631115459757e+00
2.762987707925636194e+00
2.266121881115459757e+00
2.066031678082191902e+00
2.244939456947162348e+00
2.301377507338552064e+00
2.134494251467710324e+00
2.408902580724070486e+00
2.695511252446184169e+00
2.579737952544031376e+00
2.279598825831702591e+00
2.330678204500978623e+00
2.224559686888453847e+00
2.144752935420743523e+00
2.243188906555773077e+00
2.275891328277886316e+00
2.911899156066536154e+00
2.350790423189824008e+00
2.246544765166340607e+00
3.308708414872798542e+00
4.381956335616438380e+00
4.039582314090019999e+00
3.798036937377690769e+00
3.459783206947162348e+00
5.310153192270059108e+00
5.033000550391389716e+00
5.533680895303326963e+00
4.091900073385518866e+00
3.039857509784735790e+00
3.177600599315068663e+00
2.572873348825831741e+00
3.989229146281800364e+00
3.619931812622309231e+00
3.108794031311154615e+00
3.427355980919765344e+00
3.688738380626223279e+00
3.420392000978473401e+00
3.556797333659491134e+00
3.834309258806262388e+00
4.179695144324853118e+00
6.994358488258317408e+00
4.233602923189823564e+00
4.836747798434442025e+00
7.015028742661447936e+00
5.051186399217221457e+00
6.016221257338552064e+00
6.679458170254402916e+00
5.435581274461839918e+00
5.259104390900195547e+00
4.639631237769080485e+00
4.134968199608610284e+00
4.484237402152642105e+00
4.447246514187867206e+00
8.862616193737769876e+00
4.763530454990215546e+00
6.857509784735811742e+00
5.716257950097847207e+00
5.851264371330723968e+00
5.440144936399216924e+00
5.550460188356164615e+00
3.634715936888453847e+00
3.317514677103718057e+00
4.557126039628180081e+00
4.446711411448140971e+00
3.795521954500978623e+00
4.792984038649706235e+00
4.355025379158512955e+00
5.193561949608610284e+00
4.741858794031311497e+00
3.196680834148728056e+00
3.016228901663405182e+00
3.653834393346379716e+00
3.681453339041095951e+00
3.359933035714285587e+00
3.718016144814090040e+00
2.847419275929549798e+00
3.640281005381604817e+00
3.222595095401174170e+00
3.457390533268101862e+00
2.967695083170254211e+00
2.524010824363992267e+00
3.925628363502935425e+00
4.807523544520547532e+00
3.729757827788649838e+00
4.298159246575342429e+00
3.710776969178082307e+00
3.701726088551859029e+00
3.140059319960860851e+00
3.807607632093933603e+00
3.018919704011741700e+00
3.654308341487279677e+00
3.512582558708414737e+00
2.842633928571428381e+00
3.992500917318982268e+00
3.776296477495107773e+00
3.200502996575342429e+00
5.003944471624266477e+00
2.622018713307240567e+00
2.439151174168297409e+00
4.361576565557729879e+00
3.152259662426614373e+00
3.407549535225049109e+00
3.260419214774950891e+00
2.587045927103718057e+00
3.302478290117417004e+00
3.019133745107632105e+00
2.757499082681017732e+00
2.742890777886497045e+00
2.962741560665361984e+00
2.360949730919765344e+00
3.085119557240704413e+00
3.012934197651663482e+00
2.990123532289628017e+00
3.002331519080234656e+00
2.861974070450097773e+00
2.639585371819960891e+00
