8.980082258352143354e-01
8.508307442256161091e-01
8.414200122445439911e-01
8.582846558113121915e-01
8.905625258474454409e-01
8.470715306798561883e-01
8.527062743071811557e-01
8.562103083665718595e-01
8.760954081272400717e-01
8.141929220750645513e-01
8.250426256961890248e-01
8.196698908336804701e-01
8.954565736775146334e-01
8.447155781653212792e-01
8.689424544780630644e-01
8.617144362170008343e-01
8.795591690371767912e-01
8.053520748160629683e-01
8.840274886718039182e-01
8.378772674274982402e-01
8.479490014783869212e-01
8.371153063939880123e-01
8.319516905200471379e-01
8.217000132453800010e-01
8.109964657232848761e-01
8.194583440278631059e-01
8.137370466860629481e-01
8.398549683727606352e-01
8.326640294891372029e-01
8.100021991167190016e-01
8.309047408075249663e-01
8.350419916229098183e-01
8.264962060442846425e-01
8.406104108041593248e-01
9.060520468886417156e-01
9.501769014569803051e-01
9.679270095559414644e-01
9.035015893414548582e-01
8.833593965774272361e-01
8.593860487542492876e-01
8.507802577414891321e-01
9.189242806352037052e-01
8.686770685470824871e-01
9.444093639122008721e-01
9.213489850590153019e-01
9.459677101949641731e-01
9.327895174668039413e-01
8.980719641107046680e-01
9.434521924980417973e-01
9.429355016459639582e-01
8.714513163066852641e-01
8.785290194184499635e-01
9.504666486343434917e-01
8.377932288652192305e-01
8.662791506255328455e-01
9.015802222791191589e-01
9.182124784818873620e-01
8.464721725270005770e-01
9.226238379158501202e-01
8.888936176238153575e-01
8.324468757014398257e-01
8.939122924460727315e-01
8.535841479557316758e-01
8.492313919089248264e-01
8.883607942489865072e-01
9.300975896236128859e-01
9.371814990786524469e-01
8.969782859841021194e-01
8.529680463510268540e-01
9.533131346147172280e-01
9.615407846295929151e-01
9.532276809316366784e-01
8.986864577446815883e-01
9.079107457590473995e-01
9.055248652998511005e-01
9.239157522583003601e-01
9.213324007518091108e-01
8.682389395288410139e-01
9.262634403296035046e-01
9.017896842607535657e-01
9.221019041110937176e-01
9.237441048267664989e-01
9.107359904123686345e-01
9.693302257022049506e-01
9.104079330084806632e-01
8.699494757409095280e-01
8.856586609557353107e-01
9.085973626266947711e-01
8.493205881980059324e-01
9.061991540392984046e-01
8.651836389261033933e-01
8.851990342198643447e-01
9.330745561421117662e-01
9.161692410662798380e-01
8.906204150777738970e-01
9.047755967445308967e-01
9.151925803767178014e-01
8.737353566424292950e-01
9.622935967123975587e-01
9.063249171464606846e-01
9.103891038723668228e-01
9.452152971422826955e-01
8.724283316972811786e-01
9.195963214187622414e-01
9.269472918942153195e-01
9.071373292203553929e-01
9.093843156890387691e-01
8.640521448734426180e-01
9.242045199865959182e-01
9.169428208493548560e-01
9.719079642211803094e-01
9.446440104106911262e-01
8.791741244973587666e-01
8.620098544540416574e-01
9.208638633381021066e-01
9.085452486001214245e-01
8.959394898337155189e-01
9.086574263922507777e-01
8.528248526110259187e-01
9.191415160385667527e-01
8.719014789490719952e-01
8.772942348950100167e-01
8.880422634259876880e-01
9.203406557221942563e-01
8.664756185586065529e-01
9.083220950700037211e-01
8.795414423602181397e-01
9.239975401200266614e-01
9.683746098219385701e-01
8.770261267141368222e-01
8.947078100863530281e-01
8.890485416087492432e-01
8.480034530926959802e-01
8.543809195541807178e-01
8.879828979886699170e-01
8.773321838292977848e-01
8.399597631914573759e-01
9.115885070497756759e-01
9.547450081950578094e-01
8.664692591897276142e-01
8.542243292768026963e-01
9.149851506574239179e-01
8.519778161783189141e-01
8.357770822661085841e-01
8.468787111961739722e-01
8.130681341059303735e-01
8.138386083496247370e-01
8.343707014579637704e-01
8.599304046386555545e-01
8.426855910671831040e-01
8.203641795549537763e-01
8.180996771360097286e-01
7.808169973930154661e-01
8.415831433109172144e-01
7.840973166254827653e-01
7.829179570293985924e-01
9.000426590215115930e-01
8.245912208385572928e-01
8.462396517483063985e-01
8.576885183301543591e-01
8.022682161839840287e-01
8.131833465136966144e-01
9.215966410696934119e-01
8.765851179998186415e-01
8.469027519365273093e-01
8.551721480138499976e-01
8.349198730522360279e-01
8.602489217624882389e-01
7.959791529947659594e-01
8.098145440346682378e-01
7.494992336225174689e-01
8.169410062850699372e-01
8.347082928072917518e-01
9.156807369909831795e-01
7.968903773820841252e-01
9.645470106232370000e-01
8.600915843386667259e-01
8.592436973185949567e-01
8.583380595526659551e-01
8.579301628422755233e-01
8.536997158988872680e-01
9.234516453271677250e-01
9.299819446671856449e-01
8.310844885489572231e-01
8.044091407256834803e-01
8.793842914428953161e-01
8.536786110550373952e-01
8.758389678564846292e-01
8.516027477589680483e-01
9.375711529813330891e-01
8.650509817563118986e-01
9.073983764276206676e-01
9.101184030605674602e-01
8.624645559584193100e-01
8.926464358288594969e-01
8.779575657410205736e-01
8.592225908846455873e-01
8.845516767520467116e-01
9.430095287556442551e-01
8.887221978362375152e-01
9.180061916487125551e-01
9.204515735524749775e-01
9.269739864540773588e-01
8.815654235408789674e-01
8.584555743162407548e-01
8.791208685521056942e-01
8.943782028392643912e-01
9.022295479634561133e-01
9.170442930259113945e-01
9.229203843257488549e-01
8.960601067711462253e-01
9.288845396894319650e-01
9.071917576565797781e-01
9.336712129415656314e-01
9.073563688613104361e-01
8.715375000273123396e-01
8.865858936712733840e-01
8.328810787018287032e-01
9.040811057467889045e-01
9.176631260012074742e-01
9.299096521664819148e-01
8.939988736819663995e-01
9.434270015183219282e-01
9.044328809467392372e-01
8.845838433647250643e-01
9.227182079434220752e-01
8.518600919063288313e-01
9.254424062085536695e-01
9.172961467365062793e-01
9.075698272473665673e-01
9.146876600643831789e-01
9.412485961759124997e-01
8.900776343426077819e-01
9.193329883247093326e-01
9.119384510499837226e-01
9.079762944866407448e-01
8.996744837407629758e-01
9.075461009361738274e-01
9.293987808516603888e-01
8.997649817542611173e-01
8.769688017746519737e-01
9.246015627830945771e-01
8.861792723775935299e-01
9.264485530205612829e-01
9.195933416903605551e-01
8.843869895455387375e-01
8.708584399582168789e-01
9.042008379743307067e-01
9.427179339452920193e-01
8.593393462479830269e-01
8.744495335949702408e-01
8.824644481957963915e-01
9.016358731074638477e-01
8.749543770698375855e-01
9.123903997466691340e-01
8.907323471730499431e-01
8.378682696403947361e-01
8.990463824742133125e-01
8.831647222874871028e-01
9.249505227257545092e-01
8.524961051031429982e-01
9.117691890008360334e-01
8.370152962975934141e-01
8.593152293555514909e-01
8.485627891980018767e-01
9.027260617445705959e-01
8.899393695911850255e-01
8.695777679275302763e-01
9.556618390239632888e-01
8.579320104840753025e-01
8.991541331805307236e-01
9.045715687006233852e-01
8.717497052719265227e-01
7.558131119980644463e-01
8.689201455514454775e-01
8.754317550114895097e-01
8.300436911787936189e-01
9.082867090471888893e-01
8.784874534345143982e-01
8.367002835398689164e-01
8.773776584893524522e-01
9.127841607690158066e-01
8.782360821358127234e-01
8.801328664126724100e-01
7.904881060535861037e-01
8.584255316986946216e-01
8.338776251359654168e-01
8.046725765981173062e-01
8.298418345978137989e-01
8.126148929764478446e-01
8.461837386199795308e-01
8.548348388972635270e-01
8.466376055837189218e-01
7.988143923170509808e-01
8.429828982737475052e-01
9.019295354505488804e-01
8.364750429129683695e-01
8.542212718599575538e-01
8.547875109567868446e-01
8.471714868474635729e-01
9.427204537154172392e-01
9.254987842286233057e-01
9.326684105706365413e-01
9.139646327497932266e-01
8.904771568899652046e-01
9.458446655149985727e-01
9.487501960641830934e-01
9.352786450988270772e-01
9.612934314848611272e-01
9.546993937320980006e-01
9.219398113180011789e-01
9.160469226788228170e-01
9.288975619589506794e-01
9.237946835217820674e-01
9.250125163036413412e-01
8.928193043917910243e-01
9.486997974636133257e-01
9.317878733947855263e-01
9.307208577858417931e-01
9.481961919020571727e-01
9.328626648874214222e-01
9.351512281651210845e-01
9.134669688069833038e-01
9.179855982581628382e-01
8.956745708129251193e-01
8.984501213555083909e-01
8.992686106891835118e-01
9.180095248936680496e-01
9.246827471304079893e-01
9.177377031576372524e-01
8.954440531485399202e-01
9.142673065619959516e-01
9.191528725730029326e-01
8.574794569402532929e-01
9.116447518279429119e-01
9.129643254812918052e-01
9.230350916516127935e-01
9.431266279342866987e-01
8.918323265254892718e-01
8.765994772578067362e-01
8.758886520886397520e-01
9.061597893859938413e-01
9.418016129274306980e-01
9.323043822421982485e-01
8.945855463882280700e-01
9.268969554565161806e-01
9.133407298065727709e-01
8.990635103945168183e-01
9.107896508039241557e-01
9.101013690056870553e-01
9.160629836648828128e-01
9.664792073682824114e-01
9.523230497865136090e-01
9.480561228875716839e-01
9.361372710340395420e-01
9.535938351766459764e-01
9.540976859193943671e-01
9.433650598384093477e-01
9.378767494704104424e-01
9.766216681677468703e-01
9.399780256723029304e-01
9.443451501547222016e-01
9.311751192550393741e-01
9.469246824201670298e-01
9.377225761130176807e-01
9.588925674979923430e-01
9.356789295740923773e-01
9.434992912446454882e-01
9.358315069941618436e-01
9.607137490523582901e-01
9.023631084056595864e-01
9.096856566110894660e-01
8.938641347265029458e-01
9.348688422509288110e-01
8.452472103844032025e-01
8.553308726945333396e-01
9.128130719779705693e-01
8.522760663153511329e-01
9.068353981971870592e-01
8.534239678302231180e-01
9.209101872342925210e-01
8.947204673077857606e-01
9.288410918076133171e-01
8.837937697679143501e-01
9.080979980961986220e-01
8.898834327143592127e-01
8.367350007557006197e-01
9.139875849989262946e-01
9.211601643206026591e-01
9.018817769677784923e-01
9.034988730525891354e-01
8.957595535376360329e-01
9.346464640127536416e-01
9.388896795268812934e-01
9.184560013837193004e-01
9.359299624409350704e-01
8.793805242144145939e-01
8.978093717650527106e-01
8.937770657546382225e-01
8.490309125705773896e-01
9.146205772540634271e-01
9.077511758294114497e-01
9.082810510276954075e-01
9.139938691129121384e-01
9.392637786265667366e-01
9.150111992228238122e-01
9.171187173577004526e-01
9.249802783401164241e-01
8.680860624702154693e-01
9.194937952090227462e-01
9.490532457789673249e-01
8.722817401645976965e-01
8.304370681577244451e-01
9.410591624766935226e-01
9.140681859423982480e-01
9.320143667962199618e-01
9.174272053459895382e-01
9.106705368493075436e-01
9.039150166392539987e-01
9.466012431929624604e-01
9.667117781090448503e-01
9.158250845972135679e-01
9.398803132671635918e-01
9.045816547082752290e-01
9.136734947301037302e-01
8.886175072087176829e-01
9.441544235505723304e-01
9.565802042435371799e-01
8.548667805021348265e-01
8.913822696274467106e-01
8.969989014964314666e-01
8.193927103623289687e-01
9.187127406870857493e-01
8.924579485414201319e-01
9.719428161443726122e-01
9.131613283832866745e-01
9.223959821349227983e-01
9.379656256002601999e-01
8.905991026721673531e-01
9.618010660685187840e-01
9.221333135861423669e-01
8.874976897828479316e-01
9.627118737991262609e-01
8.993083406331655594e-01
9.323337151395501010e-01
9.139609236427788108e-01
8.988307175190446419e-01
9.065287775422340433e-01
9.130255509725210272e-01
9.172155259097938274e-01
9.538784119685015384e-01
8.861794284894560780e-01
9.307204999525792166e-01
9.054204230762389338e-01
9.043675505118220492e-01
9.138904348284453416e-01
8.912844816398580727e-01
9.105192938689899984e-01
9.157020999490523838e-01
9.193259855195218266e-01
8.997140413146010873e-01
8.897173543989232991e-01
9.149028803396579423e-01
8.856323087610896705e-01
9.210564059995085540e-01
9.011490179402892320e-01
9.135507122443793371e-01
9.029159623863809436e-01
9.208492262308027865e-01
9.361595231277639595e-01
9.335691353418315019e-01
9.216730946758933118e-01
9.356522789684094121e-01
9.181457217607924548e-01
9.270744971038706872e-01
9.309037945305461692e-01
9.408797587703198184e-01
9.530146814950333223e-01
9.132778610172933575e-01
9.105270112901384660e-01
9.233741766418879227e-01
9.119498003161150557e-01
8.917692061269145709e-01
9.524978179872094497e-01
9.061816639676510965e-01
9.007864826653542156e-01
9.618810570297653406e-01
9.364677757912881484e-01
9.500314456031661026e-01
9.322702317924742577e-01
9.405973206259972130e-01
9.112037973579771855e-01
8.926184215164605362e-01
9.420134086964000453e-01
9.213803385952977765e-01
9.104635748878984192e-01
8.937836158930335673e-01
9.290996279109966505e-01
9.270508078316348488e-01
9.231766342327587527e-01
8.898351127782814229e-01
9.055061674356409407e-01
9.373138759089707506e-01
8.870255262316698586e-01
9.072771612513885753e-01
9.693479366914025119e-01
9.341562289702290967e-01
9.067593372451067113e-01
9.389829053479401555e-01
9.236482229737051908e-01
9.514518775249740656e-01
9.433027675304497262e-01
9.524813532186403586e-01
9.604115950428804283e-01
9.180885705859387347e-01
9.739587376543505925e-01
8.456312601962931996e-01
8.626545782236900717e-01
7.177697921284070803e-01
8.904078463583916525e-01
8.377170906141928608e-01
8.557844869357357220e-01
8.658208357795363908e-01
8.600463475322746021e-01
8.113679941892881775e-01
8.905847610968512518e-01
9.037942975107371435e-01
8.004962009862550687e-01
8.578107169378854646e-01
8.960873094375789716e-01
9.106853539588776192e-01
9.315096048944904172e-01
9.261666953011638004e-01
8.779667486775449836e-01
8.558371951860926918e-01
8.967114985691195805e-01
9.169418250400503956e-01
9.091355009134851617e-01
8.999578642513736959e-01
8.397467492414423251e-01
7.416325992470915729e-01
8.728674597192331852e-01
7.221207809223308960e-01
8.805297010974522109e-01
8.844924424577198518e-01
8.561036674991193696e-01
8.913992384645910150e-01
8.545997109733748376e-01
8.953001005180476479e-01
8.696401950598270369e-01
8.300529482074380239e-01
8.929799394812499846e-01
8.728311877700697385e-01
8.523835408486584164e-01
8.873509672535908610e-01
8.553390013921204904e-01
8.655743168985359226e-01
8.654970449434753466e-01
8.210826967815695321e-01
8.699952247628647273e-01
8.556298553482899472e-01
8.395857640951247536e-01
8.744364647083684439e-01
8.767360207120420412e-01
8.432033218576815425e-01
8.242504345403133259e-01
8.677963806892846632e-01
8.539947162088927790e-01
8.310709081326848047e-01
8.841964791366784260e-01
9.144263225307105447e-01
8.856596050432543610e-01
8.775218025571814850e-01
8.926187634267244153e-01
9.047235227978922545e-01
9.157120224846582168e-01
8.796979245247888990e-01
8.922664515668681240e-01
8.788274299796365874e-01
8.477194941173695764e-01
8.514771866558608071e-01
8.750426903374501908e-01
8.605167024256287212e-01
8.593991418014422790e-01
8.575751779213006687e-01
8.854990207681749936e-01
8.803814087963612867e-01
8.928933060486966555e-01
8.840282417470096687e-01
8.579162848327199775e-01
8.900371613331170551e-01
8.764456444673108804e-01
8.215872944799801347e-01
8.629360264419405624e-01
8.515037431397689538e-01
8.727227087280180484e-01
8.508526199459631734e-01
8.400079732744704097e-01
8.697360483664573483e-01
8.835667991484059680e-01
8.955988466153103067e-01
8.803593466356589570e-01
8.621520186927934537e-01
8.666012903462099182e-01
8.732197196701212416e-01
8.673571550506357086e-01
8.638595050765829342e-01
8.727220795266876774e-01
8.651432158847431886e-01
8.524562135689447429e-01
8.576439444721875027e-01
8.731570229271725658e-01
8.645481331746669440e-01
8.084762329753194532e-01
8.709269916321850102e-01
9.129536263779597371e-01
8.349682784028564786e-01
8.380708930124526335e-01
9.115791235273289495e-01
9.195686451562822272e-01
8.538415088630809668e-01
8.976298008807874762e-01
8.685986366931572888e-01
9.112867162265456678e-01
9.151643088795813341e-01
8.793308896707272559e-01
9.049859132668810480e-01
9.194951542301250669e-01
9.049828007843627731e-01
9.357751952942008344e-01
9.051942708567634055e-01
8.900684273378887124e-01
8.896963855558714940e-01
8.949592789950360228e-01
9.070529516092512567e-01
8.965884754523096856e-01
8.742286001873340595e-01
8.881108121029677172e-01
8.825051827962769879e-01
8.977630886258117782e-01
8.911339488780183338e-01
8.628165070795082991e-01
8.807535100481577173e-01
8.662381763529474199e-01
8.729622478116250139e-01
8.728223316031203938e-01
8.905027208990470289e-01
9.316272634174110889e-01
8.943317266721272363e-01
8.585783245816775988e-01
8.536016434255935259e-01
8.448343399378797081e-01
8.814589132482447686e-01
8.452730655622351374e-01
8.390935869273833392e-01
8.367632165201452921e-01
8.164031629697425796e-01
8.701795228988384867e-01
8.467034404999447261e-01
8.605345358836955505e-01
9.128024335097484343e-01
8.510499851956330186e-01
8.539500794679342199e-01
8.893465236274826768e-01
8.441680707802765582e-01
8.762128448197386010e-01
8.837851391296487336e-01
8.458524968538168043e-01
8.545877611576417898e-01
8.354012227792761980e-01
8.937322514957486419e-01
9.097000484396955411e-01
8.330562871014696169e-01
9.123411609231986130e-01
8.873541515638715405e-01
9.141063130738540377e-01
8.464358587713503024e-01
8.740921430163111072e-01
8.257295857408277762e-01
8.965890954412947256e-01
8.512785077908793241e-01
8.924235315155180093e-01
7.924178801813268613e-01
8.378055002278026464e-01
8.760632849736690320e-01
8.428852846177204983e-01
8.596300577550372024e-01
8.669835010657949148e-01
8.237581793003089237e-01
8.351646388941715848e-01
8.875118471159942901e-01
8.171749066631646130e-01
8.364870395905421585e-01
8.923137309702987574e-01
8.061147009946949549e-01
8.490821282467650999e-01
8.858512905730194786e-01
8.919993960151223478e-01
8.621819499190632730e-01
9.079959854245538420e-01
8.576776677923736436e-01
8.784613571231085771e-01
8.859174144385546512e-01
8.463313995212256025e-01
8.161268969729152944e-01
8.827926658586735531e-01
8.838491270519643894e-01
8.953398435090508256e-01
9.016325931058541965e-01
9.038361259114255919e-01
7.989960091012645593e-01
8.844237814211859394e-01
8.454169261167416849e-01
8.163757231258654823e-01
8.839547606299686944e-01
8.766608342577966173e-01
8.945714340687096477e-01
8.551698414721127239e-01
8.609548992851187021e-01
8.578075353832437244e-01
8.987755172377477342e-01
8.870671169466115558e-01
8.964350033623399439e-01
9.239637447082451605e-01
9.447183216969483599e-01
8.684312369639883844e-01
9.434114389183682059e-01
9.159913920168181178e-01
9.390411061696313233e-01
9.086422691766489201e-01
8.549991850330519449e-01
9.219326429597615169e-01
8.865589802742797065e-01
9.623337176753058442e-01
9.219314215012411884e-01
9.203682512218656075e-01
9.056524608918247177e-01
9.057754096567506297e-01
9.130988784483446974e-01
8.876236732069484603e-01
8.733746931419916759e-01
7.935759495541032660e-01
8.115668908871814802e-01
7.447958573757205158e-01
7.365686867215774924e-01
7.836184680915870837e-01
7.499228693380610711e-01
8.139435753041694976e-01
7.613583778459619422e-01
7.229020104744835473e-01
7.666250259524631794e-01
7.454846870187913366e-01
7.668872704224203307e-01
8.065294051396779684e-01
8.368190830936137470e-01
8.255878051042357946e-01
7.988431907958218892e-01
7.355498747119069147e-01
7.310740573343986748e-01
8.241963895057423661e-01
7.767856777068619101e-01
8.090071358251358369e-01
8.331292783820402059e-01
7.935579232150971052e-01
7.921199380334928986e-01
8.005137377068127780e-01
7.892512960155109170e-01
7.192826018182668646e-01
7.399777427512712613e-01
7.056361956140102532e-01
7.720637494353579378e-01
6.605379295388755789e-01
7.031237582406385522e-01
6.725161245521182884e-01
7.144438765857437090e-01
7.020096075804036495e-01
6.785966284956178596e-01
6.776224911815610374e-01
7.284709333714908253e-01
6.677154609578068722e-01
6.947581289422372075e-01
7.475955539383059012e-01
7.679751496069865402e-01
6.947952813336168987e-01
7.189147183040963673e-01
6.958607954156429409e-01
6.499508040284839305e-01
7.274975660865650173e-01
6.816915049879956889e-01
6.937545260988232654e-01
7.266072068652695837e-01
7.281870966359369479e-01
6.747973978851973254e-01
9.052120467599841236e-01
9.045168596109549597e-01
8.539941701130651097e-01
8.913929444503658761e-01
8.651610775207649873e-01
8.292580662820809856e-01
8.387381036150620695e-01
8.735759484194964841e-01
7.968464808966488899e-01
7.669279344594825965e-01
8.424277077029728167e-01
8.307199863774481496e-01
9.138977075346464973e-01
8.998897535611997123e-01
8.957157328897533688e-01
9.053160210041755196e-01
8.916075885655281308e-01
8.818779568806073277e-01
8.923829350073844147e-01
8.927145319977619620e-01
9.513560733498437338e-01
8.601859079805668218e-01
9.002564263810327594e-01
8.510837765879526451e-01
9.079707521129936065e-01
8.567934335968382387e-01
7.959938974528109057e-01
8.345793647582988584e-01
8.575587340710745243e-01
8.979269587191900381e-01
8.762757039712404383e-01
8.891918326505275916e-01
8.804968346851363981e-01
8.631325367392133074e-01
8.885569575932505959e-01
8.437163035595107718e-01
8.970901385451852672e-01
8.581892969051797548e-01
8.858769139415176852e-01
8.902880448975225569e-01
8.016689971092512135e-01
9.262672762262166293e-01
9.098654342706883336e-01
9.166847850710555523e-01
8.996264617152947007e-01
9.157612628215237027e-01
9.353584779592294396e-01
9.466461343294909625e-01
8.751295110085296480e-01
9.183479438086468161e-01
9.395495776906817031e-01
8.736072736598737842e-01
8.734581981254671001e-01
8.879657395667874820e-01
8.936338372645451500e-01
9.357519576009587503e-01
8.882488620745988550e-01
9.321107385586863137e-01
9.249692594847374050e-01
9.218764549542231013e-01
8.813182013383856761e-01
9.031521605184529289e-01
8.994772336852823180e-01
9.310557722078980358e-01
9.182229276272861895e-01
9.115242257395180792e-01
9.536859774473653850e-01
9.144677157014933222e-01
9.277403725767723319e-01
9.262795140249671100e-01
9.574049088500273808e-01
8.770269164668820228e-01
8.836211919549500360e-01
9.086662423939464439e-01
9.479906141065155278e-01
9.298148481188279746e-01
9.340246419264222055e-01
8.993096279054397790e-01
8.719411495437743298e-01
8.431632030513458442e-01
8.312728160289937218e-01
8.905927786048288830e-01
9.054568802904205960e-01
9.259563065022732298e-01
7.639821713868300002e-01
8.963620049448508542e-01
9.064124921628871068e-01
9.045806587335023519e-01
9.177810086986764038e-01
8.797117249135033568e-01
8.484106211578127388e-01
9.068827243786128367e-01
9.115018320563568199e-01
8.949069306170860383e-01
9.086551899092611961e-01
8.944404457999364233e-01
8.926178037071061944e-01
