2.863487646771037398e-01
2.191627935420743523e-01
2.127033390410958957e-01
2.256222480430528365e-01
1.702849804305283654e-01
2.346731286692759211e-01
2.273498654598825885e-01
1.828828277886496989e-01
1.702161815068493067e-01
2.182148972602739601e-01
2.275791952054794509e-01
2.351852984344422748e-01
1.713704745596868750e-01
2.456733121330724190e-01
2.103183096868884439e-01
1.925070327788649671e-01
1.432622920743640005e-01
2.336487891389432414e-01
1.561353351272015688e-01
2.472021771037181959e-01
1.928051614481408882e-01
2.263713918786692814e-01
1.757583170254403138e-01
2.372721991193737778e-01
2.141251834637964702e-01
2.246896404109589018e-01
2.430665973581213335e-01
2.428984222113503011e-01
2.560084393346379605e-01
2.241774706457925759e-01
2.139570083170254378e-01
2.250030577299412804e-01
2.296278742661448102e-01
2.720385885518590841e-01
1.623731042074363917e-01
1.866973458904109540e-01
2.433417930528375683e-01
2.230078889432485223e-01
2.729864848336595040e-01
2.034078400195694636e-01
2.262032167318982490e-01
2.359344422700587196e-01
2.011756971624266144e-01
1.882720768101761311e-01
2.574914383561643927e-01
1.923159246575342485e-01
1.878745719178082085e-01
2.150807240704500911e-01
2.259968199608610451e-01
1.877751956947162348e-01
1.978886374755381705e-01
1.981791218199608628e-01
1.853978106653620395e-01
2.750198752446184058e-01
2.273880870841487323e-01
1.950755259295499089e-01
2.300941780821917915e-01
2.000366927592955035e-01
2.251253669275929681e-01
1.946092221135029277e-01
2.115414016634050987e-01
2.129785347358121306e-01
2.385564456947162348e-01
1.975828644814089929e-01
1.791294642857142738e-01
2.091105063600782743e-01
2.191245719178082085e-01
2.667028498043053086e-01
2.223428326810176214e-01
2.121605919765166270e-01
2.132843077299412804e-01
1.933631971624266144e-01
1.932714652641878694e-01
1.906265288649706402e-01
1.897550758317025354e-01
1.949455724070450202e-01
1.876911081213307186e-01
1.705143101761252555e-01
1.931797333659491245e-01
1.774706457925636083e-01
1.971700709393346407e-01
2.502522627201565486e-01
2.386176002935420648e-01
2.365918542074363917e-01
2.189793297455968624e-01
1.917731775929549798e-01
2.024140777886496989e-01
2.048526174168297520e-01
1.697880993150684970e-01
2.240704500978473457e-01
2.243762230919765233e-01
1.755060543052837652e-01
2.372186888454011766e-01
2.407045009784735679e-01
2.261191291585127328e-01
2.262567270058708502e-01
2.048526174168297520e-01
1.996086105675146660e-01
2.525073385518590841e-01
1.688478473581213335e-01
1.758882705479452024e-01
1.906035958904109540e-01
1.679152397260273988e-01
2.078262597847358173e-01
2.467893835616438436e-01
1.803678449119373861e-01
2.155393835616438436e-01
2.479818982387475557e-01
1.912151418786692814e-01
2.179014799412915815e-01
2.045774217221134894e-01
1.774018468688845496e-01
1.776464652641878694e-01
2.259968199608610451e-01
2.283206947162426670e-01
1.445083170254403138e-01
1.561888454011741700e-01
2.107387475538160526e-01
2.250489236790606529e-01
2.330066658512720268e-01
3.050926492172211235e-01
2.795300269080234767e-01
2.024370107632093851e-01
2.045544887475538032e-01
1.612570327788649671e-01
2.000825587084148760e-01
1.746040239726027454e-01
2.014585371819960780e-01
2.016802226027397393e-01
2.009157901174168370e-01
1.930650684931506933e-01
2.766481164383561842e-01
1.929274706457925759e-01
2.487539750489236867e-01
1.785561399217221179e-01
1.830510029354207313e-01
1.558142734833659615e-01
2.181766756360078163e-01
2.123287671232876594e-01
2.043786692759295420e-01
2.291692147749510855e-01
2.580494740704500911e-01
2.274263087084148760e-01
1.840600538160469535e-01
1.969789628180039220e-01
2.144386007827788765e-01
2.173205112524461968e-01
1.944486912915851240e-01
1.624801247553815942e-01
2.451534980430528365e-01
1.927592954990215157e-01
3.098627079256360273e-01
2.834821428571428492e-01
3.475874510763209413e-01
3.084637964774951113e-01
3.483748165362035021e-01
2.833369006849315030e-01
2.170453155577299342e-01
2.297119618395303264e-01
1.965891022504892283e-01
1.951519691780821963e-01
2.303846624266144838e-01
1.806353962818003922e-01
3.105659858121330719e-01
2.000672700587084185e-01
2.037136130136986412e-01
1.934090631115459868e-01
1.973611790606653593e-01
2.082161203522504833e-01
2.054182974559686792e-01
2.173052226027397393e-01
2.141175391389432414e-01
2.043175146771037121e-01
2.147596624266144838e-01
1.682515900195694636e-01
2.864099192759295698e-01
1.995398116438356073e-01
1.862845523483366017e-01
1.573202054794520521e-01
1.974529109589041043e-01
1.801843811154598962e-01
1.401204745596868750e-01
1.872324486301369939e-01
1.307638209393346407e-01
1.239603718199608628e-01
1.828216731898238689e-01
1.134417808219178037e-01
1.327360567514677125e-01
1.730216487279843396e-01
2.237417441291585096e-01
2.451305650684931503e-01
1.698951198630136994e-01
1.404721135029354251e-01
1.603244251467710324e-01
1.662564212328767055e-01
1.862463307240704580e-01
1.756283635029354251e-01
1.708888820939334641e-01
1.958934686888454124e-01
1.453568370841487323e-01
1.636955724070450202e-01
1.621819960861056731e-01
1.659812255381604706e-01
1.841059197651663537e-01
1.888759784735812020e-01
1.571673189823874772e-01
1.771954500978473457e-01
1.705066658512720268e-01
1.887995352250489145e-01
1.514722969667318953e-01
1.522749510763209413e-01
1.567086594911937247e-01
1.570602984344422748e-01
1.624036815068493067e-01
1.644141389432485223e-01
1.594376834637964702e-01
1.489114481409001822e-01
1.681063478473581174e-01
1.523131727005870850e-01
2.154629403131115561e-01
2.291615704500978568e-01
2.407274339530332818e-01
2.553586717221135172e-01
1.934014187866927581e-01
1.920025073385518699e-01
2.450541218199608628e-01
1.777458414872798431e-01
2.176797945205479479e-01
1.870948507827788765e-01
1.986912915851271888e-01
2.184060053816047065e-01
2.052730552837573330e-01
2.189640410958904049e-01
2.049214163405088107e-01
2.008393468688845496e-01
2.032167318982387449e-01
1.989435543052837652e-01
2.510472725048923937e-01
2.369587818003913993e-01
1.849315068493150582e-01
1.671660958904109540e-01
2.268529843444226923e-01
2.038664995107632161e-01
2.032778864970645749e-01
2.183830724070450202e-01
1.653543909001956858e-01
1.631528253424657515e-01
1.809717465753424570e-01
2.042257827788649671e-01
1.754525440313111639e-01
1.647887108610567586e-01
1.401739848336595040e-01
1.485368762230919737e-01
1.743058953033267966e-01
1.701856042074363917e-01
1.528482754403131250e-01
1.576947773972602607e-01
1.773865582191780921e-01
1.695587695694716346e-01
1.846180895303326797e-01
1.611805895303326797e-01
1.706824853228962879e-01
1.969866071428571508e-01
1.597740337573385627e-01
1.784873409980430592e-01
1.683433219178082085e-01
1.676094667318982490e-01
1.519462451076321052e-01
1.880274584148728112e-01
1.359772504892367839e-01
1.671431629158512677e-01
1.643835616438356073e-01
1.614863625244618295e-01
2.015579134050880517e-01
2.009081457925636083e-01
1.706595523483366017e-01
2.022000366927592940e-01
2.193233243639921837e-01
1.833109099804305364e-01
1.998150073385518699e-01
1.501345401174168370e-01
1.911769202544031376e-01
1.607219300391389549e-01
2.339545621330724190e-01
1.978351272015655693e-01
1.635656188845401038e-01
1.718979329745596862e-01
1.798938967710371761e-01
1.764998165362035298e-01
1.781815680039138816e-01
1.756054305283757389e-01
1.596899461839530465e-01
2.334576810176125228e-01
2.082772749510763133e-01
1.662105552837573330e-01
1.707818615459882616e-01
2.286570450097847318e-01
2.035530821917808098e-01
1.818202666340508755e-01
1.910011007827788765e-01
1.485827421722113462e-01
1.471761863992172292e-01
1.455708781800391372e-01
1.477342221135029277e-01
1.390349804305283654e-01
1.477800880626223001e-01
1.457237646771037121e-01
1.437973948140900127e-01
1.525272137964774899e-01
1.496300146771037121e-01
1.496758806262230845e-01
1.544535836594911893e-01
1.539949241682974646e-01
1.517474926614481301e-01
1.516481164383561564e-01
1.472755626223092029e-01
1.485521648727984312e-01
1.539872798434442358e-01
1.462282901174168370e-01
1.456473214285714246e-01
1.530852495107632161e-01
1.493471746575342485e-01
1.748562866927592940e-01
1.433769569471624317e-01
1.556919642857142738e-01
1.608213062622309286e-01
1.436597969667318953e-01
1.591471991193737778e-01
1.596135029354207313e-01
1.610200587084148760e-01
1.597893224070450202e-01
1.633745107632093851e-01
1.717832681017612551e-01
1.658283390410958957e-01
1.530164505870841574e-01
1.528864970645792687e-01
1.520609099804305364e-01
1.592236423679060653e-01
1.597358121330724190e-01
1.470997431506849418e-01
1.411142367906066675e-01
1.530928938356164448e-01
1.755289872798434514e-01
1.851379036203522621e-01
1.542854085127201569e-01
1.541707436399217257e-01
1.522902397260273988e-01
1.694823263209393471e-01
1.690313111545988234e-01
1.698798312133072419e-01
1.766221257338551898e-01
1.928816046966732034e-01
2.201030454990215157e-01
1.735873287671232945e-01
1.840218321917808098e-01
1.752690802348336463e-01
1.708888820939334641e-01
1.803219789628180136e-01
1.862081090998043142e-01
1.800085616438356073e-01
1.731745352250489145e-01
1.726852984344422748e-01
1.954806751467710324e-01
1.956564946183952935e-01
1.749403742661448102e-01
1.858717588062622217e-01
1.904277764187866928e-01
1.743441169275929681e-01
1.808800146771037121e-01
1.841823630136986412e-01
1.776311766144814119e-01
1.871712940313111639e-01
1.967037671232876594e-01
1.786096501956947191e-01
1.663787304305283654e-01
1.860170009784735679e-01
1.681751467710371761e-01
1.536662181996086007e-01
1.593535958904109540e-01
1.647734222113503011e-01
1.910546110567514777e-01
1.489420254403131250e-01
1.596975905088062753e-01
1.585585861056751367e-01
1.617997798434442358e-01
1.465493517612524443e-01
1.583827666340508755e-01
1.741300758317025354e-01
1.784720523483366017e-01
1.893728595890410982e-01
1.562958659491193725e-01
1.610735689823874772e-01
1.814839163405088107e-01
1.652167930528375683e-01
1.584056996086105618e-01
1.601715386497064575e-01
1.495459271037181959e-01
1.766297700587084185e-01
1.913068737769080263e-01
1.581152152641878694e-01
1.901143590998043142e-01
1.877140410958904049e-01
1.966655454990215157e-01
1.829057607632093851e-01
1.988365337573385627e-01
2.036065924657534110e-01
1.850691046966732034e-01
2.014050269080234767e-01
1.797027886497064575e-01
2.305222602739726012e-01
2.278314579256359995e-01
1.849467954990215157e-01
1.883026541095890460e-01
1.903207558708414904e-01
1.693982387475538032e-01
1.734191536203522621e-01
1.803907778864970723e-01
1.526113013698630061e-01
1.598198997064579352e-01
1.875764432485322875e-01
1.840600538160469535e-01
1.639019691780821963e-01
1.870107632093933325e-01
1.907564823874755289e-01
1.801155821917808098e-01
1.506008439334637905e-01
1.463964652641878694e-01
1.475660469667318953e-01
1.923847235812133072e-01
1.581610812133072419e-01
1.966120352250489145e-01
1.676094667318982490e-01
1.648345768101761311e-01
1.507460861056751367e-01
2.084836717221134894e-01
1.540790117416829808e-01
1.490872676125244711e-01
1.668679672211350329e-01
1.740918542074363917e-01
1.546752690802348229e-01
1.679228840508806275e-01
1.459607387475538032e-01
1.680299045988258300e-01
1.453950587084148760e-01
1.758806262230919737e-01
1.589102250489236867e-01
1.642000978473581174e-01
1.482234589041095951e-01
1.556537426614481301e-01
1.482922578277886538e-01
1.561812010763209413e-01
1.559442270058708502e-01
1.672884050880626139e-01
1.757965386497064575e-01
1.805207314090019610e-01
1.614557852250489145e-01
1.551033512720156604e-01
1.720278864970645749e-01
1.776005993150684970e-01
1.754372553816047065e-01
1.776923312133072419e-01
1.806048189823874772e-01
1.862616193737769155e-01
1.832650440313111639e-01
1.756665851272015688e-01
1.613411203522504833e-01
1.861928204500978568e-01
1.906265288649706402e-01
1.749556629158512677e-01
1.877293297455968624e-01
1.954271648727984312e-01
1.764386619373776999e-01
1.896251223091976468e-01
1.990658635029354251e-01
1.977128180039138816e-01
1.972082925636007844e-01
1.895257460861056731e-01
1.808723703522504833e-01
1.857418052837573330e-01
1.753990337573385627e-01
1.864450831702544054e-01
2.118395303326810197e-01
2.177409491193737778e-01
1.927287181996086007e-01
1.878134173189823786e-01
1.942575831702544054e-01
1.813157411937377783e-01
1.811169887475538032e-01
2.054870963796477379e-01
1.851761252446184058e-01
1.729681384540117384e-01
1.650409735812133072e-01
1.533986668297455946e-01
1.524125489236790587e-01
1.435986423679060653e-01
1.879204378669275810e-01
1.792288405088062753e-01
1.666080601761252555e-01
1.575113136007827708e-01
1.668832558708414904e-01
1.940970523483366017e-01
1.778069960861056731e-01
1.648575097847358173e-01
1.812087206457925759e-01
1.741835861056751367e-01
1.689472235812133072e-01
1.663557974559686792e-01
1.718902886497064575e-01
1.648880870841487323e-01
1.591701320939334641e-01
1.780592588062622217e-01
1.654767000978473457e-01
1.603320694716242611e-01
1.974911325831702480e-01
1.635656188845401038e-01
1.684197651663404960e-01
1.374143835616438436e-01
1.697040117416829808e-01
2.257751345401174115e-01
1.467557485322896205e-01
1.640472113502935425e-01
2.004953522504892283e-01
2.418740826810176214e-01
1.830510029354207313e-01
2.147214408023483401e-01
1.762934197651663537e-01
1.875764432485322875e-01
1.954959637964774899e-01
1.751391267123287576e-01
1.721731286692759211e-01
1.878669275929549798e-01
1.763163527397260399e-01
1.706748409980430592e-01
1.561124021526418826e-01
1.838613013698630061e-01
1.906418175146770977e-01
1.744970034246575430e-01
1.825999877690802353e-01
1.686720278864970723e-01
1.574960249510763133e-01
2.276021281800391372e-01
1.758882705479452024e-01
2.123517000978473457e-01
2.127492049902152682e-01
1.765839041095890460e-01
1.813692514677103795e-01
1.789230675146770977e-01
1.355109466731898304e-01
1.360460494129158426e-01
1.313753669275929681e-01
1.282029721135029277e-01
1.349452666340508755e-01
1.469086350293541954e-01
1.447758683953033199e-01
1.332176492172211235e-01
1.326825464774951113e-01
1.385304549902152682e-01
1.315206090998043142e-01
1.376666462818003922e-01
1.343490092954990334e-01
1.278131115459882616e-01
1.304733365949119483e-01
1.271480552837573330e-01
1.277519569471624317e-01
1.297777030332681047e-01
1.262613136007827708e-01
1.310925269080234767e-01
1.235552226027397255e-01
1.283635029354207313e-01
1.866820572407044965e-01
1.959087573385518699e-01
1.942958047945205491e-01
1.973229574363992156e-01
1.732739114481408882e-01
1.836931262230919737e-01
1.942652274951076341e-01
1.798174535225048887e-01
1.942117172211350329e-01
1.566322162426614373e-01
1.643300513698630061e-01
1.658894936399217257e-01
1.657442514677103795e-01
1.645670254403131250e-01
1.614252079256359995e-01
1.788924902152641827e-01
1.650103962818003922e-01
1.627170988258317130e-01
1.732356898238747445e-01
1.897168542074363917e-01
1.637414383561643927e-01
1.689013576320939347e-01
1.905806629158512677e-01
2.078950587084148760e-01
1.804442881604696736e-01
1.976593077299412804e-01
2.013438723091976468e-01
1.808265044031311108e-01
1.975064212328767055e-01
1.860475782778865106e-01
1.823783023483366017e-01
2.265089897260273988e-01
2.315924657534246534e-01
1.757736056751467713e-01
2.198354941291585096e-01
1.899538282778865106e-01
1.783420988258317130e-01
2.048220401174168370e-01
1.942193615459882616e-01
1.918190435420743523e-01
1.910469667318982490e-01
2.018407534246575430e-01
2.192392367906066675e-01
2.071076932485322875e-01
1.735338184931506933e-01
2.004953522504892283e-01
2.025975415851271888e-01
1.619373776908023532e-01
1.699944960861056731e-01
2.352846746575342485e-01
2.369511374755381705e-01
1.879127935420743523e-01
2.315695327788649671e-01
1.759952910958904049e-01
2.342221135029354251e-01
2.255840264187866928e-01
2.198278498043052809e-01
2.218918175146770977e-01
2.099896037181996078e-01
2.217236423679060653e-01
2.328079134050880517e-01
2.409108977495107717e-01
2.014050269080234767e-01
1.976822407045009666e-01
1.932026663405088107e-01
2.008087695694716346e-01
1.801461594911937247e-01
2.126116071428571508e-01
1.722954378669275810e-01
1.672348948140900127e-01
1.933555528375733856e-01
2.300788894324853340e-01
2.229620229941291498e-01
2.303464408023483401e-01
1.997079867906066675e-01
2.320664138943248633e-01
2.068860078277886538e-01
2.433265044031311108e-01
2.542731775929549798e-01
2.484482020547945091e-01
2.261267734833659615e-01
2.225186521526418826e-01
2.174045988258317130e-01
2.207528131115459868e-01
2.341380259295499089e-01
2.116331335616438436e-01
2.041416952054794509e-01
2.099055161448140916e-01
2.108075464774951113e-01
2.452910958904109540e-01
2.400394447162426670e-01
1.885396281800391372e-01
2.280760763209393471e-01
2.143392245596868750e-01
1.824776785714285754e-01
1.761328889432485223e-01
1.430176736790606529e-01
1.355109466731898304e-01
1.378348214285714246e-01
1.509830601761252555e-01
2.198431384540117384e-01
1.600110078277886538e-01
1.421385763209393471e-01
1.640166340508806275e-01
1.405256237769080263e-01
1.434763331702544054e-01
1.931491560665362095e-01
1.647199119373776999e-01
1.436750856164383527e-01
1.577406433463796609e-01
1.346853595890410982e-01
1.963521281800391372e-01
1.436215753424657515e-01
1.949073507827788765e-01
1.878134173189823786e-01
1.472832069471624317e-01
1.384922333659491245e-01
1.642459637964774899e-01
1.446000489236790587e-01
2.098214285714285754e-01
1.819502201565557642e-01
2.028039383561643927e-01
2.289322407045009666e-01
1.591089774951076341e-01
1.767750122309197647e-01
1.244343199608610590e-01
1.857265166340508755e-01
1.778452177103718168e-01
2.144309564579256477e-01
1.838383683953033199e-01
2.104788405088062753e-01
1.708659491193737778e-01
2.004571306262230845e-01
1.833949975538160526e-01
1.356867661448140916e-01
1.941199853228962879e-01
1.996391878669275810e-01
1.906035958904109540e-01
1.919260640900195825e-01
2.051660347358121306e-01
2.209668542074363917e-01
1.993334148727984312e-01
1.817361790606653593e-01
1.553938356164383527e-01
1.482311032289628239e-01
2.206916585127201569e-01
2.241392490215264321e-01
2.977158757338551620e-01
1.962145303326810197e-01
2.135136374755381705e-01
2.105323507827788765e-01
2.022688356164383527e-01
2.482341609589041043e-01
2.162120841487279732e-01
2.369052715264187980e-01
2.214331580234833730e-01
1.921783268101761311e-01
2.745077054794520799e-01
2.112126956947162348e-01
2.094468566536203391e-01
2.393896771037181959e-01
2.023682118395303264e-01
2.388239970645792687e-01
2.238181873776907971e-01
2.852862035225048887e-01
2.747293909001957135e-01
2.343214897260273988e-01
2.155164505870841574e-01
2.336640777886496989e-01
2.238181873776907971e-01
2.409261863992172292e-01
2.325709393346379605e-01
1.495917930528375683e-01
1.620979085127201569e-01
2.170911815068493067e-01
1.912380748532289676e-01
2.038359222113503011e-01
1.771113625244618295e-01
1.845875122309197647e-01
1.648269324853229023e-01
1.705066658512720268e-01
1.692606409001956858e-01
1.609818370841487323e-01
1.679228840508806275e-01
1.855201198630136994e-01
1.951901908023483401e-01
1.509830601761252555e-01
1.744282045009784843e-01
1.857494496086105618e-01
1.703308463796477379e-01
1.550957069471624317e-01
1.524737035225048887e-01
1.849620841487279732e-01
1.433234466731898304e-01
1.674948018590998178e-01
1.586120963796477379e-01
1.335157778864970723e-01
1.182500611545988234e-01
1.945327788649706402e-01
3.003302348336595040e-01
1.816826687866927581e-01
2.043633806262230845e-01
2.253929182974559742e-01
2.481806506849315030e-01
2.682928693737768877e-01
1.858564701565557642e-01
1.499892979452054909e-01
2.403375733855185881e-01
2.771985078277886538e-01
2.840478228962817764e-01
2.368976272015655693e-01
2.237493884540117384e-01
1.784414750489236867e-01
1.973994006849315030e-01
2.059992661448140916e-01
1.704378669275929681e-01
1.923312133072407060e-01
2.690343688845401315e-01
2.887720156555773077e-01
2.305451932485322875e-01
1.908558586105675026e-01
2.144386007827788765e-01
2.330295988258317130e-01
2.499235567514677125e-01
1.592389310176125228e-01
1.420850660469667182e-01
1.497676125244618295e-01
1.645440924657534110e-01
1.203522504892367839e-01
1.252751956947162348e-01
1.470156555772994256e-01
1.611347235812133072e-01
1.525272137964774899e-01
1.668450342465753466e-01
1.377278008806262222e-01
1.423984833659491245e-01
1.645593811154598962e-01
1.445006727005870850e-01
1.457543419765166270e-01
1.412365459882583274e-01
1.570908757338551898e-01
1.296171722113503011e-01
1.544153620352250456e-01
1.488579378669275810e-01
1.734803082191780921e-01
1.676018224070450202e-01
1.671966731898238689e-01
1.700632950097847318e-01
1.642688967710371761e-01
1.703384907045009666e-01
1.642383194716242611e-01
1.743135396281800253e-01
1.642918297455968624e-01
1.712710983365949013e-01
1.580769936399217257e-01
1.668221012720156604e-01
1.713628302348336463e-01
1.699409858121330719e-01
1.706977739726027454e-01
1.601180283757338563e-01
1.721349070450097773e-01
1.546829134050880517e-01
1.524278375733855162e-01
1.552791707436399216e-01
1.992111056751467713e-01
2.308738992172211235e-01
2.183677837573385627e-01
2.026204745596868750e-01
2.091257950097847318e-01
2.035225048923678948e-01
2.085524706457925759e-01
2.380748532289628239e-01
1.942346501956947191e-01
2.134601272015655693e-01
2.207298801369863006e-01
1.836854818982387449e-01
1.697880993150684970e-01
1.874159124266144838e-01
2.209515655577299342e-01
1.847862646771037121e-01
1.839530332681017510e-01
2.164184809197651771e-01
2.164949241682974646e-01
1.951443248532289676e-01
1.874235567514677125e-01
2.246284858121330719e-01
1.796951443248532287e-01
1.619908879647749544e-01
1.982096991193737778e-01
1.758653375733855162e-01
1.722572162426614373e-01
1.720966854207436336e-01
1.794275929549902227e-01
1.731668909001956858e-01
2.248501712328767055e-01
1.651556384540117384e-01
1.840906311154598962e-01
2.070388943248532287e-01
2.212649828767123406e-01
1.737707925636007844e-01
1.955112524461839474e-01
1.672578277886496989e-01
2.125580968688845496e-01
2.060069104696673203e-01
2.109910102739726012e-01
2.081320327788649671e-01
1.709576810176125228e-01
2.168312744618395294e-01
2.468964041095890460e-01
1.864680161448140916e-01
2.214637353228962879e-01
2.037594789628180136e-01
2.290469055772994256e-01
1.715386497064579352e-01
2.073064456947162348e-01
1.767903008806262222e-01
2.334500366927592940e-01
1.863915728962818041e-01
2.229620229941291498e-01
1.786555161448140916e-01
1.875917318982387449e-01
