1.011907484133045890e-02
6.321282975453153263e-02
7.228872344296051466e-02
2.855425735848763497e-02
8.056411869350686705e-02
2.311783072520961699e-02
7.145690366658746795e-02
7.244011778561904036e-02
4.713394978704851801e-02
6.794871956147736924e-02
1.620065042248096041e-02
6.139367775045499742e-02
1.304917613194142220e-02
3.458560631228280863e-03
5.486195891281191173e-02
1.575613330141082888e-02
1.722496945168511956e-02
4.775134006742589449e-02
3.687165563440009119e-02
3.832601046632806013e-02
2.749998194081268790e-02
2.634777434364115462e-02
2.437556115811830015e-02
4.755981702826465179e-02
5.835588688667524282e-02
