4.340462835473119646e-02
6.883381274239480652e-02
5.108430410749735529e-02
8.954242958770913807e-02
8.385314577594019103e-02
1.025829591311014921e-01
4.173836595949766137e-02
4.928225467681633665e-02
9.090578653306932710e-02
6.599957899604508987e-03
3.420525801147745472e-04
7.897397365872275976e-02
1.550505731512029015e-02
5.412166625769378875e-02
1.787588323055596187e-02
9.307116285406216716e-03
9.719145572755355511e-03
2.127697764534653563e-02
7.646542058372073070e-02
8.858506210220162824e-02
