1.152453094576916422e-02
2.269882966941943678e-02
1.332027098406407019e-02
2.169253415396984672e-02
2.919635092650289809e-02
4.509726792103149057e-02
1.136032653737578668e-02
1.773212982289995923e-02
2.700217433553898927e-02
2.048977398866605980e-03
1.778888783167201779e-04
3.329810344603185979e-02
4.618118907417370460e-03
2.332870804010868382e-02
5.191742799414621364e-03
3.546620892518245836e-03
3.477768016369952274e-03
1.068071060693191396e-02
2.440247717893875845e-02
3.521202343176491056e-02
