4.097867805138359631e-02
6.193244335725850425e-02
5.795097010178953262e-02
2.277577406687419578e-02
8.032646111075129880e-02
5.329084766302268072e-02
4.324161331495701005e-02
4.985214152308682645e-02
2.898523169577287700e-02
6.905043070486215073e-02
1.626627250241078834e-02
9.804402082733849888e-02
1.878715981001678748e-02
6.004152899510524673e-03
6.746457101881710161e-02
1.819718274697201821e-02
4.040383121024974933e-02
3.569119877840765814e-02
5.597910006260278792e-02
1.266483551066353852e-02
5.392202477532555618e-03
5.489023526207620352e-02
4.749513122803309534e-02
6.650314936064723181e-02
7.944490697969225357e-02
