3.720104541519073799e-02
4.980383019546289619e-02
5.434126824457011402e-03
6.035650840898863778e-02
8.185927023395585256e-02
5.228784152764231336e-02
1.400687109625654500e-02
5.819251384788262649e-02
1.119203891139257667e-01
1.077284268932550068e-02
4.804212118394696369e-03
1.211066486117827606e-01
3.700990059227626805e-02
4.987748666749419052e-02
6.580149828159688463e-02
1.434895922428847288e-02
3.392783618916275779e-02
3.752785188249237874e-02
7.480277296624253391e-02
7.895759411318128973e-02
