0.000000000000000000e+00
1.928571428571412751e-03
0.000000000000000000e+00
1.885714285714290474e-03
4.785714285714170796e-04
0.000000000000000000e+00
7.142857142861114453e-06
1.428571428572222891e-05
4.285714285714336993e-04
0.000000000000000000e+00
0.000000000000000000e+00
2.747857142857141818e-02
0.000000000000000000e+00
2.350000000000007465e-03
2.527142857142857663e-02
0.000000000000000000e+00
9.285714285713896911e-05
7.142857142861114453e-06
3.048571428571428266e-02
2.042857142857146171e-03
