1.396023936417684422e-02
1.265727919544818933e-02
1.881007152700790675e-03
1.857077847774467674e-02
2.332027629396733401e-02
2.276563709881636657e-02
4.831054283841936491e-03
1.918260413270217110e-02
3.851868949704597561e-02
4.221700115970567456e-03
1.581844113898317862e-03
5.247582142073738826e-02
1.087804753486431263e-02
1.737491285786805714e-02
2.190807022126489700e-02
4.744978993011583074e-03
1.197937800945615000e-02
1.392321834330863609e-02
2.595590865369397371e-02
2.897291691691071883e-02
