1.267832077980753092e-01
2.756259073556177261e-02
1.752356869379942741e-02
1.318509859484600089e-01
9.739272357132194857e-02
2.202344230762469102e-01
2.611589575923371070e-02
6.909183538173781225e-02
2.108556435388937167e-01
3.936294579878392430e-02
2.059256777535537625e-02
6.490879307578975022e-01
4.851273673396189201e-02
7.658124653472497823e-02
7.458771663787498729e-02
1.897952300863092398e-02
5.553673417785334049e-02
1.149619981620320225e-01
1.191417518649952323e-01
1.717240409578063565e-01
