3.632144916783906080e-02
5.988753854042422331e-02
4.293401509340005057e-02
5.963709767253352889e-02
6.530175596579047836e-02
1.153616406421290562e-02
6.238781068203198138e-02
8.938050598634829369e-02
8.736538580954149660e-03
4.090562096424329303e-02
1.557469582020595128e-02
6.889485044875981457e-02
2.147146892183039030e-02
1.531287484829856570e-02
8.928466163810980238e-02
2.875197411888357965e-02
2.397247446389471834e-02
2.224417556143812313e-02
8.160787849754072565e-02
3.623046105563679231e-02
1.039698746885687509e-02
1.581891417882466460e-03
7.143951708126551614e-02
6.528168222772726126e-02
6.914774802048816171e-02
