5.035442502673859178e-02
7.146963786200428992e-02
7.003679740431392742e-02
7.786889935076302116e-02
5.783557044606686681e-02
6.072803295907709675e-02
7.864070755419132544e-03
4.496648359369487952e-02
2.378581618311990248e-02
2.718423215602231227e-02
1.374069527048544029e-03
1.875140983521429716e-01
1.251721923762284111e-02
1.261920629838762277e-02
2.927077563425772855e-02
2.027450807848712316e-02
7.130494821042487712e-04
6.556351722216981204e-02
1.043650938875313045e-01
7.369449654302757946e-02
