5.857142857143449611e-04
9.271428571428630069e-03
2.371428571428601997e-03
2.573571428571432701e-02
7.521428571428634587e-03
1.100000000000045386e-03
1.478571428571473587e-03
5.007142857142899209e-03
7.042857142857195281e-03
5.392857142857199193e-03
9.285714285717228123e-05
2.066928571428571781e-01
8.285714285714673288e-04
1.657142857142890422e-03
2.235714285714318714e-03
3.428571428572002588e-04
1.571428571429000945e-04
1.758571428571432602e-02
2.323571428571430397e-02
6.800000000000028244e-03
