1.521024041336808096e-02
2.426366194623242462e-02
2.162554707804287615e-02
3.084904844028030918e-02
1.402567213649345834e-02
1.593384774114468827e-02
1.943823808970407494e-03
1.331022538868589442e-02
7.597203412612367306e-03
7.931938313337293101e-03
1.054098499570385768e-03
5.975008037280921808e-02
4.373525150994465698e-03
3.948225446898536925e-03
8.319463298766842027e-03
6.725879404381336288e-03
2.498349836213629559e-04
2.521632198971907740e-02
2.601098546284020055e-02
2.089652133010843835e-02
