1.180702294602364727e-01
1.170480328145625942e-01
6.663741979839915563e-02
2.355840927106565563e-01
7.647512735582250032e-02
8.119992291197088152e-02
8.448505961849145721e-03
4.190356203850981870e-02
3.806313420922506630e-02
9.841451052271356359e-02
1.401502041609669486e-02
1.028847414703443430e+00
1.845098154770346416e-02
1.411495447023769674e-02
3.322187098155527513e-02
1.686600166907562676e-02
8.908598881184595988e-03
1.622646176144621200e-01
1.085025034492581725e-01
4.722743487821803171e-02
