6.378166458376220704e-02
5.235752227644341339e-02
3.221785897620107336e-02
7.841575552605292709e-02
7.981410980214775908e-02
8.490806302561119956e-02
3.215811496447101847e-02
5.450393382454277180e-02
1.163623770552440484e-01
3.099455143647395633e-02
5.151654281068672979e-03
5.929331738063334245e-02
3.105084419301753010e-02
5.375851134511278745e-02
2.610656732530008961e-02
2.147893644131637983e-02
3.733300217131763771e-02
5.437480591972988775e-02
5.498255553328521006e-02
5.908462246019317160e-02
