5.664339329105886472e-02
6.648689137512557579e-02
2.133760574880124924e-02
9.551078323618979182e-02
8.096631855177358061e-02
1.146927835212557395e-01
1.963278664054255579e-02
4.504854321733084421e-02
1.539383013348789297e-01
2.227398150100532576e-02
1.803825967292464229e-03
5.092679222547645546e-02
2.183733020742145009e-02
3.181355920476741650e-02
1.397297704546656555e-02
1.235083344244045610e-02
2.339509253307025388e-02
5.925262261843047829e-02
5.060688039869034455e-02
5.750869793898168852e-02
