3.659985502793812462e-02
6.161697518759114839e-02
2.200764513625410104e-02
1.621670010328717104e-01
1.064960460075087267e-01
6.224171037036957399e-01
3.618629443602002643e-02
9.619264742601975338e-02
4.417186919784759636e-01
3.715302317049593017e-02
1.824507673271302463e-02
2.190099862455234803e-01
2.796493907719911284e-02
1.846128070701420765e-01
3.626372948955111641e-02
2.565264490818421755e-02
2.971236632629349270e-02
6.672076242322085016e-02
1.858422845762010278e-01
7.826137787317966055e-02
