1.211007869971708097e-02
2.494676346550361856e-02
6.902692782747667233e-03
2.584965789052518642e-02
2.334933250084196554e-02
5.421141147363503499e-02
5.039276388955535833e-03
1.810280968904968285e-02
5.607649673360466658e-02
7.493787491103908426e-03
6.718510899895494513e-04
1.942069191159626756e-02
6.794261074775874085e-03
1.469120630496085871e-02
4.301153954656544189e-03
4.325480997675042009e-03
9.737729618044137225e-03
1.710686204320248371e-02
1.593452157270510566e-02
2.035782187975227961e-02
