3.107788390881403157e-02
8.463229264055385781e-02
3.167852426536173216e-02
8.670303407300326837e-02
4.895811668119777471e-02
9.249988988919839727e-02
1.573538376266643557e-02
4.060454832745662851e-02
3.377984794435694854e-02
1.390629734629345374e-02
1.775517173555135868e-03
1.041822993327460173e-01
8.772617561129748831e-02
3.779996691133447745e-02
3.673767998505224341e-02
1.610606693595569711e-02
2.429849638181896809e-02
3.903073605228042642e-02
7.285669968453092893e-02
9.991054309252607457e-02
