3.590266695891575904e-02
4.590676284012065733e-02
4.138025179479336985e-02
6.588645836924786336e-02
6.121975575963838068e-02
6.919467615814005323e-02
2.431720251912100617e-02
4.894037247368915322e-02
4.923882087804550695e-02
2.639302211195162368e-02
5.878554744508243494e-03
6.740961067137166141e-02
7.963333183418105921e-02
4.954640062818782553e-02
4.620083487981379439e-02
2.268728142145098187e-02
3.701384264434047500e-02
5.556647807967971670e-02
6.380654116456581371e-02
6.329334788313685511e-02
