3.480458195543995742e-02
3.463992458773876293e-02
5.774725855875273428e-02
2.794085192131828127e-02
5.953741244364027518e-02
2.118781165529056570e-02
7.356990888824328778e-02
7.119107581906730653e-02
4.924718845643553250e-02
4.691764793131947969e-02
7.074000345798157462e-04
7.937824346916393103e-02
3.556129176623621518e-02
2.996283850798532079e-03
4.481738657633831113e-02
4.993752639400309695e-02
4.497116441679557819e-02
5.694199304743188111e-02
3.696013103947840689e-02
3.937004529157942662e-02
5.637711407396879364e-03
5.687642905889588735e-02
7.083497672834170034e-02
7.914476203597117787e-02
5.490269702234108762e-02
