2.258691890291434495e-02
6.777268483297764490e-02
1.811797765112249312e-02
7.247750407508185555e-02
7.872610829285124623e-02
8.235496577184868439e-02
3.882927372208713063e-02
4.864806735004428839e-02
7.183803716632607139e-02
2.436484081066324012e-02
6.170983817758078811e-03
6.853589607657963045e-02
5.329788171778746669e-02
4.835327980801891468e-02
4.065086349537476440e-02
2.838068146024726873e-02
3.685563801206326318e-02
3.434012171388737406e-02
7.010354235745365481e-02
8.759473296491275540e-02
