2.012211796988407422e-02
4.180123297223167084e-02
4.736717677657553000e-02
2.924300538552818823e-02
5.330467838390211960e-02
1.917224331824352729e-02
6.425727699835183382e-02
5.428242798729623203e-02
1.771423096775217448e-02
4.235321692012871536e-02
3.501881037323957384e-03
5.314356425112461146e-02
2.171460224590579177e-02
3.721901812801946523e-03
4.895318963112737370e-02
3.412275547310419238e-02
5.505267048939508495e-02
5.365137661230088423e-02
6.244399917918234261e-02
3.256660393120597297e-02
4.079582424903470395e-02
3.450730056178264588e-02
4.071175732309911116e-02
5.707861496570588306e-02
6.305297478303456549e-02
