5.264401962357227044e-03
4.296140765279202189e-02
7.044804134222715231e-02
5.855702447307908204e-02
6.507526150353767913e-02
4.362725369163340805e-02
7.271323045025318565e-02
8.131120290120436023e-02
6.090604889898942192e-02
6.117647526018226561e-02
1.611332134616978370e-02
6.972904555027198414e-02
1.244354959051442895e-02
2.797246782192435582e-03
6.807769038108994752e-02
1.512851167374407862e-02
4.800958314866864834e-02
3.444589795562846835e-02
4.348783820392240068e-02
3.731771223531111376e-02
3.047392461078182735e-02
2.647296137379546652e-02
4.520588123101754174e-02
5.357584547498604743e-02
6.501102836418869158e-02
