2.458609037308186977e-03
2.653158802015147949e-02
8.347486908415112372e-02
4.552103434106825885e-02
7.829335255652522529e-02
2.224901058153089944e-02
9.826369189981112862e-02
1.015139171305396298e-01
5.326816702754153671e-02
4.285487335587426228e-02
6.282749928087950908e-03
7.424569640114132840e-02
5.327787293329835742e-03
7.453686769699765461e-04
6.195910779133904922e-02
3.106606102724729368e-03
4.160865974106767173e-02
2.304989471502057879e-02
2.884371122964332623e-02
2.692212499994979871e-02
1.156185199395744906e-02
1.840664746501485816e-02
2.975320706540107024e-02
4.284830959135729062e-02
7.090916397049332187e-02
