1.220975033422229752e-02
2.852208940495409850e-02
1.049795968683327196e-02
2.267628676525796153e-02
4.017273132093176352e-02
3.861246409679637559e-02
1.747542541621606785e-02
3.099375262124472521e-02
1.730097878008957785e-02
3.539444275115687707e-03
9.088644935203377736e-04
2.849058877365270165e-02
8.255643461303061731e-03
8.697859753613989414e-03
6.453024494105055395e-03
3.897813821981203995e-03
7.330502597038013671e-03
1.284307423543436591e-02
2.513531657671582570e-02
2.346600168646166898e-02
