7.822291658717045459e-02
1.110746343998314234e-01
3.638922071136858893e-02
1.487543542313604916e-01
1.747566271946444927e-01
3.998901672535547513e-01
7.898049999662969112e-02
1.474238699094335692e-01
9.277554619202887931e-02
2.441927888310746822e-02
2.072060810177974582e-02
3.325460819307625715e-01
3.612022368709256331e-02
6.200981190322263359e-02
3.906841008326658593e-02
2.215913897564520188e-02
6.139804287722771398e-02
5.464109580298365243e-02
1.932269087750141390e-01
1.511758685954343040e-01
