2.873917881296403007e-02
7.959746789542899992e-02
1.956314750154437843e-02
6.369831810262351068e-02
8.217519798983614898e-02
9.316423647450956802e-02
4.604947206192514658e-02
5.741794135599446319e-02
4.968339378043235000e-02
9.594178218146162673e-03
2.760890723771552892e-03
7.889481698690935241e-02
5.121663355949156171e-02
3.991476666973533399e-02
4.987846671219618028e-02
1.638315218362928344e-02
4.914314118607610721e-02
3.107710755734405597e-02
7.357557733776494413e-02
7.747291488967698869e-02
