3.703388802916498385e-02
6.229843810911674801e-02
3.345858788371255249e-02
7.015180942299743816e-02
8.358698380592302635e-02
7.971820941720531017e-02
5.783680455763221678e-02
6.116819392289357671e-02
5.591055195228818858e-02
2.650334304382658338e-02
7.034754388675755477e-03
6.204575480836639623e-02
6.200172967629184739e-02
4.410634036380884498e-02
5.835759566552654182e-02
3.173495085701423524e-02
6.776113619630194651e-02
5.211650130331946240e-02
7.117134557176102438e-02
8.535129686550226025e-02
