4.149554121643386773e-02
1.933074059337013678e-02
4.698568925818806530e-02
1.264783416301034323e-02
3.579418716527906635e-02
2.113465664518229120e-02
6.933718713971365188e-02
6.291361870181783056e-02
2.911430108462840366e-02
4.717934302141832403e-02
5.311418040543609310e-03
5.780406378355980312e-02
2.340865334440701134e-02
1.196540358178838602e-02
5.161018707757784180e-02
2.646823448529786113e-02
5.139145797204414806e-02
4.721803279449726665e-02
5.466562810629918556e-02
2.016131175794196734e-02
3.602105673970429356e-02
4.781402341484895790e-02
4.687014572943119795e-02
6.693759891602991952e-02
6.620596525425936907e-02
