3.468930949467000785e-02
5.652677454913922900e-02
5.224633083320037730e-02
2.651180947704017896e-02
4.834560687052374267e-02
5.759763240199806261e-02
3.673456971080162059e-02
7.227219918758703843e-02
3.467802571953894353e-02
4.872854923822603906e-02
1.555574598976537833e-02
8.147839389440028612e-02
9.464783667672154593e-03
4.849092042522879474e-03
9.762094879786044344e-02
2.673557288334959398e-02
5.049618624619731100e-02
4.099729815638124275e-02
5.737817481968732203e-02
4.906659074378469376e-02
8.824331017871277303e-04
5.157296562381970262e-02
4.662028971388611914e-02
6.672870543322666215e-02
5.419833179970277165e-02
