2.226973370273264974e-02
4.478199599067402004e-02
5.063189149367878367e-02
1.298679115677960939e-02
4.307584059984446295e-02
3.581330247660525351e-02
3.183849299985282155e-02
5.905464997491180479e-02
2.225834377880549914e-02
4.520741589412163863e-02
6.026527733857318936e-03
1.111146137543759377e-01
4.589430580353575338e-03
1.661447793210071768e-03
1.186089111233572108e-01
9.716749665666995703e-03
3.668785638178651692e-02
3.052602824627455996e-02
5.005625614801976347e-02
3.474252835386067162e-02
1.991296399984992486e-04
3.860357935622413250e-02
4.807897304345876144e-02
8.267712665939776218e-02
5.879238345215163919e-02
