1.945950770737730484e-01
3.096088367456977311e-02
1.085499784163046488e-02
1.341537260737158954e-01
4.816649569605167130e-02
9.573583998590257105e-02
2.366081981977920246e-02
1.040069609428800612e-01
2.375422523099781080e-01
1.920901197896470250e-02
1.653098055907646635e-02
7.272779396367664573e-01
3.913142658466658985e-02
7.397371086171816712e-02
9.860451203191819558e-02
1.911254428089426138e-02
5.566869794281438522e-02
1.196316364369750945e-01
1.197198359370288956e-01
3.953088409393933356e-01
