2.483677968051718407e-02
1.527812180343880721e-02
2.069892180909832079e-03
2.163047499158339548e-02
1.129570237676010697e-02
1.163582803525000514e-02
4.445408349813472111e-03
1.999634126074979062e-02
2.870155299308353031e-02
3.174202800586551580e-03
8.911009145335359533e-04
4.995617257695738472e-02
1.018061823730518484e-02
1.163422272398598016e-02
1.850279379402750002e-02
4.067879430130986323e-03
1.361153422151809012e-02
1.332385974077460525e-02
2.583814505004011775e-02
5.207945383286840396e-02
