8.481710844190524720e-03
4.357801048877169015e-02
3.007239546180031503e-02
2.759460934318531261e-02
8.960825374584127645e-02
9.231184859249596739e-03
3.521544099519465648e-02
4.206627509246396029e-02
5.071926633901751441e-03
6.352656711771541287e-02
2.429070906242294502e-03
6.012332181704482109e-02
7.000031343433570086e-03
5.175565027604531534e-03
1.472293553405193689e-01
3.578237060749837883e-02
2.397487370951621385e-02
4.754155062479660521e-02
4.362116195625265896e-02
7.271198029913101928e-03
1.562598507361006445e-02
1.459768736022097960e-02
5.323296974544357990e-02
8.537709448833531722e-02
9.657138938725402799e-02
