3.240845606461657119e-02
4.383614460737179225e-02
3.053536993075018149e-02
6.878520832080939340e-02
7.718689470390860397e-02
5.672760877309995786e-02
5.912645289568059515e-02
5.360996775215302879e-02
6.647820592802368422e-02
2.103838887893892673e-02
9.539508777595646222e-03
6.835829232896356578e-02
5.528855436381264338e-02
3.915512716221134643e-02
4.992973252106550075e-02
2.614698303253546949e-02
3.712362350906548564e-02
6.325609025681662445e-02
5.470767436635395192e-02
6.675745416434487878e-02
