1.599510377011527026e-02
5.412451283887587464e-03
5.993579217164598377e-02
1.120024017940997492e-02
4.837543530266493613e-02
2.101139748132146989e-02
1.001451767648448565e-01
5.429289165485701174e-02
3.795328985843438724e-02
6.704414335175647166e-02
2.154045635712436516e-03
5.612464198811530081e-02
7.543560675644556297e-03
9.519184987800925887e-04
9.990392231504943710e-02
9.520104678767295561e-03
4.581628378501757110e-02
2.259805494344263935e-02
5.053406972340263037e-02
1.019817123361803704e-02
2.006839226879499061e-02
2.889328534426520087e-02
5.208830264312041408e-02
7.359325837775210211e-02
9.864606606957936064e-02
