3.987590194579360842e-02
4.731243406996443052e-02
3.338781874885180662e-02
1.015523770561636285e-01
1.891649123703670610e-01
4.323984905167280735e-01
7.582636384982152644e-02
1.247721053696295296e-01
9.650134351186531734e-02
1.930405469381051703e-02
2.032081317247848989e-02
4.751941189267396282e-01
1.320542682474633855e-01
9.177652963444760115e-02
7.265421188442530709e-02
2.380904430776527303e-02
3.500865800918037674e-02
1.761071421630567291e-01
1.395742514242534205e-01
2.029458980674053725e-01
