6.990436686252874884e-03
2.067956449222727380e-02
5.813471766425108017e-03
2.149961230454417935e-02
3.996974156564762209e-02
3.112861083367544565e-02
1.614666736088642487e-02
1.923145620683180956e-02
1.967310641790542478e-02
3.712088847183493603e-03
1.638889977382798537e-03
3.780753319890706871e-02
1.624124887841588150e-02
1.006555259788263074e-02
1.413917592251901813e-02
6.097186518887284801e-03
9.415997804721817563e-03
1.981936456061073742e-02
1.878788345543599969e-02
4.015128863727988190e-02
