7.090533452579901585e-02
3.721705923852848541e-02
2.893169563221794152e-02
5.936020288926185939e-02
5.943307662884260434e-02
6.972136444428635171e-02
3.715413725792472699e-02
5.910826937668380715e-02
9.579570180299235016e-02
4.504881527852706846e-02
9.015791038884151537e-03
1.022979527903655483e-01
2.196094328233504436e-02
6.516665514311382155e-03
7.589754258255083930e-02
3.772502760624103779e-02
5.037124613961572323e-02
5.040273933970620956e-02
8.789060652042098021e-02
6.354389424923029273e-02
