2.109416198831888176e-02
7.431607929556460768e-02
2.763372567118420678e-02
1.749000809642412696e-02
5.269459847138892317e-02
2.712007528132508172e-02
4.285738434234793309e-02
5.104472852101237662e-02
1.950486021821288760e-02
6.454404642441737006e-02
8.808768304646484928e-03
1.176809944552293374e-01
1.097942950929839054e-02
7.140483728143753178e-03
1.446673551177751760e-01
4.865067218290479271e-03
1.124220927019339844e-02
1.324058226894535978e-02
6.168151752105042324e-02
8.825659653950072500e-03
1.563487981561910087e-02
2.070363968899050638e-02
6.028099530735680361e-02
5.837951256092380886e-02
5.756923726939061625e-02
