3.694114228928468274e-02
6.634562066108300356e-03
5.465191045692474429e-03
1.656269148011626016e-02
1.428295987032916770e-02
2.534815933347336209e-02
8.315089984136306636e-03
2.475405253228810804e-02
2.388796458793798067e-02
1.313258897184809738e-02
1.511125580576726116e-03
5.258819310838967059e-02
2.487991305399507927e-03
8.154220889024676360e-04
1.803722513775047470e-02
7.146610021573748285e-03
7.953062546357097043e-03
1.071017589670280636e-02
2.305981192679764508e-02
2.307181227908476975e-02
