5.684257722200097146e-02
7.895589396636792934e-02
2.948716354418287958e-02
1.121061051245097057e-01
6.440840771285744060e-02
1.040302124374956061e-01
2.528948122615202326e-02
9.154242492392087108e-03
1.184897896548674778e-01
9.138904658323255062e-03
1.672558176372730644e-03
6.262622748912184678e-02
1.731654857329628303e-02
5.241392308092966690e-02
2.907273740320667071e-02
5.454233357056459223e-03
4.897237108033404562e-02
5.941444147561424777e-02
7.094756897176753008e-02
4.420661235315118121e-02
