2.969534941922350249e-02
2.944921265419889189e-02
6.995392335303900200e-02
3.350087191275118864e-02
7.263499084623600832e-02
4.719911164160747047e-02
6.425252362189784461e-02
5.851182323105055122e-02
3.345571896011208246e-02
3.866546153753457060e-02
1.395899772727196911e-02
8.257569231157477208e-02
1.090799349516912396e-02
2.580080527995747171e-03
6.985404443637428795e-02
4.001860826867777166e-02
2.780486137057761042e-02
4.151862715939055870e-02
5.158881590604860734e-02
2.975034452722806130e-02
7.345546660906876642e-03
5.870293461929763229e-02
4.973145783777372514e-02
2.923966572427827773e-02
6.157897592075506354e-02
