8.776656056240465797e-02
6.317649735974527336e-02
8.273174995383460184e-02
1.952727823743958258e-01
7.482677550516010634e-02
4.153080122226954773e-01
5.692861513136548285e-02
2.629220597353387756e-02
2.964126356772537330e-01
3.108482740520502122e-02
1.936017994021848113e-02
2.902844496053552104e-01
3.869981963593675800e-02
1.963536544040532239e-01
4.299385191487600094e-02
1.945636389424923798e-02
6.521869373481986587e-02
3.394330779759839323e-01
1.266025855091134356e-01
7.287680188575798579e-02
