1.466256388871786144e-02
2.331686887911149295e-02
9.453352458440813025e-03
2.831097251647239979e-02
1.723175533987950786e-02
3.133920122442955536e-02
6.481224093803884638e-03
3.008667157087579515e-03
5.007383470033802825e-02
4.146637624804652353e-03
8.709900044238513481e-04
2.959087572471203603e-02
5.151210787924301142e-03
1.891742411955313688e-02
7.727326172105586366e-03
2.176489455946974388e-03
1.819683381793283858e-02
2.266990063013432644e-02
2.259609329580634929e-02
1.644192894026965182e-02
