4.152766671167925500e-02
6.675302933662581595e-02
2.988399541905712928e-02
3.981595362167833496e-02
9.476169108630962123e-02
3.392349910057890217e-02
5.419116977471328395e-02
5.628548092484497029e-02
2.948267580927443204e-02
5.179695503094770143e-02
1.287379102378350022e-02
8.907625630091921265e-02
3.179781833098955374e-02
7.235386093692521524e-03
8.553563486058581022e-02
2.881239170045154369e-02
4.218360106340618421e-02
2.611317088558571392e-02
7.972478205043170840e-02
2.724905534629741902e-02
1.660999932705910925e-02
3.500954667415982074e-02
3.909764529286469809e-02
7.631487146148162315e-02
6.947790429534206336e-02
