6.889426972637835433e-02
1.706218470771342019e-02
6.764393548990114274e-03
1.012838302754717201e-01
5.820398437442429046e-02
5.425404443881227945e-02
3.000907889395101197e-02
6.144996420244400182e-02
1.701292507890942718e-01
2.628160388674524728e-02
2.517598237459517992e-03
1.086173281212694380e-01
2.551317509877044226e-02
7.164895919137186618e-03
4.884986943134406873e-02
2.715756071909096805e-02
1.761273036235383102e-02
3.057573521675474582e-02
8.113099449537622410e-02
5.652750755441873082e-02
