1.913439538951032803e-01
2.665582483523074725e-02
8.889798944621218890e-03
3.905787998367321046e-01
1.102984461852449388e-01
1.250529081900413619e-01
5.085899720459020196e-02
6.882734167796239477e-02
1.646109621344472862e-01
6.929550170413671661e-02
1.261198424411659642e-02
6.602012719649716921e-01
4.892582725346229094e-02
2.062235674020917661e-02
5.999868941277942264e-02
2.507113051691316902e-02
2.220317437350073989e-02
5.221083707651945349e-02
1.069216560263209215e-01
5.644812871860373921e-02
