3.991464304861627038e-02
3.853230697258001186e-02
6.738913745882493811e-02
3.219186448701757269e-02
6.615525872959285292e-02
2.429643015217773996e-02
6.973082436924811500e-02
6.739337880606649511e-02
5.125926217354070946e-02
4.813410254909492036e-02
3.091397511558716029e-03
4.846930156337880130e-02
2.704614237304540925e-02
7.134815782100862452e-03
6.591691843341283830e-02
2.948404272371637005e-02
7.539523977991258175e-02
5.021377354396389103e-02
7.485351821241402470e-02
2.154184059844652110e-02
2.949821579599551033e-02
5.713686598116220899e-02
7.155914410399570602e-02
6.908708860554227393e-02
8.363673655121239836e-02
