3.344939732669272026e-02
4.881565192979735179e-02
1.749617933703516426e-02
5.388644368880589341e-02
7.726454955039686878e-02
6.432050390792824757e-02
3.611374373274974653e-02
5.262897275644715794e-02
7.231854862001652062e-02
3.847806661798914424e-02
1.190578731146390082e-02
6.930085329213464540e-02
4.964974529676959014e-02
5.329185802806513106e-02
5.397159493910333450e-02
2.936087410428028441e-02
4.303226298350209394e-02
5.131723025348855494e-02
6.351984469681269674e-02
6.947970084375698629e-02
