2.364539494561822275e-02
7.950580596051846916e-02
1.072572304240396700e-02
5.262740554139385546e-02
8.255470283984382707e-02
7.381384719368268288e-02
2.923959553179538567e-02
4.239446126827704081e-02
8.323720495026026844e-02
1.969573086470927104e-02
5.475573646732246821e-03
1.057640816708126652e-01
4.040393633771162396e-02
4.026336308064681208e-02
4.779151348742895211e-02
1.821151278172448290e-02
3.134495494691882239e-02
3.576605737195735074e-02
6.900547070465976041e-02
1.085336638329043452e-01
