5.360760868865656337e-02
6.637037250110594533e-02
6.601039242290097919e-02
2.958751721224530187e-02
9.622864434360377250e-02
4.346405139907058568e-02
5.536708160466388001e-02
6.052538847170547964e-02
1.946645826725663594e-02
2.012058622196291960e-02
7.143861124746741197e-04
8.633387541709976187e-02
4.242117423183870001e-02
3.793061385414631115e-02
7.095462884171543916e-02
1.360317991299726283e-02
3.898829714309050287e-02
4.507955738356601155e-02
1.950282955896650780e-02
4.514310981806914091e-02
1.003649596872880322e-02
2.321782902708213400e-02
4.345240216886393086e-02
3.088469477694533866e-02
5.418555979085489666e-02
