4.156159917910601242e-02
8.081926034096088840e-02
6.393590175171802448e-02
1.801649717509329340e-02
1.016334740317904189e-01
2.782032823958062451e-02
5.001866458053511044e-02
9.696564566394061391e-02
1.448102168291682569e-02
2.061392754850766354e-02
2.904909964718266216e-04
9.678727544042764475e-02
6.902469358815585543e-02
2.872454053596206966e-02
4.854135524360334714e-02
4.653914702868529318e-03
2.909340149631892136e-02
3.646840476783563129e-02
9.116984177265575334e-03
3.141006513410923850e-02
5.576077996953215758e-03
1.225353977167234834e-02
3.540570853470220020e-02
2.136029168788229626e-02
5.542693573162187082e-02
