1.232597687095480926e-01
1.107870564846204636e-01
2.533058253602309476e-02
1.641968299851702118e-01
7.977062003835209969e-02
3.444398525517330945e-01
3.682052695044684548e-02
6.498645410662796940e-02
3.500132567563961072e-01
7.515359075756600227e-02
5.904865515476299953e-02
4.146649449550080524e-01
2.726309364787393719e-02
3.691970647401665584e-02
2.466072699311379346e-02
6.743426319808847047e-02
2.135063771370963870e-02
1.361604221091606282e-01
3.089080051319210984e-02
3.815132485281676200e-02
