3.085242782332773756e-02
3.307620557019090579e-02
4.697527671450787284e-03
3.358770963952562028e-02
1.023014229973858054e-02
2.816402341162070957e-02
8.528230579158711799e-03
9.935420858407546796e-03
3.597375089938167902e-02
1.257754437241721118e-02
1.065359207992600497e-02
4.222189262445237568e-02
3.803644228769210295e-03
6.759337901350419460e-03
4.990064885870011679e-03
7.238072723152659191e-03
4.643059466554399876e-03
1.923467561315085964e-02
6.499731499981748623e-03
8.526019370354298577e-03
