3.031761813171243714e-02
3.627406121532131961e-02
3.827510329319375182e-02
4.236912901857380065e-02
6.490967591899318712e-02
1.080850262539099008e-02
5.697523875558118539e-02
2.666366366436561872e-02
6.493648601066743554e-03
5.096485036147051229e-02
2.595751250323293218e-03
6.668210197073239087e-02
2.107368066381005815e-03
9.535417891978117261e-03
1.620669465769951079e-01
1.899198587780240657e-02
1.367541680942726753e-02
3.117925057127834965e-02
4.975631096888889771e-02
8.632911081682282523e-03
4.959909546641220329e-03
1.640826332412007385e-02
3.586945189162334818e-02
1.295915725910083971e-01
8.389584999544831556e-02
