1.934747291671334024e-01
5.084271348614487901e-02
7.989660277467584837e-02
2.801746871648140846e-01
6.303580610871251100e-02
1.803608161687760281e-01
1.304440285208362769e-02
3.245827576311374058e-02
4.830435001754700142e-02
6.805158263761454385e-02
1.974962273635835763e-02
6.337712832904491833e-01
4.956548613483355292e-02
5.443549078230789512e-02
6.164144438434773082e-02
3.139732054139528217e-02
1.814500916864149327e-02
6.025954146305712716e-02
1.447563658858811719e-01
5.204476400771755606e-02
