2.399578747478170460e-02
1.446588461524153657e-02
2.640461709980431934e-02
3.161198176770479290e-02
1.332472407186055009e-02
1.984665844616468819e-02
1.861027066551063612e-03
9.215754351796024216e-03
1.198220886569472884e-02
7.219078363766760938e-03
2.579336098509483338e-03
5.121771907998323020e-02
1.056869084262272544e-02
1.377946402983521931e-02
1.959692706070181520e-02
1.054343869805919078e-02
3.794173981168676765e-03
1.650353219646437733e-02
2.700784497604167764e-02
1.803704418914936145e-02
