6.246974854457523763e-02
8.770162427060208821e-02
1.259722839501981745e-02
7.629703745048051211e-02
6.569872079490778061e-02
8.945759279779920414e-02
2.565439300816003618e-02
3.562268758454002066e-02
5.011983803019919026e-02
4.762754505974323323e-03
2.305994903884580043e-03
7.459985808312630251e-02
5.279124617967927841e-02
4.776145829725387398e-02
4.652943027427120654e-02
2.042471411279858998e-02
2.037204656745947307e-02
2.701739294453770271e-02
8.641141049671731411e-02
1.114048227580134304e-01
