3.865534598270148336e-02
2.730505070512755789e-02
6.421450671317915915e-02
2.616742746958419796e-02
6.048278203891768040e-02
2.187113919345304996e-02
7.600772197015422116e-02
7.204839350471119175e-02
3.127595653768164286e-02
4.203607738636713081e-02
8.175104185354099134e-04
6.565814688966963020e-02
1.315812427421357567e-02
2.896838484767485372e-03
4.938167414400727873e-02
1.674646865132584789e-02
5.818417993940493832e-02
7.988614697020590683e-02
4.847931451070169179e-02
3.286324794310890862e-02
1.161365594098810045e-02
7.909129942085804665e-02
5.240993012976162546e-02
7.154124176655386746e-02
8.588209691530146461e-02
