5.174547685831810268e-02
4.681443920513523455e-02
3.360067845872558023e-02
1.189916348898556880e-01
5.620211763998218812e-02
1.027625731852562924e-01
2.342550508428017236e-02
6.503232663938877944e-02
1.096086750902459661e-01
9.979391806918796320e-03
5.458844336517395569e-03
8.983629048566545150e-02
1.398930281426848110e-02
3.505003059584985148e-02
3.168428578039012705e-02
1.010961531134513779e-02
4.077894142075487449e-02
4.817027067321359712e-02
3.540850988119775139e-02
7.135108984269028509e-02
