2.823777082764953802e-02
3.343647897957825049e-02
5.421145746486556727e-02
4.022783912871840534e-02
9.057876916169958770e-02
3.549830093443283319e-02
6.646869539654283454e-02
5.567484955122717349e-02
3.587788093390522487e-02
4.599305404659365104e-02
5.727156595795064933e-03
7.630087583959402342e-02
2.316106825881011910e-02
7.845076448740865085e-03
7.324930433173587607e-02
3.314175311144752778e-02
3.720628442866241725e-02
5.779350481471207807e-02
4.001230542147475588e-02
4.379316337414514149e-02
1.009356083091891843e-02
4.525544081419569792e-02
5.242047136166289034e-02
4.730277096426498823e-02
6.100654091205059276e-02
