1.148345354522024159e-02
1.424931540915178561e-02
9.656520142762350586e-03
3.719593022743464261e-02
1.906672731176422414e-02
4.084464049721009404e-02
6.614727378242838893e-03
2.191491640765363957e-02
3.633429856878124531e-02
3.406628607202241265e-03
1.720107914575528174e-03
4.181683531100024304e-02
4.255487764986035960e-03
1.324461969654371421e-02
9.672509648562543222e-03
2.729447367452492341e-03
1.420940929349903334e-02
1.444187619343958139e-02
9.250138987104543700e-03
2.742114656748051091e-02
