4.212092069109806686e-02
3.904422638267138201e-02
3.365584015874470425e-02
2.251213760820463261e-01
1.138688774716009183e-01
5.336635976980282914e-01
5.158824708335688763e-02
1.332009665823888356e-01
2.281494623574939484e-01
1.924159042224068972e-02
2.570652085274633541e-02
3.040727095434032079e-01
2.600612351398134958e-02
1.013770520368233868e-01
9.520919062870956961e-02
1.817489445011451557e-02
5.360580529122154630e-02
9.104283512862895722e-02
4.971359728527040278e-02
1.297684179476480959e-01
