2.275723153131115506e+00
2.318951810176125061e+00
2.493257705479452024e+00
2.881428877201565708e+00
3.532771220645792631e+00
2.290446122798434292e+00
2.102930834148728056e+00
2.561567392367905871e+00
2.628913894324853118e+00
2.502866621819960891e+00
2.658206947162426559e+00
2.282557179549902227e+00
2.707612218688845385e+00
2.307041952054794454e+00
2.672226638943248744e+00
2.900073385518591174e+00
3.795659552348336518e+00
2.650791952054794454e+00
3.624197345890411093e+00
2.276938600782778988e+00
2.373387047455968624e+00
2.427791707436399271e+00
2.396128913894324697e+00
2.314984405577299231e+00
2.621544765166340607e+00
2.608167196673189636e+00
2.210333598336594818e+00
2.260709699119373806e+00
2.275035163894324697e+00
2.451779598825831741e+00
2.505266939823874939e+00
2.576550269080234656e+00
2.729023972602739878e+00
2.312201871330723968e+00
2.753822162426614373e+00
2.904056078767123239e+00
2.570320144324853118e+00
3.322720462328767166e+00
3.196321550880626194e+00
2.637819532778864939e+00
3.244664261252446114e+00
2.968237830234833563e+00
3.010235750978473401e+00
2.421645670254402916e+00
3.004357265166340607e+00
3.603809931506849473e+00
4.252209209882582996e+00
2.704753241193737612e+00
2.585157778864970446e+00
2.983037243150684859e+00
2.332558708414872672e+00
3.039635824363992267e+00
2.495711533757338341e+00
3.346738931017612551e+00
3.435367233365949069e+00
2.943699547455968624e+00
2.640640288649706680e+00
3.228947529354207369e+00
3.110819777397260122e+00
3.510411570450097773e+00
4.298327421722113684e+00
2.833934686888453847e+00
3.521472908512720323e+00
2.751544153620352429e+00
2.437568798923678948e+00
2.952849804305283765e+00
2.804014799412915870e+00
2.564885029354207369e+00
2.845576993639921781e+00
2.891244190313111417e+00
2.589560909980430647e+00
2.574325770547945424e+00
2.793993089530332874e+00
3.437515288649706680e+00
3.282954684442270121e+00
3.120107632093933603e+00
3.326405026908023643e+00
2.556361607142857206e+00
3.005213429549902227e+00
3.093811154598825830e+00
3.790667808219178259e+00
2.777297884050880405e+00
2.379319043542074574e+00
2.812033696183953158e+00
2.238801064090019555e+00
2.271534063111546153e+00
2.545292624755381539e+00
2.723229574363992267e+00
2.874090325342465668e+00
2.738388270547945424e+00
2.295476088551859029e+00
2.708781800391389272e+00
3.171844422700587085e+00
2.379257888943248744e+00
2.430834148727984534e+00
3.141527030332681214e+00
3.071879586594911782e+00
2.471624266144814008e+00
2.427722908512720323e+00
3.070969911937377894e+00
3.410546110567514777e+00
3.192017795988258300e+00
3.043756115459882672e+00
2.629326687866927692e+00
2.303999510763209191e+00
2.410110384050880405e+00
2.983373593444226923e+00
2.231898238747553886e+00
2.032931751467710324e+00
2.733465325342465668e+00
2.418664383561643927e+00
2.333468383072407004e+00
2.146664016634050931e+00
2.167884662426614373e+00
2.821237463307240567e+00
2.858067820450097773e+00
2.405370902641878583e+00
2.520372125733855384e+00
2.267895364481408826e+00
2.752652580724070486e+00
1.869664261252446114e+00
2.166592771526418826e+00
2.838192575831702591e+00
2.499610139432485223e+00
2.300108549412915870e+00
2.757606103228962713e+00
3.475316475048923603e+00
2.491216670743639838e+00
2.670353779354207369e+00
2.815993456457925426e+00
2.822613441780821741e+00
1.951259784735812186e+00
2.407473091976516599e+00
2.227923189823874939e+00
2.148437500000000000e+00
3.128929182974559797e+00
2.196772566046966801e+00
2.601623654598825830e+00
2.886244801859099596e+00
1.951022810665361984e+00
1.818592526908023421e+00
2.138079439823874939e+00
1.926079378669276032e+00
1.906884478962818097e+00
1.830081947162426559e+00
1.943783635029354251e+00
1.912159063111545931e+00
1.856860017123287632e+00
2.030439701565557531e+00
1.960371819960861073e+00
1.859222113502935425e+00
1.705647627201565486e+00
1.828667747064579352e+00
1.704485689823874717e+00
1.708193187377690769e+00
1.616010273972602773e+00
1.931224009295499089e+00
2.086357937866927692e+00
2.287067331213307408e+00
1.905003975048923603e+00
2.067308280332681214e+00
1.965692270058708502e+00
2.226287304305283765e+00
2.084485078277886316e+00
1.932019019080234878e+00
2.078163221624266033e+00
1.961166829745596862e+00
1.949195817025440203e+00
1.974590264187866984e+00
1.897573691291585041e+00
1.798228045499021599e+00
2.282450159001956802e+00
1.913703216731898138e+00
3.107119924168297409e+00
3.668282167318982268e+00
2.683173312133072308e+00
3.635480369373776721e+00
3.271495841487279677e+00
2.873769263698630283e+00
3.035477311643835829e+00
2.881214836105675303e+00
2.262368517612524332e+00
2.580234833659491134e+00
3.736813539628180081e+00
3.728282473091976357e+00
3.158191658512720323e+00
3.984130381604696680e+00
3.405791340508806275e+00
4.119442575831702591e+00
3.604352678571428381e+00
2.841724253913894493e+00
2.941299229452054576e+00
2.296423984833659393e+00
3.456970095401174170e+00
3.229245658023483401e+00
2.235965019569471579e+00
2.849154537671232834e+00
1.995742111056751478e+00
2.499487830234833563e+00
3.100400562622309231e+00
2.977303999510763077e+00
2.131306568003914048e+00
2.810497186888453847e+00
2.311009356653620284e+00
2.627583781800391538e+00
2.327467588062622106e+00
2.711801308708414737e+00
3.598917563600782632e+00
2.540331457925636194e+00
2.297509478962818097e+00
2.018751528864970446e+00
2.985032411937377894e+00
2.692675207925636194e+00
2.890403314579256477e+00
2.177279537671232834e+00
2.298419153620352429e+00
2.088911142367905871e+00
2.147910041585127328e+00
2.169918052837573441e+00
2.114985934442270121e+00
2.668656739236790809e+00
2.388553387964774899e+00
2.378134173189824008e+00
2.714140472113502955e+00
2.596708353718199636e+00
2.525631421232876761e+00
2.624388454011741700e+00
2.248601088551859029e+00
2.809656311154598907e+00
2.372882522015655749e+00
3.384677715264187814e+00
1.982700892857142794e+00
2.087634540117417004e+00
2.969713184931507044e+00
2.531364664872798542e+00
2.642146220645792631e+00
2.300980002446184169e+00
2.368938050391389272e+00
2.751865215264187814e+00
2.202108304794520688e+00
1.877385029354207369e+00
2.594843138454011822e+00
2.139027336105675303e+00
2.592633928571428381e+00
2.515250428082191902e+00
2.894431873776908137e+00
1.989114481409002044e+00
2.267153864970645749e+00
2.491201382093933603e+00
2.070358365949119595e+00
2.020983671722113684e+00
2.155615521037181903e+00
2.124357876712328785e+00
2.663726149706457935e+00
2.278880259295498867e+00
2.616438356164383361e+00
2.178640227495107773e+00
2.563348520058708502e+00
2.066948997064579352e+00
2.205854023972602551e+00
2.657962328767123239e+00
2.529453583659491134e+00
2.140357448630136883e+00
2.310069104696673037e+00
2.545911815068492956e+00
2.569311093444226923e+00
2.460104268590998178e+00
2.406357020547945424e+00
2.871529476516633927e+00
2.429182974559686681e+00
2.422348948140900404e+00
2.259685359589040932e+00
2.365222908512720323e+00
2.406723948140900404e+00
2.011046049412915870e+00
2.344300391389432470e+00
1.863793419765166437e+00
2.289505870841487489e+00
2.315970523483366073e+00
2.030783696183953158e+00
2.385449792074363806e+00
2.754785347358121417e+00
2.624663649706457935e+00
2.133011252446184169e+00
2.107892000978473401e+00
2.449593321917808098e+00
2.273185237279843562e+00
2.115161753913894493e+00
2.457359955968688947e+00
2.494213246086105507e+00
2.703759478962818097e+00
2.678953644814090040e+00
2.309113564090019555e+00
2.071650256849315141e+00
2.255748532289628017e+00
2.549527580724070486e+00
2.113395914872798542e+00
1.978809931506849251e+00
2.436697345890411093e+00
2.400860750978473401e+00
3.939816230430528421e+00
4.185680650684931337e+00
5.247706702544030932e+00
4.487096379647749878e+00
5.359053938356164615e+00
3.238854574363992267e+00
3.364473764677103684e+00
3.454508622798434292e+00
3.170888882093933603e+00
3.869304977984344251e+00
4.387154476516633927e+00
4.102808524951075952e+00
4.712443431996086396e+00
4.454325159001957246e+00
4.411448140900195547e+00
4.593039077788649394e+00
3.696459148727984534e+00
3.163947835127201458e+00
4.414284185420743967e+00
5.013171171722113684e+00
5.285500244618395627e+00
3.628187683463796276e+00
3.700457130626223279e+00
4.564716854207436114e+00
3.136153069960860851e+00
3.232158145792563442e+00
3.740834454500978623e+00
4.275677287181996356e+00
4.301645058708414737e+00
3.393453400195694858e+00
5.729345034246575707e+00
3.782954684442270121e+00
3.183547884050880405e+00
2.957933280332681214e+00
3.376666462818004089e+00
3.983946917808219190e+00
3.606110873287671215e+00
3.357884356653620284e+00
3.127148055283757166e+00
3.259952910958904049e+00
4.037655944227005911e+00
3.774018468688845385e+00
3.485131788160469757e+00
3.334087573385518422e+00
3.350087145303326963e+00
3.641366499510763077e+00
3.469338613013698502e+00
3.188577849804305142e+00
2.709347480430528421e+00
3.497003424657534332e+00
3.384830601761252389e+00
2.640311582681017732e+00
3.338444838551859029e+00
3.777672455968688947e+00
2.988502935420743523e+00
4.012093321917808098e+00
3.240192331213307408e+00
4.033268101761252389e+00
3.515877262720156438e+00
3.242202788649706680e+00
3.196183953033268299e+00
3.111163772015655749e+00
2.644508317025440203e+00
2.923518529843444291e+00
3.450701749021526599e+00
2.517260885518591174e+00
3.251590019569471579e+00
2.965424718688845385e+00
2.585257155088062753e+00
2.685351944716242834e+00
3.448752446183953158e+00
3.108794031311154615e+00
3.980438172700587085e+00
2.605598703522504778e+00
4.147818309686888583e+00
3.047960494129158704e+00
3.930849437377690769e+00
4.076313295009784454e+00
3.663328644814090040e+00
2.777007399706457935e+00
3.619052715264187814e+00
3.673724926614481578e+00
4.157006788160469313e+00
2.917747064579256477e+00
3.246942270058708502e+00
4.260640900195694414e+00
2.986760029354207369e+00
3.116499510763209191e+00
3.519944043542074574e+00
2.656150623776908137e+00
3.653276357632094129e+00
3.286860934442270121e+00
3.702704562133072308e+00
3.429328216731898138e+00
3.528505687377690769e+00
3.481844728473581174e+00
3.423174535225049109e+00
3.144416585127201458e+00
2.759303143346379716e+00
3.495398116438356073e+00
2.643499266144814008e+00
2.448224987769080041e+00
2.594697896281800364e+00
2.585471196183953158e+00
2.358740521037181903e+00
2.543847847358121417e+00
2.662480124755381539e+00
2.326061032289628017e+00
2.264929366438356073e+00
2.051530393835616639e+00
2.007583170254402916e+00
2.157404293052837652e+00
2.075143713307240567e+00
2.153154048434442469e+00
2.274477128180039109e+00
2.439028864970645749e+00
2.584515655577299231e+00
2.748211227984344251e+00
2.370551002935420648e+00
2.199004708904109595e+00
2.499082681017612551e+00
2.658902580724070486e+00
2.283833781800391538e+00
2.508576932485322875e+00
2.636053693737768988e+00
2.784743456457925426e+00
2.800406678082191902e+00
2.759318431996085952e+00
2.296653314579256477e+00
2.593979329745597084e+00
2.146801614481408826e+00
2.391121881115459757e+00
2.254624816536203724e+00
2.449562744618395183e+00
2.231523666829745789e+00
2.398880870841487489e+00
2.824218750000000000e+00
2.021488197162426559e+00
2.393934992661447936e+00
2.925437255381604817e+00
3.066039322407045020e+00
2.414238319471624372e+00
2.748769263698630283e+00
2.220997431506849473e+00
2.962718627690802187e+00
3.159238931017612551e+00
2.925574853228962713e+00
3.384585983365949069e+00
2.826382093933463846e+00
2.844850782778864939e+00
4.266290056262231012e+00
2.890502690802348340e+00
3.096876528864970446e+00
3.259738869863013644e+00
3.054695144324853118e+00
3.202123593444226923e+00
3.320281922700587085e+00
2.447391756360078219e+00
2.715386497064579352e+00
3.465784001956947247e+00
2.487501528864970446e+00
3.287602433953033199e+00
2.544948630136986356e+00
2.633225293542074574e+00
3.237700281311154615e+00
3.080517673679060486e+00
2.988908084637964979e+00
2.794734589041095951e+00
3.013813295009784898e+00
2.575785836594911782e+00
2.909919275929549798e+00
2.675918847847358339e+00
2.797861117906066397e+00
2.839033451565557531e+00
2.501697040117417004e+00
2.906808035714285587e+00
3.012766022504892227e+00
2.746414811643835829e+00
2.755924351761252389e+00
3.114917135518591174e+00
3.015563845401174170e+00
2.127446183953033199e+00
2.963284307729941336e+00
2.350507583170254211e+00
2.764722969667318786e+00
2.410790728962818097e+00
2.580425941780821741e+00
2.759112035225049109e+00
2.112684992661447936e+00
2.475928021037181903e+00
3.050735384050880405e+00
2.547058463796477490e+00
2.651135946673189636e+00
2.968834087573385627e+00
2.941941352739726234e+00
2.228343627690802187e+00
2.661692759295498867e+00
2.517918297455968624e+00
2.437821061643835829e+00
2.495749755381604817e+00
2.890701443248532510e+00
2.708674779843444291e+00
3.228710555283757166e+00
2.717060604207436558e+00
2.059075342465753522e+00
2.537082619863013644e+00
2.509066169275929514e+00
3.203285530821917693e+00
2.501452421722113684e+00
2.747355063600782632e+00
2.612868456457925426e+00
2.930788282778864939e+00
3.164995107632094129e+00
2.926316352739726234e+00
3.059235873287671215e+00
2.517153864970645749e+00
1.843367783757338563e+00
2.109933035714285587e+00
1.861714163405087996e+00
2.180054427592954980e+00
1.662311949608610506e+00
2.091105063600782632e+00
2.063799535225049109e+00
2.406349376223091863e+00
2.029170743639921781e+00
1.822850415851271944e+00
2.238701687866927692e+00
1.965118945694716235e+00
2.570289567025440203e+00
2.194662732387475668e+00
2.415614297945205546e+00
2.889845278864970446e+00
2.595875122309197813e+00
2.227678571428571619e+00
2.387269141389432470e+00
2.001796416340508866e+00
2.673113380626223279e+00
2.514952299412915870e+00
2.326244496086105507e+00
2.275631421232876761e+00
1.664352984344422692e+00
2.166539261252446114e+00
1.865780944227005911e+00
2.275425024461839474e+00
2.223741744129158704e+00
2.203262597847358339e+00
2.450946367416829919e+00
3.918610873287671215e+00
3.832482265166340607e+00
3.545613686399217368e+00
3.834737340998043198e+00
4.425032106164383805e+00
4.434190007338552064e+00
3.783543297455968624e+00
3.434893285225049109e+00
4.101998226516633927e+00
5.714071673189823564e+00
4.503692208904109151e+00
4.747186888454011822e+00
4.169879831213306964e+00
3.534980430528375628e+00
1.266858029598825830e+01
1.390763362279843385e+01
1.789482173434442203e+01
5.071871942270059108e+00
4.839369801859099596e+00
5.112593260763209635e+00
4.422035530821918137e+00
5.226852984344422914e+00
3.784712879158512511e+00
3.624892979452054576e+00
3.442713429549902227e+00
4.258317025440312875e+00
3.976050330234833563e+00
3.778322223581213279e+00
3.724529109589040932e+00
3.342022382583170081e+00
3.993494679549902227e+00
4.470385885518591174e+00
3.753019508317025466e+00
3.602770303326810364e+00
3.809174718688845385e+00
3.893598642367905871e+00
4.186192820450098218e+00
3.702184748043052753e+00
4.267383194716242834e+00
4.898903803816047287e+00
4.316352739726027288e+00
3.382980675146771254e+00
4.260228106653620728e+00
4.407526602250489312e+00
2.954202849804305142e+00
2.432026663405088218e+00
2.732012903620352429e+00
2.867401541095890405e+00
3.185864114481408826e+00
3.046936154598825830e+00
3.583399584148728056e+00
2.997645547945205546e+00
2.672952849804305142e+00
2.614764249021526599e+00
3.107861423679060486e+00
3.494977678571428381e+00
3.270356837084148705e+00
2.827352923189824008e+00
2.691337451076321052e+00
2.829340447651663482e+00
2.598046110567514777e+00
2.893667441291585263e+00
3.174726333170254211e+00
3.069135273972602551e+00
3.586724865459882672e+00
3.319823263209393360e+00
3.032641267123287854e+00
3.146572284735812186e+00
3.126085494129158704e+00
3.829959637964774899e+00
4.370390472113502511e+00
3.105415239726027288e+00
3.945052592954990001e+00
3.407694777397260122e+00
2.940435420743639838e+00
3.795812438845401093e+00
3.055230247064579352e+00
3.388270547945205546e+00
3.326947773972602551e+00
3.396847480430528421e+00
3.188493762230919959e+00
3.426431017612524332e+00
2.925077972113502955e+00
3.129678326810175992e+00
4.166676859099804453e+00
3.625642123287671215e+00
4.002988931017612551e+00
3.633997370352250567e+00
3.537006176614481578e+00
3.738143652152641661e+00
4.389119068003913604e+00
4.340898666829745345e+00
2.992210432974559797e+00
2.856890594422700769e+00
2.972786203522504778e+00
3.425169704011741700e+00
3.572911570450097773e+00
3.625412793542074574e+00
3.639661815068492956e+00
3.216961227984344251e+00
3.801744434931507044e+00
3.057852250489236923e+00
2.970982142857142794e+00
3.410553754892367895e+00
3.324639187866927692e+00
2.951015166340508866e+00
2.799489359099804453e+00
2.946092221135029554e+00
2.677929305283757166e+00
3.357456274461839474e+00
3.306453339041095951e+00
3.123669887475537976e+00
2.844437989236790809e+00
2.647963551859099596e+00
3.218490092954990001e+00
3.067300636007827652e+00
3.502262720156555709e+00
2.623998593444226923e+00
3.184457558708414737e+00
2.586182118395303320e+00
2.611775318003914048e+00
3.318646037181995911e+00
2.179603412426614373e+00
2.413603840508806275e+00
3.087015349804305142e+00
3.262735445205479312e+00
4.393124694227005911e+00
2.482142857142857206e+00
2.295735995596869028e+00
2.465615826810175992e+00
3.561720278864970446e+00
2.883531066536203724e+00
3.627316230430528421e+00
2.720217710371819919e+00
3.929427592954990001e+00
2.945358365949119595e+00
3.135503302348336518e+00
3.929825097847358339e+00
3.126995168786692592e+00
3.400493823385518422e+00
3.583598336594911782e+00
2.562110139432485223e+00
2.100530516144814008e+00
2.404315985812133238e+00
2.870619801859099596e+00
2.865987340998043198e+00
2.924198874755381539e+00
2.667410714285714413e+00
3.200441841976516599e+00
2.998127140410959068e+00
2.117271587573385627e+00
2.112149889921722146e+00
2.351585432974559797e+00
2.811544459393346518e+00
3.181071122798434292e+00
2.797914628180039109e+00
3.098428326810175992e+00
2.660347358121330608e+00
2.281272932974559797e+00
2.691895486790606640e+00
2.258003608121330608e+00
2.569563356164383361e+00
2.907862952544031376e+00
2.878355858610567530e+00
3.098741744129158704e+00
2.505083476027397449e+00
2.330120168786692592e+00
2.979803693737768988e+00
3.521641083659491134e+00
2.687805772994129150e+00
1.933677837573385627e+00
2.582015961350293320e+00
2.326833109099804453e+00
2.335203644814090040e+00
3.187415912426614373e+00
2.661891511741683036e+00
2.758102984344422914e+00
2.189594545009784898e+00
2.750366927592954980e+00
3.025447957436399271e+00
2.187140716731898138e+00
2.774331886007827652e+00
2.871407167318982268e+00
2.998257093933463846e+00
2.929014799412915870e+00
3.221341426125244656e+00
2.572215936888453847e+00
2.665621942270058664e+00
2.537365459882582996e+00
3.047884050880626194e+00
3.328751834637964979e+00
2.830456519080234656e+00
3.186865521037181903e+00
2.835478840508806275e+00
2.350469361545988178e+00
3.220477617416829919e+00
2.016412365459882672e+00
1.922624143835616417e+00
1.754922945205479534e+00
2.501223091976516599e+00
2.388033573874755344e+00
1.971127385029354251e+00
2.167984038649706680e+00
2.379257888943248744e+00
2.015846685420743523e+00
3.143254647749510688e+00
2.129043847847358339e+00
2.850882155088062753e+00
2.498952727495107773e+00
2.370742111056751256e+00
2.176102311643835829e+00
2.968505381604696680e+00
3.213001467710371983e+00
2.606416646281800364e+00
2.570526541095890405e+00
2.676920254403130972e+00
2.574104085127201458e+00
2.734076871330723968e+00
2.867707314090019555e+00
2.361782962328767166e+00
2.008653375733855384e+00
1.627866621819960891e+00
1.936727923189823786e+00
1.523039995107632105e+00
1.724804305283757389e+00
1.655118639921722146e+00
1.555941169275929514e+00
1.798549107142857206e+00
1.789100721624266255e+00
2.185007950097847207e+00
2.036692759295498867e+00
2.226004464285714413e+00
2.418465631115459757e+00
1.600408206947162348e+00
1.780218016144814008e+00
2.025562622309197813e+00
1.986828828277886538e+00
1.487486240215264210e+00
1.596157962328767166e+00
1.583605980919765122e+00
2.363571734344422914e+00
1.976723030821917915e+00
1.742539138943248522e+00
2.167211961839530243e+00
1.948614848336594818e+00
1.732433341487279899e+00
3.274133133561643927e+00
3.517398483365949069e+00
3.335838123776908137e+00
2.877079256360078219e+00
2.827184748043052753e+00
4.117439762720156438e+00
3.754510151663405182e+00
2.948202054794520688e+00
3.261596440802348340e+00
2.794237707925636194e+00
3.299894508317025466e+00
2.789880442759295587e+00
4.598619434931507044e+00
3.854207436399217368e+00
3.663252201565557531e+00
3.352273422211350162e+00
3.680528375733855384e+00
3.897069165851271944e+00
3.186972541585127328e+00
3.046852067025440203e+00
3.902664811643835829e+00
3.862157534246575263e+00
3.460784613502935425e+00
4.802057852250489312e+00
5.475262964774951335e+00
3.803884845890411093e+00
5.647237340998042754e+00
4.217427531800391094e+00
4.298136313600783076e+00
4.476539567025440647e+00
4.731179672211350606e+00
4.132483794031311497e+00
5.172173128669276032e+00
4.107739114481408826e+00
4.352151113013698946e+00
5.088949363992171904e+00
4.631061949608610284e+00
4.208154965753424293e+00
3.854421477495107773e+00
6.890968994618395627e+00
3.711663710861056842e+00
3.448935909980430647e+00
2.633936215753424737e+00
2.893117049902152793e+00
2.873333537181995911e+00
2.828384907045009999e+00
2.602862035225049109e+00
2.586923617906066397e+00
2.857035836594911782e+00
3.185818248532289676e+00
3.073148544520547976e+00
2.588804121819960891e+00
2.582818615459882672e+00
2.968902886497064575e+00
3.056919642857142794e+00
2.365268774461839474e+00
2.591212084148728056e+00
3.078384907045009999e+00
2.842557485322896316e+00
2.365994985322896316e+00
3.718314273483366073e+00
3.352571550880626194e+00
3.840959821428571619e+00
4.489244434931507044e+00
4.591601944716242834e+00
4.564411081213306964e+00
4.954478045499021377e+00
4.254900012230919515e+00
4.119717771526418382e+00
5.004693615459882672e+00
2.876628241193737612e+00
3.281586350293542065e+00
6.313386741682974979e+00
3.649767612524462024e+00
3.123127140410959068e+00
4.006023727984344696e+00
4.681468627690802187e+00
3.941490337573385627e+00
2.679916829745597084e+00
1.986660653131115506e+00
3.815068493150684859e+00
2.876536509295498867e+00
2.644798801369863117e+00
2.498341181506849473e+00
3.429037732387475668e+00
2.500779721135029554e+00
2.573209699119373806e+00
2.190328400195694858e+00
2.248838062622309231e+00
3.149568860078277854e+00
2.956175085616438380e+00
2.425131482387475668e+00
2.245772688356164171e+00
2.408107570939334696e+00
2.631979268590998178e+00
2.445694716242661659e+00
2.455380075831702591e+00
