9.394377964027977868e-01
9.653316432544645220e-01
9.147962828764808485e-01
9.546663109796851288e-01
9.520781379333489447e-01
9.464867383487662877e-01
8.892543961066242675e-01
9.295953539886601114e-01
8.865540819348222135e-01
9.645623222681519726e-01
9.464309517495710367e-01
9.431104787193704819e-01
9.844170093048117964e-01
9.609883523253227589e-01
9.062333874139739676e-01
9.282237109245263795e-01
8.283943099041535252e-01
9.378252839043834665e-01
9.523172703797796457e-01
9.247270860386858082e-01
9.350326039909695464e-01
9.468964869337758161e-01
8.766644719572695976e-01
9.726338348793062138e-01
9.607865279858542884e-01
9.683179385743432288e-01
9.519926382200136761e-01
9.515896247928918861e-01
9.565540549388570346e-01
8.580249513153975771e-01
8.796237909844544234e-01
9.520261880658824616e-01
9.610505926716167435e-01
9.405772178031592823e-01
9.244130633126197427e-01
9.261066758910359020e-01
9.843680445130851275e-01
9.599742814609868446e-01
9.360923787832531318e-01
9.461871489866453544e-01
9.631120032550637422e-01
9.554140350664293013e-01
9.496442587633660004e-01
9.479666455033957106e-01
9.593374642724359358e-01
9.820598549754382400e-01
9.756211915671393342e-01
9.823162132584986050e-01
9.503439044914547829e-01
9.653262728550769944e-01
9.670231917737555083e-01
9.768184493721949746e-01
9.127694444495260129e-01
9.751163580406525533e-01
9.571885063300726859e-01
9.770747303866649247e-01
9.636398617674380995e-01
9.649489181160166851e-01
9.821028989176774360e-01
9.661402010937660823e-01
9.612900952489300543e-01
9.647216625897274689e-01
9.757253139326145241e-01
9.517425730178924459e-01
9.543294208089015962e-01
9.804563429030322963e-01
9.608018785806506923e-01
9.795550284330205582e-01
9.884717434407603864e-01
9.803973442865996368e-01
9.834705034947458513e-01
9.818567124654611344e-01
9.705482855377839391e-01
9.657575876875761356e-01
9.075399055435104945e-01
9.087358909325029543e-01
9.631310051429884389e-01
9.690223558467196963e-01
9.620872752569368247e-01
9.009737566977307210e-01
9.337094559904859370e-01
9.647844180054145902e-01
9.797851929314225217e-01
9.833299070122938357e-01
9.352475596527018986e-01
9.589789969351409926e-01
9.819052841077964278e-01
9.279024495737706602e-01
9.640070089338445003e-01
9.794112790153686188e-01
9.730424813005451590e-01
9.650599667719028663e-01
9.873037302315923469e-01
9.838478706661404338e-01
9.786577467305644928e-01
9.858053025682329551e-01
9.390251907292997968e-01
9.871171751365892533e-01
9.878997476697439772e-01
9.383716444067586870e-01
9.442209091371758234e-01
9.609424977176228566e-01
8.947745430249949283e-01
9.679929932133954917e-01
9.835240263988712650e-01
9.274315534878565526e-01
9.881493236393299462e-01
9.549166775322196488e-01
9.369655088152208933e-01
9.706428136688010078e-01
9.771396671942638168e-01
9.793698155052701360e-01
8.945512245247758676e-01
9.364741723460858758e-01
9.593955883314835287e-01
9.350382264205745475e-01
9.387625942332553652e-01
9.630497030601896657e-01
9.278572798054482984e-01
9.741729374717686962e-01
9.543230809825200556e-01
9.347022731046217281e-01
9.807593100122760088e-01
9.894097160331865037e-01
9.099677537858115173e-01
9.860808234264305527e-01
9.002860806858778986e-01
9.119830541422278003e-01
9.789269615437022898e-01
9.360497879186823189e-01
9.486271644879535891e-01
9.653987287422732821e-01
9.812048453085808752e-01
9.703194622498756416e-01
9.241894168147117838e-01
8.918607021629496590e-01
8.656470327450622726e-01
9.558659385644088236e-01
9.380111121485334991e-01
8.888040520483250218e-01
9.372054938704350580e-01
9.809521734789723446e-01
9.192623107261567172e-01
9.210906918258892073e-01
9.276106580249661171e-01
9.230331215815670287e-01
8.994787992392350162e-01
9.295132399675848367e-01
8.889525539647402663e-01
9.217755634114450647e-01
9.055079255260550797e-01
8.715065348675132828e-01
8.545152126383619429e-01
8.790501575007965140e-01
8.697392017503285944e-01
8.682418833908068789e-01
9.815903026801029441e-01
8.801092766407514478e-01
9.206583976626047106e-01
9.622461913117972276e-01
8.640939088354955278e-01
8.639509917048658894e-01
9.528035099820553189e-01
9.374844875953606271e-01
9.255854569361143813e-01
9.427916601134729291e-01
9.299154294127812692e-01
9.434693429237439588e-01
8.950868026772869079e-01
9.389484472060718456e-01
7.762987998688613001e-01
8.598862131820144139e-01
9.465646705323556009e-01
9.345557259184398280e-01
9.351720417035003230e-01
9.760680908017040913e-01
9.441572143540244433e-01
9.571315096732002647e-01
9.494568364713077413e-01
9.306376971317399382e-01
9.611735293480150322e-01
9.276537268338493902e-01
9.538451260322935443e-01
8.938371405708716022e-01
7.790872951834054705e-01
9.327929083274948407e-01
9.346770776386108537e-01
9.186836263855708840e-01
9.726149247185963409e-01
9.563363846154200321e-01
8.987757223450614230e-01
9.528380973545496069e-01
8.278408404702355394e-01
8.376636229814757861e-01
9.572106091775425263e-01
9.490740456320883034e-01
9.207522235986543846e-01
8.038022176962770216e-01
9.669912321987780279e-01
9.321606042465131470e-01
9.263053182222406035e-01
7.769502848383409432e-01
9.178202246826379085e-01
8.706609348908400658e-01
9.211260431924471748e-01
9.131183422569053576e-01
8.933903157381148930e-01
9.040193695508244032e-01
9.532496230378911806e-01
8.862751032869797818e-01
9.001460933577758450e-01
8.290228777026225071e-01
9.281228162129332437e-01
9.088625092753279677e-01
9.692511616609350567e-01
9.089073286110944672e-01
8.374411527371553587e-01
8.044841296922777829e-01
8.270894507986135125e-01
8.898981053173523614e-01
9.793312582756936724e-01
9.566356398994519949e-01
9.894976363802996389e-01
9.816957970614188511e-01
9.836853593822312281e-01
9.603926288328421546e-01
9.004264763863474297e-01
9.674454905940801375e-01
9.327483501451618864e-01
9.522169259456488843e-01
9.419299440065180828e-01
9.364671403059418031e-01
9.431494133323420348e-01
9.353088238502165197e-01
8.725814056353961012e-01
9.164201682656141212e-01
9.056583993982485481e-01
9.641432535343494870e-01
9.494477953595945596e-01
9.325492867307931810e-01
8.795834368171506767e-01
9.361410545119659421e-01
8.875963507967572497e-01
9.244941379265876336e-01
9.698355964008766872e-01
9.540643887034674364e-01
8.322951012635375623e-01
8.923395671723863831e-01
9.360162179284257089e-01
8.741325145967537846e-01
8.932120756665110628e-01
9.421679231056999670e-01
9.052644108306114878e-01
9.150838796132668707e-01
9.034111207578214842e-01
8.855726387984358405e-01
8.196981056454810677e-01
9.499432706495866130e-01
8.055552284396343410e-01
9.268370142530133471e-01
8.885325291354979615e-01
9.141014125528220680e-01
8.897933186180686516e-01
8.848197076021808716e-01
9.509987205509170538e-01
9.527116300893458956e-01
9.296311517591977491e-01
8.930213703803095981e-01
9.530001984827980444e-01
8.368562940230725999e-01
9.426764147226505131e-01
9.008080481887965618e-01
8.761073620033423826e-01
7.535299335022379585e-01
8.869950603134211242e-01
9.014835754202661366e-01
8.405860152392597984e-01
9.590707597415948360e-01
8.715962324045486431e-01
8.627777271879746301e-01
8.969147586367887115e-01
9.766630118214041367e-01
8.954957783757966361e-01
9.352313304517095860e-01
8.707597013469012825e-01
8.772500573281840630e-01
8.903260712795620924e-01
9.280874141953253664e-01
9.105991079900497276e-01
8.548268104736489459e-01
9.188468010210213421e-01
8.758548123018559117e-01
8.813210250418757052e-01
8.190707347602884658e-01
9.549643757616663731e-01
9.328078210713772744e-01
8.397667141411603309e-01
9.213438775565417904e-01
8.354330882401798108e-01
8.666569880138996762e-01
9.383755912443514369e-01
9.182238257749092414e-01
9.394980641861883086e-01
8.994715687497019108e-01
8.968014773075819734e-01
9.083055281542617987e-01
9.046647309377110480e-01
9.082834559145240849e-01
9.418607682979172058e-01
9.526675965033689630e-01
9.281385642505597389e-01
9.274032393126659946e-01
9.201093875709960290e-01
9.155997595897807928e-01
9.384308188756003144e-01
9.239697432579359049e-01
9.138614335973413993e-01
9.429830243005592472e-01
9.199666782834199363e-01
8.933403688807486365e-01
9.304829630372670746e-01
9.485647753952788364e-01
9.134602272569218862e-01
9.193566115509614889e-01
8.951182720756272193e-01
8.908178190854372236e-01
9.306438791003397437e-01
9.289206717487736853e-01
9.312940910891324142e-01
8.740766704830600364e-01
8.698981198462641951e-01
9.465381443213251034e-01
9.352418127913793011e-01
8.932725139342114762e-01
9.171042375027205207e-01
9.346393092820082238e-01
8.967771413698799599e-01
9.237476516322201681e-01
8.908077567046688294e-01
8.798643946089884649e-01
8.770716470087779326e-01
9.159867435343955755e-01
8.655952275095579740e-01
9.285652217617983428e-01
9.207917742438685993e-01
9.074956129100418822e-01
8.954688898375711137e-01
9.183475024754301774e-01
9.389543355420815196e-01
9.255070769153852517e-01
9.340466655104180393e-01
9.495875368698503127e-01
9.560845780424640505e-01
9.326297420726510357e-01
9.289383134123379016e-01
9.571367451696584094e-01
9.573795529523523307e-01
9.563862595966302615e-01
9.618352354151240569e-01
9.439689863302606065e-01
9.274538544457634481e-01
9.243257582069277500e-01
9.232544961780828618e-01
9.534361480881583528e-01
9.537341468076148132e-01
9.678155803763462961e-01
9.583745827916811955e-01
9.348530271386814583e-01
9.449741028718440239e-01
9.143810296372916202e-01
9.379778141392560720e-01
9.272936674222586051e-01
9.098184387578097665e-01
9.505147522844047403e-01
8.240148643280972296e-01
8.950270985223711673e-01
9.406020851043123132e-01
8.839803706687709983e-01
9.033173534298275520e-01
8.843644132053065654e-01
9.153800715160701484e-01
8.343327956306154647e-01
8.704535193697835460e-01
7.988614870170369642e-01
9.239718004825818731e-01
9.040351243648521162e-01
8.696049758396136031e-01
9.171473906855263092e-01
9.096273470452984622e-01
9.297086701892947058e-01
9.231798277484055681e-01
9.042598449950440820e-01
9.114727331722651815e-01
8.691232879027899205e-01
8.615117626999377887e-01
8.662617756618077314e-01
8.931628901045680635e-01
9.039397490033083127e-01
9.084839110107083560e-01
8.671718912196966222e-01
8.792723352901169465e-01
8.981485170544223351e-01
9.194586588778157488e-01
9.252443272214012637e-01
8.413695298687535740e-01
9.076059752687477555e-01
8.825851345976346574e-01
9.287492913003159156e-01
8.772710395107788939e-01
8.621269920936077691e-01
8.579409904692373301e-01
8.273118166109431071e-01
8.506418600859880774e-01
8.574235607155535899e-01
9.161416950858495278e-01
9.304913713091402805e-01
9.224943461710908288e-01
8.563951477909768073e-01
8.729815302739845073e-01
8.857540131346960388e-01
9.180840654813851032e-01
9.232315599353335678e-01
8.405010181619660958e-01
9.251437560674006244e-01
9.055514585798957183e-01
9.241394786918499804e-01
8.498889309978852058e-01
8.789499249859659136e-01
9.665902444448866149e-01
9.000614312490708979e-01
9.117521193471869179e-01
9.394041013997012080e-01
9.003453520618587280e-01
9.184958123679943798e-01
9.314861146394369795e-01
8.570838772477671341e-01
8.783866264304489579e-01
8.249631081578248093e-01
8.857493486539811389e-01
8.939462113194123205e-01
8.872935246925811592e-01
8.948996704723002349e-01
8.891937399279083998e-01
7.919971658733336861e-01
9.158427769094876769e-01
8.877136124416844520e-01
8.937156880562269201e-01
8.871371549297628611e-01
9.056990597751564120e-01
9.058790160922913781e-01
9.287900288453462272e-01
8.747140077178355844e-01
9.392551378420858077e-01
9.209254824915386051e-01
9.152792906543356644e-01
9.408531882506041555e-01
9.214657865847436513e-01
9.170094365399943381e-01
9.651478144378911050e-01
9.574852211542058678e-01
9.330670538189013152e-01
9.552661017162890067e-01
9.612093182201455477e-01
9.547711895027440887e-01
9.470389416058653254e-01
9.603440861995187205e-01
9.213947754661403478e-01
9.276705995859947373e-01
9.079831761483291297e-01
9.385665225131889500e-01
9.310994345824443741e-01
9.412565450574341686e-01
9.400954218017874009e-01
9.609195319213215125e-01
9.440475769986551580e-01
9.525858534980370385e-01
9.622658729851172321e-01
9.477179234891568438e-01
9.569250693536875962e-01
9.496726454581791987e-01
9.300877936571069204e-01
9.318546651282201276e-01
9.464965822691957520e-01
9.370605041913588895e-01
9.144773045119821697e-01
9.334097467572826101e-01
9.696375261438555659e-01
9.565656772714948852e-01
9.133801805378785055e-01
9.513146674768624411e-01
9.520053473696743485e-01
8.842056256055974561e-01
8.536693342219316971e-01
9.080387154547007178e-01
8.710727790035475149e-01
9.097790463912112102e-01
8.533900913726559789e-01
8.706148938450726238e-01
9.247388032012180403e-01
8.815841094620560092e-01
8.976905240848760403e-01
8.692850068361441807e-01
9.128824369117450876e-01
9.035797376164738104e-01
8.970194556056609869e-01
8.642135948903937326e-01
8.648745788912646226e-01
8.889316000337039725e-01
8.829533058804819312e-01
8.498133960154363731e-01
8.645806815832637326e-01
9.177757771931170927e-01
9.442354516983979540e-01
9.647300639525208110e-01
8.818353458746561735e-01
8.530727292633716319e-01
6.801557361195875728e-01
8.420603030231166297e-01
7.962675225388837763e-01
8.715423151742277552e-01
7.320984191380894845e-01
8.760239388617250267e-01
8.614871955686673743e-01
9.371411565450542547e-01
7.888122753914672547e-01
8.915217212717787554e-01
9.071210713775101908e-01
8.602905846721998762e-01
9.187305467024575734e-01
9.048929402027396929e-01
9.364332982256209359e-01
9.540383714410348714e-01
9.316661034110502726e-01
9.128130610239104659e-01
9.692778067818652588e-01
9.211406201307099639e-01
9.449968571125262340e-01
9.829103909709272502e-01
9.257039097561324814e-01
8.976516379350443220e-01
7.599437879424482123e-01
8.527560185954059513e-01
7.803002062401056538e-01
9.011491632718606759e-01
9.347276665038282140e-01
8.764437585928255281e-01
9.511404321540556372e-01
8.797859061202650821e-01
8.898345575966208898e-01
8.859108594467166586e-01
8.717766644040318980e-01
8.987932146409476353e-01
9.008932414391264132e-01
8.726745320921041049e-01
8.796569224162236189e-01
8.549110804693058618e-01
8.752953271220853537e-01
8.776728430855271768e-01
8.709481102913325667e-01
9.061869154532263826e-01
8.837386849733306349e-01
8.467861787706412180e-01
8.273601451236813897e-01
8.044660210686418456e-01
8.536353866014803060e-01
8.582033522851917340e-01
8.609274958515185094e-01
8.643808921915531185e-01
8.904317669049821582e-01
9.518054413538247216e-01
9.464782297233600428e-01
9.265782309483816537e-01
8.953970611763880649e-01
9.418347400348492382e-01
9.619291568318544261e-01
9.582692975113248357e-01
9.064854279941511050e-01
9.204524809709432320e-01
9.093840977615956778e-01
9.043642422189405172e-01
8.920735763011007347e-01
9.095884116737698033e-01
9.012751974188812909e-01
9.227595871743815570e-01
9.329953576962605188e-01
9.499988812973700902e-01
8.909535720441570383e-01
9.101230608731827321e-01
9.243228796215809950e-01
9.232443056747241528e-01
9.192407754303093537e-01
9.671375389351672958e-01
9.533667730302228804e-01
9.610319717480280133e-01
9.131454620206505002e-01
8.886361902190116346e-01
9.071285015963503895e-01
9.293470741100764432e-01
8.982236916412880134e-01
9.188202371531202228e-01
9.393087942324446216e-01
9.101915142459743313e-01
9.405592948650081109e-01
9.219736533628509756e-01
9.232541936539582217e-01
9.233317007155614764e-01
9.444520180056147352e-01
9.215994432918949153e-01
9.454958168948575103e-01
9.234286258298125549e-01
9.123921821104474805e-01
9.128186592906523122e-01
9.438668154607988692e-01
9.046882720098481379e-01
9.235633215313456823e-01
9.533636867414350125e-01
8.998568340584519598e-01
8.725081673674111027e-01
9.290128591874386998e-01
9.117305203498977662e-01
9.221611271522871522e-01
9.366833098235608501e-01
9.448822327555531642e-01
9.325021386614474883e-01
9.444854988140753971e-01
9.271234216364614422e-01
9.230815628433501896e-01
9.547209186480400955e-01
9.465948220725606266e-01
9.512168547055117607e-01
9.330279175700120220e-01
9.707632411381684756e-01
9.357588316698757236e-01
9.485333847767946081e-01
9.659194227370548891e-01
9.222882009453603480e-01
9.323987361796459705e-01
9.208666278230551727e-01
9.362860244381855379e-01
9.715002765403237817e-01
9.446275569856319443e-01
9.594681742097758148e-01
9.583291837141123537e-01
9.457047350141136732e-01
9.312861828025502664e-01
9.110374680056708696e-01
9.285853647863131499e-01
9.393911495607967233e-01
9.089668873678686811e-01
8.980405225675023306e-01
9.078326025587338810e-01
9.533916610283482695e-01
9.180994374340004649e-01
9.590938380394389284e-01
8.956448791353887051e-01
9.165753906465929912e-01
8.858657168501462564e-01
8.962420302649884984e-01
9.193421055944804854e-01
8.994916194872522031e-01
9.295454635377763397e-01
9.245216507654268057e-01
9.147319289129646203e-01
9.105105070134752454e-01
8.593734137004535034e-01
8.634128743890562285e-01
8.086724490401357990e-01
7.888489431744378777e-01
9.286435717077226037e-01
8.881545836302766617e-01
7.893665204115949408e-01
9.098679050968104809e-01
8.706347515113487256e-01
9.388204373929611712e-01
8.467543196003869399e-01
8.395642586574959543e-01
9.066679347451159776e-01
8.907193315843661141e-01
9.324651080674601911e-01
8.547531511560022555e-01
8.070966995657228304e-01
9.283482860693482719e-01
8.988549736017408254e-01
8.745858730685285298e-01
9.061364913840610491e-01
8.717595794124506359e-01
8.792911304272308382e-01
7.917209964176308290e-01
8.856336967609339528e-01
8.854494186942674094e-01
9.088743509691661338e-01
9.267421193704521443e-01
8.916887064039478172e-01
8.907387757108695681e-01
8.735281041339034713e-01
8.675883615284816219e-01
8.888090682127599562e-01
9.469412925369473655e-01
8.826159061537252049e-01
9.341276364515138653e-01
8.766477557677303523e-01
8.989477679940806043e-01
9.116754428560900347e-01
8.683147264472443894e-01
8.209768100679550873e-01
9.373422981205717930e-01
9.404527264752240434e-01
8.979684002089504125e-01
9.649151204377028890e-01
9.185768690067507292e-01
9.086629676144413192e-01
9.615843265997415790e-01
9.024379697310354054e-01
8.668285992342688040e-01
9.228217787058734523e-01
9.208549188223138504e-01
9.890636571954253276e-01
8.908959664605431428e-01
9.111348266752241631e-01
9.769531527186234854e-01
9.569878490434353679e-01
9.788994131123509579e-01
9.432969452121731102e-01
9.494109218651238802e-01
9.206111086168308200e-01
9.640022784272368472e-01
9.671141597238879228e-01
9.088869408461999200e-01
9.320400147518204115e-01
9.404928330379719315e-01
9.373507900619885147e-01
9.780616941106687889e-01
9.393031625300438670e-01
9.508023609464162362e-01
9.732921867836368257e-01
9.401381179061210069e-01
9.393572015042930268e-01
9.375423678191822097e-01
9.329466194873230478e-01
9.377399778306727551e-01
9.878882599969442957e-01
7.898730649808155535e-01
8.446263788319641197e-01
8.239543298400213711e-01
7.436093479410614826e-01
7.723210332792781463e-01
8.356291731558659341e-01
9.174063817151445477e-01
8.187038837837291583e-01
8.315922497296107663e-01
8.939165810173163029e-01
8.724114545850575331e-01
8.903957404422829791e-01
8.311281649357145085e-01
8.553821094581124385e-01
8.655528316183214166e-01
8.503928853671925969e-01
8.193052143784618213e-01
7.812694409222058489e-01
8.713877262300793181e-01
8.218342218549965494e-01
8.364118850466479849e-01
8.164890872594363636e-01
8.401690448889853613e-01
8.569211957540943114e-01
7.931846310675375600e-01
7.343790892665276182e-01
7.202887080160716993e-01
7.222807139815110578e-01
7.264014671316796345e-01
7.976202534596836813e-01
7.373117744804329465e-01
7.608816306089283277e-01
7.294143393437111378e-01
7.637613502020128564e-01
8.176745535217129213e-01
8.183245969812237286e-01
8.486067542790809437e-01
7.517820858889399105e-01
7.368233036945291969e-01
8.472781589037596817e-01
7.615842172445589364e-01
7.483937474110521348e-01
7.677431762130937365e-01
7.713639182410332307e-01
7.765653309239732849e-01
6.843992647735419599e-01
8.270981038231326465e-01
8.626710006724412905e-01
7.280224139543951534e-01
8.092695519328532150e-01
7.837357618258901093e-01
8.041007734906069349e-01
9.288598654180268976e-01
9.466018783463258091e-01
9.366559669723633075e-01
9.422114965768987327e-01
9.293263576502565071e-01
9.235317819222481628e-01
9.500670285868129117e-01
9.215475864864318689e-01
9.365179189568952900e-01
7.535338117898406907e-01
8.995542655703703261e-01
9.257508835221677224e-01
9.158052974404895519e-01
9.293758152614546297e-01
9.404406052490634771e-01
9.304563942439647573e-01
9.563601294950802023e-01
9.150507949715391831e-01
9.083760622554475361e-01
9.536523307620716761e-01
9.605094037616191960e-01
9.206093428166365333e-01
9.382639064748694580e-01
9.438420442471264771e-01
8.985407807320442419e-01
9.546925268163489742e-01
9.395792861820386754e-01
9.673645646145387911e-01
9.611798594895837322e-01
9.203028743932211153e-01
9.299678801507578196e-01
9.528489674287331512e-01
9.634453280936511321e-01
9.367747707213791575e-01
9.004617597669298812e-01
9.172211484931566128e-01
9.563515343370407873e-01
8.956299616933337537e-01
9.363198734941241552e-01
9.241710079545065737e-01
9.090684952673631081e-01
9.677410355483501148e-01
9.556893641520249894e-01
9.674470021842374035e-01
9.755932912214791974e-01
9.401212893405215265e-01
9.487202121832818413e-01
9.556725192611801312e-01
9.373505514463995603e-01
9.224459612503668193e-01
9.929157878493861666e-01
9.543941920078393704e-01
9.249951791409913859e-01
9.608910789841843547e-01
9.518697733609027267e-01
9.381565791413675193e-01
9.580488088561218696e-01
9.449532920338460373e-01
9.397254012956018920e-01
9.153225297332586718e-01
9.671494227242207753e-01
9.546329942761077048e-01
9.123765444537556002e-01
9.417941906323793466e-01
9.140780912681537584e-01
8.606868237205917982e-01
9.158514523795677764e-01
9.110557599042596877e-01
8.781339800298089138e-01
8.539755549737378937e-01
9.588304896547292788e-01
8.818702332262371435e-01
9.051935091383285226e-01
9.081207603178629295e-01
9.753636066552402450e-01
9.247914092743177994e-01
9.274498570434943634e-01
9.179979587306679178e-01
9.253205904592964881e-01
9.248606885377980147e-01
9.133932031544551577e-01
8.680042202825963837e-01
8.901168886889885279e-01
8.931089632010541512e-01
9.627913331141561004e-01
8.490969513700076243e-01
8.756444966271786923e-01
8.354027521446381055e-01
8.575529120034203201e-01
9.160821386371529318e-01
9.750105217140796476e-01
8.930219087675281830e-01
8.906504030566291252e-01
8.935041645809659316e-01
9.161141304164054366e-01
9.070676408173428129e-01
8.818945966588738195e-01
