3.703063845401174392e-01
3.981240826810176214e-01
3.002385029354207591e-01
4.055390777886497267e-01
2.293832558708414904e-01
4.069074119373776721e-01
3.204271648727984312e-01
2.755702666340508755e-01
2.835662304305283654e-01
4.036662181996086285e-01
3.899064334637964979e-01
4.066933708414872672e-01
2.437545865949119483e-01
4.162869985322896205e-01
2.841701320939334363e-01
2.798969545009784565e-01
2.224498532289628239e-01
4.154155454990215435e-01
2.291921477495107717e-01
3.987050513698630061e-01
3.942560543052837652e-01
4.072131849315068219e-01
2.675360812133072419e-01
4.174183586105675303e-01
4.097816780821917915e-01
4.138178816046966801e-01
4.263851516634050709e-01
4.278834393346379605e-01
4.172654721135029554e-01
3.186919031311154504e-01
3.086013943248532287e-01
4.072284735812133349e-01
4.237096379647749544e-01
4.294963918786692814e-01
2.290010396281800253e-01
2.391374143835616473e-01
2.552516511741683147e-01
2.586915973581213057e-01
3.493762230919765233e-01
3.335295376712328896e-01
3.177210738747553997e-01
2.650363869863013866e-01
3.485200587084148482e-01
2.769768224070450202e-01
3.600629892367905871e-01
2.290774828767123406e-01
2.322193003913894382e-01
2.436628546966732034e-01
2.516817514677103795e-01
2.488992172211350329e-01
3.742508561643835829e-01
3.736240215264187703e-01
3.133102984344422470e-01
3.577544031311154504e-01
3.603305406066535932e-01
2.439380503913894382e-01
2.555192025440313208e-01
3.692208904109589018e-01
2.509249633072406782e-01
3.539857509784735679e-01
3.511802837573385627e-01
3.630289872798434514e-01
3.525562622309197924e-01
3.263744496086105618e-01
3.596960616438356073e-01
2.423480308219178037e-01
2.518575709393346407e-01
3.703751834637964979e-01
3.811536815068493067e-01
2.415453767123287576e-01
2.412778253424657515e-01
2.426232265166340385e-01
3.106653620352250456e-01
3.145028131115459868e-01
2.641114236790606529e-01
2.298801369863013588e-01
3.116514799412916092e-01
3.190664750489236590e-01
2.847893224070450202e-01
2.236653008806262222e-01
2.579806751467710324e-01
2.904231898238747722e-01
2.728871086105675303e-01
3.013316413894324697e-01
2.916309931506849140e-01
3.108488258317025354e-01
2.779170743639921559e-01
2.667410714285714524e-01
2.375626834637964702e-01
2.638515166340508755e-01
2.731623043052837652e-01
2.268835616438356073e-01
2.818921232876712146e-01
2.705938111545988511e-01
2.724972480430528643e-01
2.976623654598825608e-01
2.889860567514677125e-01
2.915086839530332541e-01
2.659001956947162348e-01
2.185512475538160526e-01
2.233365949119373861e-01
2.633011252446184058e-01
2.793771404109589018e-01
2.732769691780821963e-01
2.780928938356164171e-01
2.786738625244618572e-01
2.969667318982387449e-01
3.938585494129158704e-01
2.415147994129158426e-01
2.867539138943248633e-01
2.181460983365949013e-01
3.042441291585127328e-01
3.151678693737768877e-01
3.499266144814089929e-01
2.832757460861056731e-01
1.960157778864970723e-01
2.820985200587083908e-01
2.834592098825831630e-01
3.552852862035225101e-01
2.856607754403130972e-01
4.061582681017612551e-01
3.806338674168297520e-01
2.740949119373776721e-01
2.876100782778864828e-01
3.215203033268101973e-01
2.918909001956946914e-01
2.843000856164383805e-01
2.476761252446184058e-01
2.194074119373776999e-01
3.052226027397260122e-01
2.945129036203522621e-01
4.240765655577299342e-01
3.277274951076321052e-01
4.311322773972602884e-01
3.594820205479452024e-01
2.981821795499021710e-01
2.076580846379647849e-01
2.832757460861056731e-01
2.846746575342465890e-01
3.113686399217220901e-01
3.638392857142856984e-01
3.188142123287671104e-01
3.111393101761252278e-01
3.686017000978473734e-01
3.730201198630136994e-01
3.498578155577299342e-01
3.689304060665362095e-01
3.533206947162426670e-01
3.192040728962817764e-01
3.433372064579256477e-01
3.427944593933464068e-01
4.557164261252446003e-01
3.734558463796477379e-01
4.804381727005870850e-01
4.520089285714285476e-01
4.900318003913894382e-01
3.874449608610567308e-01
3.054442881604696458e-01
3.296079990215264321e-01
3.348825831702543776e-01
3.319242294520547976e-01
3.066979574363992156e-01
3.913894324853228746e-01
3.510273972602739878e-01
3.475721624266144838e-01
3.442392367906066397e-01
3.591533145792563664e-01
3.511420621330724190e-01
3.354711961839530465e-01
3.531601638943248633e-01
4.751635885518590841e-01
3.295850660469667459e-01
3.464484466731898027e-01
2.454210494129158426e-01
2.613518224070450202e-01
2.919673434442269788e-01
2.681476272015655415e-01
2.590203033268101973e-01
2.737509173189823786e-01
2.828553082191780921e-01
2.620092343444226923e-01
2.657396648727984312e-01
2.871896404109589018e-01
2.385029354207436336e-01
2.344055772994129150e-01
2.553128057729941447e-01
2.458720645792563664e-01
2.350400562622309286e-01
2.656937989236790587e-01
2.618257705479452024e-01
2.683540239726027177e-01
2.845752813111546153e-01
2.350171232876712424e-01
2.422027886497064575e-01
2.659919275929549798e-01
3.648559809197651771e-01
2.707390533268101973e-01
3.475186521526418826e-01
2.427149584148728112e-01
3.305023850293541954e-01
2.365842098825831630e-01
2.838643590998042865e-01
2.372034001956947191e-01
2.630335738747553997e-01
2.540667808219178037e-01
3.317866316046966801e-01
3.147168542074363917e-01
2.299412915851271888e-01
2.996651785714285476e-01
2.630794398238747722e-01
3.362509173189823786e-01
2.369587818003913993e-01
3.154430650684931781e-01
2.276709271037181959e-01
3.844178082191780921e-01
3.640456824853228746e-01
3.010946673189823786e-01
2.946734344422700658e-01
2.821978962818003644e-01
2.530042196673190080e-01
2.684992661448140638e-01
2.634693003913894382e-01
2.802791707436399493e-01
2.743242416829745345e-01
2.615505748532289676e-01
2.646847480430528643e-01
2.532947040117417004e-01
3.324593321917808098e-01
2.451993639921722090e-01
2.637903620352250456e-01
2.428066903131115561e-01
2.883592221135029554e-01
2.523850293542074241e-01
2.610536937377690991e-01
2.621009662426614373e-01
2.768392245596869028e-01
2.986179060665362095e-01
2.792548312133072419e-01
2.644783512720156327e-01
2.641267123287671104e-01
3.321306262230919737e-01
2.774737035225048887e-01
2.662594789628179859e-01
2.702880381604696458e-01
2.592954990215264321e-01
2.082619863013698558e-01
2.450617661448140916e-01
2.283894936399217257e-01
2.534858121330724190e-01
2.530883072407045242e-01
2.618487035225048887e-01
2.509402519569471357e-01
2.207986790606653593e-01
2.432271281800391372e-01
2.100889799412915815e-01
2.502140410958904049e-01
2.585845768101761033e-01
2.672608855185910071e-01
3.444685665362035021e-01
3.129586594911937247e-01
2.286952666340508755e-01
2.508102984344422470e-01
2.599911325831702480e-01
2.587680406066535932e-01
2.838108488258316853e-01
2.497324486301369939e-01
2.502599070450097773e-01
2.567958047945205213e-01
2.562989236790606529e-01
2.243074241682974646e-01
2.652351394324853340e-01
1.853060787671232945e-01
2.169688723091976468e-01
3.178280944227006022e-01
2.384494251467710324e-01
2.312714041095890460e-01
3.173465019569471357e-01
2.809442270058708502e-01
2.373562866927592940e-01
2.434488136007827708e-01
2.029033145792563664e-01
2.804855675146771254e-01
2.350706335616438436e-01
2.891848091976516599e-01
2.224727862035225101e-01
2.128332925636007844e-01
1.997385640900195825e-01
3.563631360078277632e-01
3.175452544031311386e-01
2.297884050880626139e-01
2.066872553816047065e-01
2.373639310176125228e-01
2.583552470645792409e-01
2.650593199608610728e-01
3.267337328767123128e-01
3.179886252446184058e-01
3.168419765166340385e-01
3.226287304305283654e-01
2.156999143835616473e-01
2.265548556751467713e-01
2.081320327788649671e-01
1.910240337573385627e-01
1.947162426614481301e-01
1.847862646771037121e-01
1.688784246575342485e-01
1.756512964774951113e-01
1.826764310176125228e-01
1.705066658512720268e-01
1.720661081213307186e-01
1.721272627201565486e-01
1.636497064579256477e-01
1.794046599804305364e-01
1.620902641878669281e-01
1.831198018590998178e-01
1.781280577299412804e-01
1.888912671232876594e-01
1.896327666340508755e-01
2.281907411937377783e-01
1.660423801369863006e-01
2.033849070450097773e-01
1.808570817025440258e-01
1.836549045988258300e-01
2.114267367906066675e-01
1.916432240704500911e-01
1.777076198630136994e-01
1.858946917808219079e-01
1.728611179060665359e-01
1.933784858121330719e-01
1.951443248532289676e-01
1.979192147749510855e-01
1.662105552837573330e-01
1.945862891389432414e-01
1.842435176125244711e-01
2.091945939334637905e-01
1.813004525440313208e-01
1.836090386497064575e-01
1.852907901174168370e-01
1.931491560665362095e-01
1.873624021526418826e-01
1.764310176125244711e-01
1.793587940313111639e-01
1.897780088062622217e-01
1.890059319960861184e-01
1.936766144814089929e-01
1.915820694716242611e-01
1.877369740704500911e-01
1.829822040117416726e-01
1.884784735812133072e-01
1.934167074363992156e-01
2.023147015655577252e-01
2.047226638943248633e-01
2.476990582191780921e-01
2.257063356164383527e-01
2.025210983365949013e-01
2.292685909980430592e-01
2.013438723091976468e-01
1.974987769080234767e-01
2.057928693737769155e-01
2.072758683953033199e-01
2.168771404109589018e-01
2.015655577299412804e-01
2.003118884540117384e-01
2.082084760273972546e-01
2.633775684931506933e-01
1.966273238747553720e-01
2.141786937377690714e-01
2.190328400195694636e-01
2.017031555772994256e-01
2.699211105675146660e-01
2.289551736790606529e-01
2.028345156555773077e-01
2.153176981409001822e-01
2.115108243639921837e-01
2.163879036203522621e-01
2.274110200587084185e-01
2.043328033268101696e-01
2.497936032289628239e-01
2.197361179060665359e-01
1.986683586105675026e-01
2.334500366927592940e-01
2.036906800391389549e-01
1.777687744618395294e-01
2.057087818003913993e-01
1.974758439334637905e-01
1.991117294520547976e-01
2.048067514677103795e-01
2.083613625244618295e-01
2.548694349315068219e-01
2.203323752446184058e-01
2.173434442270058831e-01
1.946933096868884439e-01
1.896939212328767055e-01
1.850996819960861184e-01
2.025975415851271888e-01
1.940358977495107717e-01
2.487692636986301442e-01
2.479742539138943269e-01
2.032167318982387449e-01
2.073523116438356073e-01
2.485628669275929681e-01
2.373562866927592940e-01
2.374938845401174115e-01
2.414536448140900127e-01
2.448018590998043142e-01
2.818768346379647571e-01
2.552592954990215435e-01
2.480889187866927581e-01
2.254082069471624317e-01
2.193844789628180136e-01
3.583583047945205213e-01
2.976547211350293320e-01
2.998180650684931781e-01
2.605033023483365739e-01
2.859206824853228746e-01
2.198049168297455946e-01
2.170911815068493067e-01
2.189181751467710324e-01
2.402764187866927581e-01
2.212955601761252555e-01
2.426461594911937247e-01
2.135977250489236867e-01
2.231301981409001822e-01
2.984420865949119483e-01
2.495489848336595040e-01
2.193615459882583274e-01
2.967450464774951113e-01
2.252782534246575430e-01
1.665774828767123406e-01
3.406311154598825608e-01
2.117325097847358173e-01
2.513530454990215435e-01
3.188065680039138816e-01
1.930650684931506933e-01
2.758683953033267966e-01
2.536616316046966801e-01
2.573920621330724190e-01
2.609543175146771254e-01
2.802868150684931781e-01
2.565206090998042865e-01
2.421492783757338563e-01
1.869725415851271888e-01
2.525837818003913715e-01
1.845110689823874772e-01
2.228397137964774899e-01
2.577589897260273988e-01
1.899079623287671104e-01
2.033313967710371761e-01
1.704378669275929681e-01
1.949761497064579352e-01
1.919489970645792687e-01
2.192239481409001822e-01
1.946321550880626139e-01
1.993334148727984312e-01
1.906953277886496989e-01
1.934472847358121306e-01
2.055711839530332818e-01
2.021771037181996078e-01
1.978121942270058831e-01
2.399171355185910071e-01
1.929198263209393471e-01
2.157228473581213335e-01
2.023223458904109540e-01
2.112356286692759211e-01
1.982173434442270066e-01
1.978274828767123406e-01
1.984772504892367839e-01
2.054641634050880517e-01
2.049367049902152682e-01
1.972465141878669281e-01
2.040270303326810197e-01
2.083002079256359995e-01
2.029262475538160526e-01
2.302547089041095951e-01
2.196978962818003922e-01
2.243838674168297520e-01
2.095997431506849418e-01
2.081396771037181959e-01
2.000137597847358173e-01
2.174657534246575430e-01
2.164108365949119483e-01
2.021618150684931503e-01
3.031127690802348229e-01
2.858671722113502733e-01
2.221746575342465890e-01
2.417670621330724190e-01
2.217389310176125228e-01
2.141251834637964702e-01
2.174045988258317130e-01
2.323645425636007844e-01
2.108992783757338563e-01
2.108534124266144838e-01
3.667747064579256477e-01
2.429442881604696736e-01
2.058310909980430592e-01
2.367906066536203391e-01
3.672410102739726012e-01
2.561842588062622217e-01
2.582940924657534110e-01
3.093046722113502733e-01
2.456198018590998178e-01
3.241423067514677125e-01
2.548617906066535932e-01
2.299871575342465890e-01
2.088276663405088107e-01
2.892459637964774899e-01
2.680482509784735679e-01
2.389921722113503011e-01
2.974865459882582996e-01
2.877094545009784565e-01
2.210509417808219079e-01
2.132231531311154504e-01
2.297807607632093851e-01
2.954760885518590841e-01
2.114343811154598962e-01
2.815557729941291498e-01
2.530730185909980667e-01
3.501635885518590841e-01
3.112004647749510577e-01
4.052715264187866651e-01
2.405516144814089929e-01
3.839056384540117661e-01
2.435787671232876594e-01
3.113762842465753189e-01
2.571933096868884716e-01
2.393743884540117384e-01
3.131191903131115284e-01
2.649981653620352429e-01
3.063998287671232945e-01
2.099590264187866928e-01
2.307133683953033199e-01
2.220523483365949013e-01
2.510625611545988511e-01
2.858518835616438158e-01
2.736515410958904049e-01
2.607479207436399493e-01
2.666111179060665637e-01
2.179932118395303264e-01
2.750275195694716346e-01
2.375703277886496989e-01
2.048526174168297520e-01
3.690756482387475557e-01
2.302699975538160526e-01
2.818003913894324697e-01
2.215554672211350329e-01
2.083002079256359995e-01
2.575525929549902227e-01
2.725813356164383805e-01
2.521786325831702480e-01
2.498776908023483401e-01
2.440374266144814119e-01
2.553204500978473734e-01
2.470187133072407060e-01
2.562759907045009666e-01
2.554580479452054909e-01
2.240933830724070319e-01
2.515670865949119483e-01
2.539826932485322875e-01
2.428372676125244711e-01
2.424703400195694636e-01
2.561383928571428492e-01
2.130167563600782743e-01
2.406662793542074241e-01
2.237111668297455946e-01
2.232830846379647849e-01
2.386023116438356073e-01
2.617340386497064575e-01
2.357280454990215157e-01
2.480354085127201569e-01
2.587756849315068219e-01
2.398636252446184058e-01
2.450311888454011766e-01
2.165102128180039220e-01
2.150425024461839474e-01
2.031250000000000000e-01
2.399247798434442358e-01
2.431277519569471635e-01
2.237493884540117384e-01
2.285041585127201569e-01
2.112509173189823786e-01
2.256451810176125228e-01
2.113197162426614373e-01
2.134448385518591118e-01
2.052654109589041043e-01
2.059457558708414904e-01
2.367829623287671104e-01
2.286417563600782743e-01
2.082619863013698558e-01
2.215936888454011766e-01
2.306292808219178037e-01
2.184365826810176214e-01
2.270823140900195825e-01
2.916539261252446003e-01
3.043205724070450202e-01
2.756543542074363917e-01
3.437270670254403138e-01
3.218948752446184058e-01
2.904461227984344585e-01
2.625519814090019333e-01
3.054442881604696458e-01
2.683540239726027177e-01
2.653192270058708502e-01
2.671767979452054909e-01
2.765716731898238967e-01
2.596547822896281832e-01
2.614282656555773077e-01
2.648223458904109817e-01
2.699899094911937247e-01
2.952085371819960780e-01
2.745841487279843673e-01
2.678342098825831630e-01
2.768545132093933603e-01
3.084714408023483401e-01
2.612295132093933603e-01
3.327956824853228746e-01
2.761435909980430314e-01
2.977464530332680770e-01
2.420728351272015688e-01
2.512613136007827985e-01
2.427837573385518699e-01
2.414460004892367839e-01
2.384494251467710324e-01
2.413084026418786665e-01
2.563295009784735679e-01
2.419658145792563664e-01
2.519875244618395294e-01
2.540744251467710324e-01
2.375550391389432414e-01
2.440680039138943269e-01
2.410561399217221179e-01
2.380136986301369939e-01
2.493120107632093851e-01
2.607173434442269788e-01
2.460478840508806275e-01
2.397413160469667182e-01
2.397413160469667182e-01
2.445343077299412804e-01
2.441215141878669281e-01
2.504892367906066397e-01
2.586075097847357895e-01
2.730476394324853340e-01
2.695236056751467713e-01
2.554274706457925759e-01
2.583552470645792409e-01
2.771220645792563664e-01
2.648299902152642105e-01
2.740261130136986134e-01
2.630717954990215435e-01
2.606485445205479201e-01
2.676125244618395294e-01
2.667945817025440536e-01
2.825418909001957135e-01
2.636604085127201569e-01
2.689044153620352429e-01
2.973030821917808098e-01
2.824730919765166548e-01
2.898804427592954758e-01
2.730782167318982490e-01
2.675895914872798431e-01
2.771067759295499089e-01
2.798740215264187703e-01
2.940389554794520799e-01
2.652580724070450202e-01
2.867309809197651771e-01
2.224880748532289676e-01
2.800651296477494889e-01
2.495184075342465890e-01
2.602204623287671104e-01
2.254693615459882616e-01
2.273498654598825885e-01
3.686017000978473734e-01
2.141175391389432414e-01
2.345661081213307186e-01
2.475996819960861184e-01
1.783803204500978568e-01
1.665469055772994256e-01
2.398865582191780921e-01
2.873272382583170192e-01
2.518881482387475557e-01
2.627965998043053086e-01
2.069853840508806275e-01
2.572850415851272166e-01
2.404828155577299342e-01
3.014310176125244434e-01
2.104788405088062753e-01
2.232372186888454124e-01
2.204852617416829808e-01
2.457650440313111639e-01
2.581564946183952935e-01
3.284154843444226923e-01
2.898804427592954758e-01
2.684686888454011489e-01
2.765334515655577530e-01
2.429137108610567586e-01
2.393820327788649671e-01
1.969025195694716346e-01
2.083231409001956858e-01
2.184365826810176214e-01
2.992600293542074241e-01
2.695388943248532287e-01
2.761971012720156327e-01
2.297348948140900127e-01
2.500993762230919737e-01
2.050743028375733856e-01
2.392826565557729934e-01
2.581717832681017510e-01
2.870979085127201569e-01
2.777641878669275810e-01
2.521480552837573330e-01
2.514829990215264321e-01
2.816475048923678948e-01
3.063080968688845496e-01
2.290392612524461968e-01
2.763499877690802076e-01
2.471563111545988234e-01
2.846211472602739878e-01
2.693172089041095951e-01
3.610491071428571508e-01
3.113074853228962602e-01
2.627278008806262499e-01
3.599941903131115284e-01
3.414643468688845496e-01
3.700694104696672926e-01
2.497095156555773077e-01
2.578048556751467713e-01
2.527290239726027177e-01
2.720615215264187703e-01
3.466471991193737501e-01
3.025470890410958957e-01
2.600981531311154504e-01
3.060711227984344585e-01
3.059793909001957135e-01
3.464713796477494889e-01
2.753332925636007844e-01
3.196703767123287854e-01
3.401342343444226923e-01
2.700510640900195547e-01
2.525837818003913715e-01
3.067208904109589018e-01
2.936490949119373584e-01
3.115444593933464068e-01
3.679442881604696458e-01
2.946046355185910071e-01
2.321428571428571508e-01
3.196168664383561842e-01
3.781953277886497267e-01
3.671875000000000000e-01
2.445954623287671104e-01
3.129663038160469535e-01
3.308158023483365739e-01
2.853167808219178037e-01
2.861653008806262499e-01
3.625244618395303542e-01
3.053678449119373584e-01
2.596930039138943269e-01
2.297731164383561564e-01
2.068936521526418826e-01
2.383653375733855162e-01
2.483870474559686792e-01
2.270211594911937247e-01
2.177027274951076341e-01
2.238640533268101696e-01
2.435558341487279732e-01
1.913221624266144838e-01
2.478443003913894382e-01
2.510702054794520799e-01
1.871254280821917915e-01
2.405669031311154504e-01
3.249831824853228746e-01
5.715508806262230568e-01
3.798465019569471357e-01
6.670972969667319230e-01
3.396220645792563664e-01
5.756405944227005467e-01
4.690481286692759211e-01
4.158206947162426670e-01
3.938814823874755566e-01
3.808096868884540132e-01
5.550238502935420648e-01
3.407152030332680770e-01
3.296538649706458046e-01
5.605124755381604151e-01
3.151372920743639727e-01
3.410821306262231123e-01
3.160928326810176214e-01
5.850201810176125505e-01
5.272290851272015688e-01
4.762720156555773077e-01
3.540316169275929403e-01
4.272183830724070597e-01
4.191153987279843673e-01
2.916309931506849140e-01
3.401953889432485223e-01
4.277229085127201569e-01
2.115184686888454124e-01
2.120765044031311108e-01
2.129556017612524443e-01
2.176109955968688892e-01
2.164261252446184058e-01
2.084989603718199747e-01
2.175116193737769155e-01
2.880534491193737501e-01
2.169765166340508755e-01
2.570174902152642105e-01
2.629953522504892560e-01
2.385105797455968624e-01
2.009922333659491245e-01
2.025058096868884439e-01
2.099131604696673203e-01
2.023299902152641827e-01
2.158145792563600784e-01
2.575678816046966801e-01
2.022459026418786665e-01
2.121605919765166270e-01
2.126192514677103795e-01
2.169688723091976468e-01
2.156922700587084185e-01
2.122829011741682870e-01
2.187729329745596862e-01
2.489527274951076341e-01
2.481882950097847318e-01
2.492585004892367839e-01
2.507032778864970446e-01
2.021694593933463791e-01
1.955953400195694636e-01
2.635380993150684970e-01
2.357127568493150582e-01
2.347572162426614373e-01
2.046997309197651771e-01
2.357968444227005744e-01
2.289475293542074241e-01
2.085066046966732034e-01
2.320281922700587196e-01
2.196520303326810197e-01
2.572926859099804453e-01
2.446948385518591118e-01
2.481500733855185881e-01
2.379448997064579352e-01
2.627736668297456224e-01
2.411478718199608628e-01
2.348183708414872672e-01
2.479818982387475557e-01
2.518346379647749544e-01
2.487845523483366017e-01
2.667257827788649949e-01
2.793389187866927581e-01
2.489527274951076341e-01
2.446795499021526543e-01
2.411937377690802353e-01
2.525226272015655415e-01
2.639432485322896205e-01
2.449700342465753466e-01
2.552975171232876872e-01
2.319441046966732034e-01
2.770073997064579352e-01
2.871131971624266144e-01
2.273880870841487323e-01
1.901296477495107717e-01
2.086212695694716346e-01
2.184365826810176214e-01
2.047150195694716346e-01
2.061521526418786665e-01
2.322575220156555820e-01
2.356592465753424570e-01
2.342526908023483401e-01
1.984084515655577252e-01
2.339010518590998178e-01
2.515670865949119483e-01
2.868456457925636083e-01
1.987753791585127328e-01
2.031555772994129150e-01
2.108381237769080263e-01
2.660607265166340385e-01
3.411815068493150860e-01
3.006589408023483401e-01
3.022566046966732034e-01
2.424703400195694636e-01
2.462466364970645749e-01
4.017169153620352429e-01
2.906983855185910071e-01
2.575831702544031376e-01
2.811353351272015688e-01
2.732999021526418826e-01
2.970584637964774899e-01
2.740261130136986134e-01
2.680941169275929403e-01
2.670392000978473734e-01
2.906066536203522621e-01
2.579730308219178037e-01
2.490750366927592940e-01
2.936414505870841296e-01
