2.469299729430753931e-01
2.370373265013511199e-01
3.096653379602934408e-01
2.130099766917248894e-01
6.219586221141549798e-01
1.996358429733769702e-01
2.525305605926417285e-01
3.999123291768224009e-01
3.772473898405607207e-01
2.251313548011612820e-01
2.055885397587390306e-01
1.965520492741626990e-01
6.318753693894851864e-01
1.956350628095807620e-01
3.494668194125778449e-01
3.698023349687054040e-01
5.271776331172283170e-01
1.827013614993616142e-01
6.320460827627255584e-01
1.738899438916090834e-01
2.129760883126732562e-01
1.982191644134571606e-01
4.828245902133318501e-01
2.176312768794838592e-01
2.201723152221561897e-01
2.226069525214916522e-01
1.845170276268252307e-01
1.691571006463271354e-01
1.888002052073970150e-01
2.254843313170385721e-01
2.762393478971973404e-01
2.181995798984156798e-01
1.903152749233998908e-01
1.533068949959194294e-01
6.285286792699873448e-01
6.223373598412212937e-01
6.317127245699744043e-01
5.752903056841164320e-01
3.085081156705470895e-01
4.039462896102711253e-01
4.133321276176356029e-01
5.274448138022655996e-01
3.798324060837011129e-01
4.800828106122405070e-01
3.597682487560286968e-01
7.075269075334599256e-01
6.845611654771233123e-01
6.495307274432913225e-01
5.688434906419264081e-01
6.130129091671243646e-01
3.755867997637288846e-01
3.812294167383141197e-01
4.421067991984217183e-01
3.914658571663378051e-01
3.636480842733520458e-01
6.309147327560354901e-01
5.839926859371157297e-01
3.712275077264682310e-01
6.170584352734878042e-01
3.975371928367817942e-01
3.889359033635703677e-01
3.769753162783083256e-01
3.872711384344472152e-01
4.402388745034750972e-01
3.754544226010776975e-01
6.482513063790715790e-01
5.736589643243119596e-01
3.735902433569995296e-01
3.580949393619228815e-01
6.469117589916375533e-01
6.604184599963783819e-01
6.567422173456584078e-01
6.134677931758205638e-01
5.807380884563939638e-01
5.567882056039925587e-01
6.447247481498867838e-01
5.908117013346134705e-01
5.692237120605017076e-01
6.117104051754871374e-01
6.367402313591709051e-01
5.944162860430841633e-01
6.133882183378835951e-01
6.294806697751422764e-01
6.578849156817923038e-01
5.720652776083919866e-01
5.857057837076479201e-01
6.347349532479277245e-01
6.047859386037827134e-01
6.747413410990443783e-01
6.319229374541304178e-01
6.238464383555503145e-01
7.127082165969804706e-01
5.976082523734774776e-01
6.186332447516070809e-01
6.144485694595618330e-01
5.728084402620383653e-01
5.508174718536937853e-01
5.799520671941662542e-01
6.363701247358913848e-01
6.984951842337808747e-01
6.867679386675697994e-01
6.223866854424733308e-01
5.894198678213674603e-01
6.147415286064288331e-01
6.063784003937081613e-01
4.528571688977760523e-01
4.582152245878796104e-01
2.993574076505637338e-01
5.388377752826342126e-01
4.841855141792176798e-01
6.338342595598485119e-01
4.325124280321204218e-01
3.377053011606820920e-01
2.930351765526361119e-01
4.670071410320859040e-01
6.756162970393349010e-01
4.688503017189551425e-01
4.776944618279324040e-01
2.920144543610738719e-01
4.714094768010946845e-01
2.568536287323426315e-01
2.670685495420968003e-01
5.150279620297091299e-01
4.888473533136204474e-01
3.306463797726635900e-01
4.794991745972141395e-01
4.303070504871482349e-01
4.279986687433318115e-01
6.153325472717198208e-01
3.893113005634145640e-01
4.245286355104729292e-01
2.538869491416705371e-01
3.714201975043873727e-01
2.437425416902319619e-01
2.869408560777398920e-01
3.760201400910738734e-01
5.443516120222828825e-01
4.732593982748660721e-01
4.538741962172964661e-01
4.418082779768361390e-01
3.245026207126639473e-01
4.488235581513797534e-01
4.343037245117294387e-01
2.976302364432495962e-01
2.982991420334316635e-01
3.171383685937060326e-01
3.109327853355570159e-01
3.338767291438740070e-01
4.369059939262972536e-01
3.619709716956134860e-01
3.388024550857512973e-01
1.574316634846305574e-01
2.791760757495182488e-01
1.386818262387752021e-01
2.004542901498414242e-01
1.195370469770365429e-01
2.987158999664792924e-01
4.049546964966966867e-01
3.532744940187361737e-01
3.453475953394112286e-01
3.599470398071709099e-01
4.340255547263141001e-01
2.657085687637329996e-01
3.347805497403452679e-01
3.424001135190684608e-01
3.355693965505542886e-01
3.136165425984117072e-01
3.450754559464832560e-01
3.572964939424406183e-01
3.178477803625577858e-01
2.475850439842118000e-01
3.786055955118373118e-01
3.350992597155542096e-01
5.618900944599005687e-01
4.437919367107458490e-01
4.197073221176745306e-01
4.713073477123161381e-01
5.023039786167758924e-01
4.440745865629957545e-01
3.966403974686729117e-01
5.078893741943274476e-01
4.743437989450244863e-01
4.111678841806707951e-01
4.936547701964167922e-01
4.719447245900441623e-01
4.890506410177572483e-01
5.184366818499103191e-01
5.513011150442361785e-01
4.874137126198755943e-01
4.930017385159868870e-01
3.956050589964089093e-01
4.260890884207964024e-01
5.223801176101146027e-01
4.604660762953940445e-01
4.725367693684797699e-01
3.966740479130876351e-01
5.275001535060931390e-01
4.049322764144437925e-01
6.674115669396367689e-01
3.584491780720951426e-01
6.589560756153414189e-01
4.295046353909642289e-01
6.456585473561134991e-01
5.201692059846104721e-01
4.978587700239228697e-01
4.066541443335642825e-01
4.216275912201102871e-01
6.269148261992840698e-01
4.091350680065164447e-01
4.624642875378551232e-01
3.991980106196720834e-01
5.323403700067839139e-01
4.181315300801067281e-01
6.406214427347662888e-01
3.440434143321107197e-01
4.354857776063559283e-01
3.984873574834812970e-01
4.291542126892188835e-01
4.066339205560502990e-01
5.941073245659429514e-01
6.247121141029550184e-01
6.218618054386152449e-01
6.070969354092172754e-01
6.023486784951097572e-01
6.334511030246903207e-01
6.184049745989128599e-01
5.523125799047563511e-01
5.432402169837181605e-01
6.142652663557296444e-01
5.848343768070591864e-01
5.999847075221276249e-01
6.421021604730644539e-01
6.493916957071249607e-01
5.646048258372653450e-01
5.782155402088686724e-01
5.573330929772294384e-01
5.501958115756541146e-01
5.941129513593750300e-01
5.649322599861781313e-01
5.850365581939480641e-01
4.211188894969517538e-01
5.877085827739334523e-01
5.807466532265362913e-01
5.463611887946171475e-01
6.513027809607511154e-01
6.701707178838175460e-01
5.206001226035966711e-01
5.917715551837754440e-01
5.145628039326816117e-01
5.519142362683446823e-01
5.665247236710052592e-01
5.949052713205440490e-01
6.034032211392164058e-01
5.784774456049791569e-01
6.684402425753094290e-01
5.434671603740771628e-01
4.725527884698557668e-01
5.511259057825090846e-01
3.000995355599804792e-01
3.525562615134471001e-01
5.990175536502793108e-01
5.766899601401248576e-01
5.008559482241855543e-01
5.199319869216684209e-01
5.120589238388458808e-01
6.531768646226645547e-01
6.034448549711072252e-01
5.361727185855649225e-01
5.441542610730998319e-01
5.082239276416572471e-01
5.325436859391899924e-01
6.854830231743918034e-01
6.091274560277047945e-01
3.795509155126031708e-01
5.250601516747863684e-01
5.820501021104980133e-01
4.414559043192472498e-01
5.696827054383416522e-01
5.839783088416429235e-01
5.379023560687223871e-01
6.108130057197822538e-01
5.545231600279801887e-01
5.595969930335980003e-01
4.385387754209341682e-01
5.512045083690533254e-01
6.205758379579505712e-01
6.503435724095976145e-01
4.204476497530511558e-01
4.101741932933989920e-01
5.788332677072113297e-01
6.629487022839329891e-01
5.722561971552821980e-01
5.460018151973894396e-01
5.066624801928621968e-01
5.301110394439988438e-01
5.174992622661127584e-01
4.361353341805076500e-01
4.038132247837035171e-01
5.752080689707999017e-01
5.558904470083672056e-01
7.066808053940445422e-01
7.112220457076348090e-01
7.172698731862043875e-01
7.177395136334792092e-01
7.266217459625736730e-01
7.249393975418599867e-01
7.102140435249997275e-01
7.362205944256434709e-01
7.465142128911168573e-01
7.659327350185687333e-01
7.712456440120734058e-01
7.274622506255111754e-01
7.683618893062110766e-01
7.201542567399104033e-01
7.446146750425081118e-01
7.173328293350579310e-01
7.154275632383144679e-01
6.622814964070861121e-01
7.122497514798802332e-01
6.731922816281052935e-01
7.393674782897634579e-01
7.421801249782083998e-01
6.718714943655903493e-01
6.968810871641573090e-01
6.919782508742147176e-01
6.547962194334611130e-01
7.348853095318773621e-01
6.833939603065646295e-01
6.651069232906009487e-01
6.613822622481729807e-01
7.038749021912475978e-01
6.973946103910209082e-01
7.201073935828051775e-01
6.567412703687496300e-01
7.145892946821893466e-01
7.094234214198090749e-01
6.885823749662274285e-01
6.663357845825220727e-01
6.643100743566144883e-01
6.817318454159895236e-01
6.868938016540732105e-01
6.846486736601594680e-01
6.991180723039378542e-01
6.963809619428488196e-01
6.654589746468736466e-01
6.738007232134485269e-01
6.712464585302110320e-01
6.943780735049255304e-01
6.883529221373059226e-01
6.382373005529042853e-01
6.462622893667919755e-01
6.290604528524820216e-01
5.857495165469048803e-01
6.588540185931665016e-01
6.448595948161084390e-01
6.721904301780976532e-01
6.763822542711740438e-01
6.679162500099121713e-01
6.695249990232559067e-01
6.441849293991527281e-01
6.587221028948831991e-01
6.492531898539645185e-01
6.307930319119093854e-01
6.141728359517664160e-01
6.780273048168747874e-01
6.636044530656470819e-01
6.422225726752791575e-01
6.358295735740782106e-01
6.047958018155492610e-01
6.144523350722844723e-01
6.431024556049288465e-01
6.272453485394560158e-01
6.205884832012896757e-01
6.409238947266645559e-01
5.845670347054562344e-01
6.413253770611297977e-01
6.400713025985932392e-01
5.973599159674468639e-01
6.593049721422539200e-01
6.173714703038331031e-01
6.317399305786008945e-01
6.485730993919553988e-01
5.214166577251255763e-01
5.850625426196117695e-01
6.769818578203599113e-01
6.737358721637448644e-01
6.313102509284652664e-01
6.274488951162001671e-01
5.742893339979526779e-01
6.104200325811685035e-01
6.909796390278660772e-01
6.153487400558208531e-01
6.638547740754573434e-01
5.733735385503861970e-01
6.196917434415063486e-01
6.074608536982674112e-01
6.245291362388363243e-01
6.750366688381589375e-01
6.778448232071183632e-01
5.860404070535574217e-01
5.683794949188493151e-01
5.715945606441994453e-01
5.914298978061597323e-01
6.316701053478563921e-01
5.017607827495764727e-01
5.773005871369790709e-01
5.904615043611806113e-01
5.867084961365134355e-01
5.998754941221665637e-01
4.463186065096072519e-01
5.504989983813427523e-01
5.145527826172180408e-01
6.000774109354931607e-01
4.497061793202586921e-01
5.541740837431576860e-01
6.092663493346758274e-01
6.439331819358274922e-01
4.407850470663385867e-01
6.030358448666864879e-01
5.975324870842427805e-01
6.534329336993192072e-01
6.459776451679032361e-01
4.877580541233559330e-01
5.972920969654550438e-01
6.332407148760870186e-01
5.533112191075020281e-01
5.337828085799007916e-01
7.112372767384328442e-01
5.314300365895617828e-01
6.207424393375502447e-01
5.396693760527863093e-01
5.478200126857993846e-01
6.409409796048300967e-01
5.013486896282890459e-01
5.588733172322752907e-01
4.906128686592809984e-01
4.832967624258707739e-01
4.748932731521167128e-01
5.304097739114074228e-01
4.944690046955822482e-01
6.921427802641183513e-01
5.561246748369379489e-01
6.753309906563889076e-01
5.251636627643697652e-01
5.560731317569683752e-01
6.504014093099925731e-01
6.207467410620695070e-01
6.834210226944282818e-01
6.981001556643769979e-01
6.943877960470544730e-01
6.974300995198500219e-01
6.182264576730018835e-01
6.774924602082940117e-01
6.803853012959366620e-01
6.296790853805422916e-01
6.616030231735056111e-01
6.778017377191242199e-01
6.447439967026390439e-01
6.825735498447251803e-01
7.075903201056922276e-01
6.386869494068322384e-01
6.385110202005408464e-01
6.704325652935273494e-01
6.687964846172070876e-01
6.787974859580713227e-01
6.982619570059450664e-01
6.303134740483994358e-01
6.057533192703903335e-01
6.457851836450708705e-01
6.595424247788431726e-01
6.462837617287843228e-01
6.699480364217281769e-01
6.043913945347447747e-01
6.563851842327897979e-01
6.168739909142542110e-01
6.566374740474900662e-01
6.697393793276044116e-01
6.771700086863674528e-01
6.662885288461903865e-01
6.580374683030049132e-01
6.469990968541547982e-01
5.413200415210230876e-01
5.729238194114694149e-01
6.216840131101277755e-01
5.380506695626905422e-01
6.385515092725463360e-01
6.843980408095642343e-01
6.377264705620538932e-01
5.830069243593543060e-01
6.558658099139056397e-01
6.664641466433940398e-01
5.036413256895805324e-01
5.659585330686383031e-01
6.635512175016042846e-01
5.049800686510230729e-01
5.030404113844876290e-01
5.400418452089562615e-01
5.407939948518071249e-01
4.706465272961025681e-01
5.933591520825497456e-01
5.429240458884443399e-01
4.457379815278696422e-01
6.039214872472056239e-01
5.852172977356209227e-01
4.982982522453691665e-01
4.849350182176796475e-01
5.247190901260269102e-01
4.910358501916481377e-01
5.139675521738151787e-01
5.782964694644755488e-01
5.282382394530604763e-01
5.101923988094160256e-01
4.844986030224284757e-01
6.622427059551377893e-01
5.035202681649216805e-01
5.254200538873083914e-01
3.283483424008808993e-01
5.011643101588900695e-01
3.386167448610998276e-01
5.873257963051002895e-01
3.126135936875898969e-01
5.657899082138191371e-01
4.825086190653614659e-01
5.785079983650859292e-01
5.115579875413172051e-01
4.842592695333841069e-01
5.699168196761573713e-01
4.606329783536585176e-01
6.651625276016307486e-01
6.105968680543725213e-01
6.388340400225315241e-01
6.533475991343056233e-01
5.454401429840186610e-01
5.858676523082455567e-01
6.341143798913632113e-01
5.778221377427288363e-01
6.599536782507379185e-01
5.699097609761282213e-01
6.169980127931554703e-01
6.448875478469298095e-01
2.128117053435704120e-01
5.739558675766265328e-01
3.780316118104958822e-01
6.172937583208183421e-01
6.662356659238208856e-01
5.554506713567546328e-01
6.336684156437062398e-01
5.562383280269145303e-01
5.182428030046426493e-01
5.174124895258932488e-01
5.063154214027034694e-01
4.888824376754388190e-01
4.928072518143716274e-01
4.701749903679628417e-01
5.014751528948456771e-01
4.716747761863669952e-01
5.172758064159985736e-01
4.864816823665983336e-01
5.101112756691362771e-01
5.007157097768278886e-01
5.161669579831736909e-01
5.030049215445219213e-01
5.007549546146082831e-01
5.015370379156167679e-01
5.638896746574652008e-01
5.397988535312266967e-01
5.439009501539135982e-01
4.964937256653650377e-01
4.698863628589274311e-01
6.680087717583022000e-01
6.445474988705045538e-01
6.327533649352560241e-01
6.195245064548368097e-01
6.624475047263789218e-01
6.684850795761366760e-01
6.585950207848927374e-01
6.533771762471126676e-01
6.229006541395492036e-01
6.413118742804089223e-01
6.473643519817812164e-01
6.372390956333183754e-01
6.559707978554829566e-01
6.491699427490039698e-01
6.469236850744851663e-01
6.641885907364953878e-01
6.904822178560646728e-01
6.482054700490654797e-01
6.610053514147610221e-01
6.361149755847127496e-01
6.539053578057774097e-01
6.731950623459712624e-01
5.399786186034599700e-01
5.333581134982980920e-01
5.684498189527591450e-01
4.997507991716848563e-01
5.162960824576316998e-01
5.228145553744312224e-01
5.469311098127876969e-01
5.075976511699797911e-01
5.357201965227680329e-01
5.550865536794240551e-01
5.462798999500315666e-01
5.536062802962034013e-01
5.568818923200566928e-01
5.702731025015714827e-01
5.463675919340469367e-01
5.489219614314437834e-01
5.328883370768187078e-01
5.422109482343836495e-01
5.423688393495050830e-01
5.235352073083622271e-01
5.337857014307046954e-01
5.626329446348748986e-01
5.152744038731993381e-01
5.643806206806631920e-01
5.322400533253353050e-01
5.404591986938270809e-01
5.329901281028363025e-01
5.744737515981003240e-01
5.638075626027938547e-01
5.572505935178022618e-01
5.586117352054607021e-01
5.858397964592912954e-01
5.568685081531913328e-01
5.710368286880007638e-01
5.745858754111867750e-01
5.723112919068809035e-01
5.535719892669430653e-01
5.746023215791318250e-01
5.740402380484211919e-01
5.885770686614291147e-01
5.895744570544565466e-01
5.655848361762755294e-01
5.722487058140526273e-01
5.758296882937181671e-01
5.609864629790775048e-01
5.950394056504069162e-01
5.826871567405760288e-01
5.858101364746564066e-01
6.248683610729705018e-01
5.632055969001078521e-01
5.628382658373271008e-01
5.547721948707765582e-01
5.588314419638256147e-01
5.422136166047980543e-01
5.516396905848501842e-01
5.361647288609335815e-01
5.503156763654796224e-01
5.334019422649856068e-01
5.280074642662924145e-01
5.609222318468923829e-01
5.565575502268675923e-01
5.417674649601904591e-01
5.618708096908028304e-01
5.064785129668111230e-01
5.556507025638215413e-01
5.411668381400787098e-01
5.262363702975400015e-01
5.478531055410228445e-01
5.215804649377495661e-01
5.304531144127354603e-01
5.464463902200000778e-01
5.117592803791946032e-01
6.354479166165569737e-01
5.075535974467736411e-01
4.746252821433578628e-01
4.993620878645017025e-01
5.648169265991653809e-01
5.809616195346313239e-01
2.773146478110231627e-01
4.839812386584533277e-01
6.039817024605916851e-01
5.852823778316922354e-01
7.331860898790677483e-01
6.338304519459990738e-01
5.896526417578215051e-01
4.412142924025557744e-01
5.949027222611168453e-01
6.559547230654626526e-01
6.243167058481952081e-01
5.314830296157494471e-01
6.856362280903581796e-01
5.624768660994439173e-01
6.444999794993191422e-01
7.046487757935848695e-01
6.431283379007410872e-01
6.517295250442015631e-01
5.267480571374392184e-01
5.005237990908940615e-01
5.204939732774728212e-01
5.104403779459685264e-01
5.540587360165134534e-01
5.582765972252889952e-01
5.368204771788236407e-01
6.122473762234538208e-01
6.013969037379411908e-01
5.598975672222950006e-01
5.426259065463328035e-01
5.533616837597956639e-01
5.704295140299223688e-01
5.440783146039707141e-01
5.615051508928808888e-01
6.137910741587554453e-01
5.949344847071795783e-01
5.247511876545738474e-01
5.500562442120929818e-01
5.553974341241858514e-01
5.903756938497521922e-01
6.249236591992463064e-01
5.176756648797601335e-01
5.119397838783377175e-01
6.750408610045414148e-01
5.625656215308486585e-01
5.795738777294011657e-01
5.505020673109513041e-01
5.508328794659222982e-01
5.325516292149118369e-01
5.482138709623952666e-01
5.483397686283233430e-01
5.162914924706667463e-01
5.231482424684152921e-01
5.071592752959978023e-01
5.886706239618815228e-01
5.791927354694277330e-01
5.924828360637047764e-01
5.498918038088084215e-01
5.355496493593958629e-01
5.477742856548888373e-01
5.374110210919166297e-01
5.494742310305495980e-01
5.476059811724420801e-01
5.354564899615950058e-01
5.620440419131258469e-01
5.530152440327833485e-01
5.443701919586751981e-01
5.413068244016490116e-01
5.948810123632902735e-01
5.417166872044684167e-01
5.514949595313177744e-01
5.507389734501682010e-01
5.205043924544029421e-01
4.802275828251796330e-01
5.544885670877698347e-01
2.968047869237001590e-01
2.845184420509631051e-01
2.817124723657033480e-01
4.934507808680368424e-01
3.674989068695659333e-01
3.290727401272513508e-01
4.790284147129147407e-01
5.188204170787532599e-01
4.630474533189462005e-01
3.865915022086467423e-01
4.488561342356188200e-01
4.903297511076252779e-01
6.061082574881054841e-01
5.128570388111358680e-01
4.657607254985338119e-01
5.318379566959194893e-01
6.124882632733937848e-01
5.978527088425178437e-01
4.158240129723114742e-01
6.248505597336545536e-01
5.040613128017780165e-01
4.698457981361491287e-01
5.432506160940259177e-01
4.669714611107931290e-01
2.941260537042788004e-01
1.257870735638353665e-01
2.839358794094730132e-01
5.478327147958264587e-02
2.919671847808052445e-01
1.015075698033708201e-01
1.625657408086061961e-01
2.234187353883750060e-01
1.859767009801208126e-01
2.838460479562380234e-01
1.183275730176662072e-01
2.680071646018252207e-01
2.795591609550656664e-01
1.306417878802380583e-01
3.542910468185324069e-01
3.276574485571026596e-01
4.049063709829529012e-01
1.301207738970679428e-01
1.486006430206945617e-01
1.769382593520522351e-01
3.321687408782118545e-01
2.813521102430293630e-01
2.821922014423308145e-01
3.947881103253522150e-01
2.820883562025495728e-01
1.787646472295633671e-01
6.995507555945185141e-01
7.213798252927714483e-01
6.737527890655750085e-01
6.960514296573451221e-01
6.807868733812256767e-01
7.016397620393839407e-01
6.950601217507081930e-01
5.017413446860332638e-01
6.647974381616460482e-01
4.110655397448271797e-01
4.508777352058778165e-01
5.360895370816861627e-01
7.129857362572665780e-01
7.263299231621566099e-01
7.158512474477876086e-01
7.104260535572149982e-01
7.217812623531165706e-01
5.417837788973841606e-01
7.172814712988960784e-01
7.149678600056397215e-01
7.270872848821746670e-01
6.449982573060383251e-01
7.017354889724688460e-01
6.906922688802987764e-01
6.670749274473095625e-01
6.597444820711009239e-01
6.531861305850023003e-01
6.785312587841649812e-01
6.714876162874703347e-01
6.692877626142517133e-01
7.019325946172618735e-01
6.679425885327462398e-01
6.577133294641238637e-01
6.265004875919845118e-01
6.666831966345572180e-01
6.049153260785899988e-01
6.765943194138254180e-01
6.658765199410366931e-01
6.725804744128877077e-01
6.752762637936837731e-01
4.313047946985310577e-01
5.231868745913809127e-01
4.991407165070558261e-01
5.502048643536133765e-01
6.269103505983474323e-01
5.667581663629129851e-01
5.430361664157279389e-01
5.175100389260794964e-01
5.110245220943613331e-01
4.336875972172829496e-01
6.415334370925792618e-01
5.390800616204490803e-01
5.106879243657227452e-01
5.623114209614616943e-01
5.200323078780860753e-01
6.119287790909562208e-01
5.821557669801075141e-01
5.525836006959493618e-01
5.869877398438229088e-01
5.495111393333105276e-01
5.791375495961939013e-01
5.740902965542576952e-01
5.277125492757028802e-01
6.900095875895843056e-01
5.729207608518844808e-01
5.454953094992610607e-01
6.407164426095740550e-01
5.894241197649588981e-01
5.569170706752256672e-01
5.277719473898793145e-01
5.507158487937171554e-01
6.595810755400676184e-01
5.759419138862104104e-01
5.992099373980912524e-01
5.678377308515087929e-01
6.376989485572995831e-01
6.335541240012853015e-01
6.605968789792061591e-01
5.526402912889948338e-01
4.058867083852459312e-01
4.110880709817542611e-01
4.876330670055152861e-01
5.816943600615052112e-01
6.042481124014951188e-01
4.152249398447395157e-01
4.795989272695369565e-01
5.692958646781989263e-01
5.282116025792388259e-01
5.268426926598495097e-01
5.112543679238111816e-01
6.419565834581114627e-01
5.375512766197668713e-01
5.777149381203487977e-01
4.933107464299102407e-01
6.172055102867344267e-01
5.869029151230568120e-01
5.273613239407780595e-01
