2.386818126223091863e+00
2.214759662426614373e+00
2.422295437866927692e+00
2.160003363502935425e+00
4.326206274461839918e+00
2.274186643835616639e+00
2.950051981409001822e+00
2.530103351272015466e+00
2.607119924168297409e+00
2.237363931017612551e+00
2.333093811154598907e+00
2.295025073385518422e+00
3.369840080724070486e+00
2.210647015655577086e+00
2.605331152152641661e+00
3.133661020058708502e+00
2.999556629158512511e+00
2.455433586105675303e+00
3.104490276418786721e+00
2.339881971624266033e+00
2.194119985322896316e+00
2.281509907045009999e+00
2.278345156555773077e+00
2.181942575831702591e+00
2.163336289138943158e+00
2.182615276418786721e+00
2.122133378180039109e+00
2.317904537671232834e+00
2.290805406066536154e+00
2.675949425146771254e+00
2.962833292563600729e+00
2.160049229452054576e+00
2.108778742661447936e+00
2.816245719178082307e+00
2.762773666829745789e+00
2.536685114970645749e+00
2.898185237279843562e+00
3.079829684442270121e+00
2.416149400684931337e+00
2.856217893835616639e+00
3.283283390410959068e+00
2.773857937866927692e+00
3.258790973581213279e+00
2.947154782289628017e+00
2.970133622798434292e+00
3.124870046477495222e+00
3.124877690802348340e+00
2.812477067025440203e+00
2.647374938845401093e+00
2.619488441780821741e+00
2.344529721135029554e+00
2.369679549902152793e+00
2.848550636007827652e+00
2.939655699608610728e+00
2.771060114970645749e+00
3.130190496575342429e+00
2.630251651174168259e+00
3.099949547455968624e+00
2.855850966242661659e+00
3.074860873287671215e+00
4.305688906555772633e+00
3.393728595890411093e+00
2.744572529354207369e+00
3.272497248043052753e+00
2.501131360078277854e+00
3.260388637475537976e+00
2.590998043052837652e+00
2.539169520547945424e+00
3.314326993639921781e+00
3.012169765166340607e+00
2.807401235322896316e+00
2.450021404109588907e+00
2.790147994129158704e+00
3.449600966242661659e+00
3.257606103228962713e+00
2.903031739236790809e+00
3.514057913405088218e+00
2.514065557729941336e+00
3.184778620352250567e+00
2.685749449608610728e+00
4.261114848336594818e+00
2.264455418297456113e+00
2.400547333659491134e+00
2.868074241682974534e+00
2.730399951076321052e+00
2.809319960861056842e+00
2.472274033757338341e+00
2.494954745596869028e+00
2.563814823874755344e+00
2.206381482387475668e+00
2.321589102250489312e+00
2.478993395303326963e+00
3.104100415851271944e+00
2.378906250000000000e+00
2.465829867906066397e+00
3.196443860078277854e+00
3.059243517612524332e+00
2.448660714285714413e+00
2.479192147749510688e+00
2.801782656555773077e+00
2.938073324363992267e+00
4.418129280821918137e+00
3.454837328767123239e+00
2.848015533268101862e+00
2.344155149217221012e+00
2.668289811643835829e+00
2.907732999021526599e+00
2.386091915362035021e+00
1.993548189823874717e+00
2.356202605185909960e+00
2.731447223581213279e+00
2.565160225048923603e+00
1.910821306262231012e+00
2.278452177103718057e+00
2.644768224070450202e+00
2.107089346868884494e+00
2.460119557240704413e+00
2.495872064579256477e+00
2.259517184442270121e+00
2.532396648727984534e+00
1.867416829745596862e+00
2.246904048434442469e+00
3.043954867906066397e+00
2.589851394324853118e+00
2.346670132093933603e+00
2.596631910469667126e+00
1.930085004892367895e+00
3.008745107632094129e+00
2.453140288649706680e+00
2.312415912426614373e+00
2.536784491193737612e+00
2.037411325831702591e+00
2.695687071917808098e+00
2.239458476027397449e+00
2.095546416340508866e+00
2.363319471624266033e+00
2.235758622798434292e+00
2.419986851761252389e+00
2.477227556262231012e+00
1.793121636497064575e+00
1.823332008317025466e+00
2.184144141389432470e+00
1.957971501956947247e+00
1.861094973091976579e+00
1.812905149217221235e+00
1.946451504403131194e+00
1.822674596379647793e+00
1.877063967710371761e+00
2.057332436399217368e+00
1.913366866438356073e+00
1.895165728962818097e+00
1.701771954500978401e+00
1.802210738747553886e+00
1.712038282778864939e+00
1.558104513209393360e+00
1.649400684931506822e+00
1.825174290606653704e+00
1.910538466242661437e+00
2.087947957436399271e+00
1.900249204990215324e+00
2.124296722113502955e+00
1.924955662915851295e+00
2.264203155577299231e+00
2.196352128180039109e+00
1.910905393835616417e+00
2.159491193737768988e+00
1.954317514677103684e+00
1.887903620352250567e+00
1.930673617906066619e+00
1.915186215753424737e+00
1.488319471624266255e+00
1.928219789628180081e+00
1.898062928082191680e+00
3.249472541585127328e+00
4.292731775929549798e+00
2.960539995107632105e+00
3.606867661448140971e+00
4.891404721135029554e+00
3.104429121819960891e+00
2.778398666829745789e+00
2.731301981409001822e+00
2.352143468688845385e+00
2.768789750489236923e+00
3.862379219667318786e+00
4.201420315557729879e+00
3.509761802837573441e+00
6.019523605675146882e+00
3.194563356164383361e+00
2.431170499021526599e+00
3.252721379647749433e+00
3.297478901663405182e+00
2.996751161937377894e+00
2.487883745107632105e+00
4.299045988258317408e+00
3.220431751467710324e+00
2.281685726516633927e+00
3.442140105185909960e+00
2.074035286203522510e+00
2.488732265166340607e+00
2.664138943248532510e+00
2.936582681017612551e+00
2.382812500000000000e+00
2.606210249510763077e+00
2.005343383072407004e+00
2.801446306262231012e+00
2.317430589530332874e+00
3.206205662915851295e+00
3.512261497064579352e+00
2.471119740704501133e+00
2.181002323874755344e+00
2.042976394324853118e+00
3.016557607632094129e+00
2.581457925636007733e+00
2.508775684931507044e+00
2.236270792563600729e+00
2.218581824853228746e+00
2.032144386007827652e+00
1.770096930039138927e+00
2.057959271037181903e+00
2.095768101761252389e+00
2.185665362035225101e+00
2.386749327299412915e+00
2.159537059686888583e+00
2.156502262720156438e+00
2.564609833659491134e+00
2.266756360078277854e+00
2.178594361545988178e+00
2.213765900195694858e+00
2.313356164383561620e+00
2.336464958414872672e+00
2.417930528375733967e+00
2.074899094911937247e+00
2.124755381604696680e+00
2.317338857632094129e+00
2.288947835127201458e+00
1.990551614481409048e+00
1.994129158512720101e+00
1.969820205479452024e+00
2.054282350782778988e+00
2.234359711350293320e+00
1.961808953033268077e+00
2.050116193737768988e+00
2.149263087084148705e+00
2.697460555283757166e+00
2.449111729452054576e+00
2.626635885518591174e+00
2.100538160469667126e+00
2.358939273483366073e+00
2.561529170743639838e+00
2.780225660469667126e+00
2.127484405577299231e+00
2.412296660958904049e+00
2.249610139432485223e+00
2.799940374266144616e+00
2.754854146281800364e+00
2.743448813600782632e+00
2.566635579745597084e+00
2.743540545499021377e+00
2.055589530332681214e+00
2.056957864481408826e+00
3.042181384540117328e+00
2.779063723091976357e+00
2.484879525440313319e+00
2.677011986301369717e+00
2.502568493150684859e+00
2.700648238747553886e+00
2.631360078277886316e+00
2.257445572407045020e+00
2.779690557729941336e+00
2.235384050880626194e+00
2.577765716731898138e+00
2.560298434442270121e+00
2.731294337084148705e+00
1.945442453522505000e+00
2.162503057729941336e+00
2.297287793542074574e+00
2.023108794031311053e+00
2.368831029843444291e+00
2.116377201565557531e+00
2.267299107142857206e+00
2.368968627690802187e+00
2.775868395303326963e+00
2.434228228962818097e+00
2.224123960371819919e+00
2.276923312133072308e+00
2.167747064579256477e+00
2.231638331702543887e+00
2.617256298923678948e+00
2.162816475048923603e+00
2.000114664872798542e+00
2.055971746575342429e+00
2.359757216242661659e+00
2.210983365949119595e+00
2.115628057729941336e+00
2.310642429060665304e+00
2.433318554305283765e+00
2.020624388454011822e+00
2.068126223091976357e+00
2.278207558708414737e+00
2.289819288160469757e+00
4.350255320450098218e+00
4.227235200587084130e+00
3.687637597847358339e+00
4.590195388943248744e+00
4.762078033268101862e+00
4.254716548434442025e+00
4.306950220156555709e+00
4.940939946183952713e+00
3.994939456947162348e+00
4.966426125244618461e+00
1.707556415117417004e+01
4.255985506360078219e+00
4.991323691291585263e+00
5.052065496575342429e+00
4.327284124266144616e+00
4.340340631115459757e+00
4.127935420743639838e+00
3.997355063600782632e+00
5.127858977495107773e+00
3.896939212328767166e+00
4.478756421232876761e+00
4.914620535714285587e+00
4.035118028375733523e+00
5.270364481409002266e+00
2.532381360078277854e+00
2.458361362524462024e+00
2.218711778375733967e+00
3.547012597847358339e+00
4.220018957925636194e+00
3.428923067514677125e+00
6.451145119863014088e+00
3.639218444227005911e+00
1.977403375733855162e+00
3.086579623287671215e+00
3.427241316046966801e+00
2.396625795009784898e+00
3.912059686888453847e+00
3.605384662426614373e+00
2.171095278864970446e+00
2.027695388943248744e+00
3.631658206947162348e+00
3.955938111545988178e+00
3.700640594422700769e+00
3.436177531800391538e+00
3.483977495107632105e+00
3.687912793542074574e+00
2.095813967710371983e+00
3.226096196183953158e+00
3.506222480430528421e+00
3.309266450587084130e+00
3.014004403131115506e+00
2.977525684931507044e+00
2.900944838551859029e+00
2.969262169765166437e+00
2.827077727495107773e+00
3.531976210861056842e+00
5.585601149706457491e+00
4.264447773972602995e+00
3.842374021526418826e+00
2.780126284246575263e+00
3.126406555772994089e+00
3.162762964774950891e+00
2.920774217221135061e+00
2.990444593933463846e+00
3.368135396281800364e+00
2.711640777886497045e+00
3.514164933953033199e+00
3.716250305772994089e+00
2.771679305283757166e+00
3.101608365949119595e+00
3.086350293542074574e+00
2.650081029843444291e+00
3.223695878180039109e+00
3.062767551369863117e+00
3.799733977495107773e+00
3.082543419765166437e+00
4.015349804305283321e+00
3.340761068982387449e+00
3.882139799412915870e+00
2.695427164872798542e+00
3.397650134540117328e+00
3.678976577788649838e+00
4.243922761741682592e+00
2.722648605675146882e+00
3.266893957925636194e+00
3.307546477495107773e+00
2.978909307729941336e+00
3.577796294031311053e+00
3.278467465753424737e+00
2.872691413894324697e+00
2.552761130136986356e+00
3.193401418786692592e+00
3.670957681017612551e+00
3.218688845401174170e+00
3.545774217221135061e+00
3.025746086105675303e+00
3.098306017612524332e+00
3.046683891878669392e+00
2.635931384540117328e+00
2.870398116438356073e+00
2.507330907534246478e+00
2.655202727495107773e+00
2.320610628669276032e+00
2.191528559197651660e+00
2.191765533268101862e+00
2.032335494129158704e+00
2.465424718688845385e+00
2.550307301859099596e+00
1.992967221135029332e+00
2.087688050391389272e+00
2.030095706947162348e+00
1.887888331702544109e+00
2.023284613502935425e+00
2.150279782289628017e+00
2.323805956457925426e+00
2.314013576320939514e+00
2.236507766634050931e+00
2.475775134540117328e+00
1.815588307240704413e+00
2.295262047455968624e+00
2.565183158023483401e+00
2.978022566046966801e+00
1.788129892367906093e+00
2.039620535714285587e+00
2.466212084148728056e+00
2.634073813600782632e+00
2.237845523483366073e+00
2.114901846868884494e+00
2.518300513698630283e+00
2.213009112035225101e+00
2.116430711839530243e+00
2.163435665362035021e+00
2.339690863502935425e+00
2.404086656066536154e+00
2.377698446673189636e+00
2.194433402641878583e+00
2.966678387964774899e+00
1.884731225538160526e+00
2.304664567025440203e+00
2.401686338062622106e+00
2.398888515166340607e+00
2.542502446183953158e+00
3.774071978962818097e+00
2.071917808219178259e+00
3.220706947162426559e+00
2.616789995107632105e+00
2.986408390410959068e+00
2.618372370352250567e+00
3.142658390410959068e+00
2.461090386497064575e+00
3.929526969178082307e+00
2.174298250978473401e+00
2.532962328767123239e+00
2.292028498043052753e+00
2.599781372309197813e+00
2.707612218688845385e+00
2.721180895303326963e+00
3.166187622309197813e+00
2.934908573874755344e+00
2.835333598336594818e+00
2.615742722602739878e+00
2.534452972113502955e+00
2.252774889921722146e+00
2.637559625733855384e+00
3.004556017612524332e+00
2.813761313600782632e+00
3.145532656555773077e+00
3.007468505381604817e+00
2.672425391389432470e+00
3.761527641878669392e+00
2.489878913894324697e+00
3.625244618395303320e+00
2.261244801859099596e+00
2.340371208414872672e+00
2.467458109099804453e+00
2.836227984344422914e+00
2.563692514677103684e+00
2.764593016144814008e+00
2.495489848336594818e+00
2.308104513209393360e+00
3.071252751956947247e+00
2.456251528864970446e+00
2.783237524461839474e+00
2.495130565068492956e+00
1.995856775929549798e+00
2.208667135518591174e+00
2.565756482387475668e+00
1.931881421232876761e+00
2.075258378180039109e+00
2.405317392367905871e+00
2.694807974559686681e+00
2.552585310665361984e+00
2.652343750000000000e+00
2.807951626712328785e+00
2.668801981409001822e+00
2.228282473091976357e+00
2.992523850293542065e+00
2.701940129647749433e+00
2.198790667808219190e+00
2.365612769080234656e+00
2.742080479452054576e+00
2.792349559686888583e+00
3.003042441291585263e+00
2.738556445694716235e+00
2.107257522015655749e+00
2.323989420254402916e+00
2.769936399217221012e+00
2.812048984833659393e+00
2.371728228962818097e+00
2.754930589530332874e+00
2.453644814090019555e+00
2.523781494618395183e+00
3.047440680039139149e+00
2.192270058708414737e+00
2.737295132093933603e+00
2.925162059686888583e+00
1.690229023972602773e+00
2.000680344911937247e+00
1.954523911448140971e+00
2.132667257827788543e+00
1.645609099804305364e+00
2.061024645303326963e+00
2.400210983365949069e+00
2.275340936888453847e+00
1.610911509295499089e+00
2.330173679060665304e+00
2.357899645303326963e+00
1.966930650684931559e+00
1.935474253913894271e+00
2.325411264677103684e+00
2.429205907534246478e+00
2.842205846379647571e+00
2.584767918297456113e+00
2.103786998532289676e+00
2.381230124755381539e+00
1.971394936399217146e+00
2.337000061154598907e+00
2.421316964285714413e+00
2.282924107142857206e+00
1.967985567514677125e+00
1.639485995596868806e+00
2.118639921722113684e+00
1.784147199119373806e+00
2.042769997553815831e+00
2.291210555283757166e+00
2.448844178082191902e+00
2.458835310665361984e+00
4.506428877201565264e+00
4.069486912915850851e+00
4.726944716242661215e+00
3.888324058219178259e+00
4.348137842465753522e+00
4.377201565557729879e+00
4.044688723091976357e+00
3.930681262230919959e+00
4.591724253913894493e+00
5.350591670743639838e+00
4.535186827299413359e+00
4.618081886007828096e+00
3.936513882093933603e+00
4.025952482876712146e+00
6.034774033757338785e+00
6.350828644814090040e+00
5.974865459882582996e+00
4.275126895792563886e+00
5.118326504403131416e+00
4.699371636497065019e+00
5.524775256849315141e+00
6.561704990215264210e+00
3.669933341487279677e+00
3.955747003424657571e+00
3.895761986301369717e+00
4.715990398727984534e+00
4.596769508317025021e+00
3.291791523972602551e+00
3.148078216731898138e+00
3.802768774461839474e+00
3.789704623287671215e+00
3.841609589041095951e+00
3.461205051369863117e+00
4.273796783268101862e+00
3.903559197651663482e+00
3.902802409491193725e+00
4.272390227495107773e+00
3.579944349315068663e+00
4.169505259295498867e+00
3.885434503424657571e+00
4.338437194227005911e+00
3.253378791585127328e+00
3.804526969178082307e+00
4.285171538649706235e+00
2.804397015655577086e+00
2.503073018590998178e+00
2.607838490704501133e+00
2.400279782289628017e+00
2.482096991193737612e+00
2.358289505870841296e+00
2.697353534735812186e+00
2.470813967710371983e+00
2.938325587084148705e+00
2.359375000000000000e+00
2.330655271526418826e+00
2.625038221624266033e+00
2.483939273483366073e+00
2.516748715753424737e+00
2.683280332681017732e+00
2.537273727984344251e+00
2.585058402641878583e+00
2.849399156066536154e+00
2.705892245596869028e+00
2.903589774951076397e+00
2.473023177592954980e+00
2.601562500000000000e+00
2.391679916829745789e+00
2.596104452054794454e+00
3.123249449608610728e+00
3.142490215264187814e+00
2.920070939334638016e+00
2.528605063600782632e+00
2.584034063111546153e+00
2.575701749021526599e+00
2.378852739726027288e+00
2.789888087084148705e+00
2.421324608610567530e+00
2.901204745596869028e+00
2.571535591976516599e+00
2.574784430039139149e+00
2.368838674168297409e+00
2.482181078767123239e+00
2.554534613502935425e+00
2.907006788160469757e+00
2.692078950587084130e+00
2.963108488258316964e+00
2.938295009784735790e+00
2.616690618884540243e+00
2.525898972602739878e+00
2.585929855675146882e+00
2.772963551859099596e+00
2.990429305283757166e+00
2.995207008317025466e+00
3.063088613013698502e+00
3.131803449119373806e+00
2.832512842465753522e+00
3.504173801369863117e+00
3.460325954011741700e+00
3.303724315068492956e+00
2.957895058708414737e+00
3.486530699608610728e+00
2.807699363992172348e+00
2.568103290117417004e+00
3.397191475048923603e+00
2.866170804794520688e+00
2.757789567025440203e+00
3.146190068493150527e+00
3.290469055772994089e+00
3.293045193248532510e+00
3.350920376712328785e+00
3.155470278864970446e+00
2.735598091976516599e+00
2.521755748532289676e+00
2.756856959393346518e+00
2.788963123776908137e+00
2.994526663405088218e+00
3.595599926614481578e+00
2.681835555283757166e+00
3.778268713307240567e+00
2.546913221624266033e+00
3.773399278375733967e+00
3.557814028864970446e+00
2.418870780332681214e+00
2.470905699608610728e+00
3.432240704500978623e+00
3.318516083659491134e+00
3.792601822407045020e+00
2.712466364970645749e+00
2.532106164383561620e+00
2.620122920743639838e+00
2.992799045988258300e+00
2.395716120352250567e+00
3.751918725538160526e+00
2.445870535714285587e+00
3.785523177592954980e+00
2.941360384050880405e+00
2.221662487769080041e+00
3.826313295009784898e+00
2.884478962818004089e+00
3.348627079256360162e+00
3.403291646281800364e+00
2.887758378180039109e+00
2.083835310665361984e+00
2.435734160958904049e+00
2.416050024461839474e+00
2.769982265166340607e+00
3.406013025929549798e+00
2.179633989726027288e+00
2.723856409001956802e+00
3.866140227495107773e+00
2.109482020547945424e+00
2.135166952054794454e+00
2.336197407045009999e+00
3.393743884540117328e+00
3.053303877201565708e+00
3.696459148727984534e+00
2.540255014677103684e+00
2.713085555283757166e+00
2.181147566046966801e+00
3.117646159491193725e+00
2.195740582191780810e+00
2.211556690313111417e+00
2.783031127690802187e+00
2.912052042563600729e+00
3.342289933953033199e+00
2.407679488747553886e+00
2.195220768101761255e+00
2.673908390410959068e+00
2.380351027397260122e+00
2.689166462818004089e+00
2.358763454011741700e+00
1.901823935909980445e+00
2.281609283268101862e+00
2.912831763698630283e+00
2.899805834148728056e+00
2.377920132093933603e+00
2.216968872309197813e+00
2.218474804305283765e+00
2.952261191291585263e+00
2.892979452054794454e+00
1.966395547945205546e+00
2.274775256849315141e+00
2.908291034735812186e+00
2.558601394324853118e+00
2.925880626223091863e+00
2.188050391389432470e+00
2.964683219178082307e+00
3.395242172211350162e+00
2.658872003424657571e+00
2.575174290606653482e+00
2.275585555283757166e+00
2.586893040606653482e+00
2.699616254892367895e+00
2.289979818982387449e+00
2.302814640410959068e+00
2.744152091487279677e+00
1.910569043542074352e+00
1.921806201076320830e+00
1.852823813600782854e+00
2.569754464285714413e+00
2.445641205968688947e+00
1.895547945205479534e+00
2.206970095401174170e+00
2.315886435909980445e+00
2.031983855185909960e+00
2.737608549412915870e+00
2.134333720645792631e+00
2.852747370352250567e+00
2.543457986790606640e+00
2.367684381115459757e+00
2.181170499021526599e+00
2.485384050880626194e+00
3.228427715264187814e+00
2.378417013209393360e+00
2.034644080234833563e+00
2.345164200097847207e+00
2.475966242661447936e+00
2.829225782778864939e+00
3.482746758806262388e+00
2.172830540606653482e+00
1.796508072407045020e+00
1.621353657045009777e+00
1.867867844911937469e+00
1.494228534735812186e+00
1.649133133561643927e+00
1.648353412426614373e+00
1.623203583659491134e+00
1.762414383561643927e+00
1.698882399706457935e+00
2.243349437377690769e+00
1.735299963307240789e+00
2.148322835127201458e+00
1.719988380626223057e+00
1.544704011741683036e+00
1.778085249510763299e+00
1.812431201076320830e+00
1.951053387964774899e+00
1.561659124266144838e+00
1.578277886497064575e+00
1.473198997064579352e+00
2.243708720645792631e+00
1.958911753913894271e+00
1.742669092465753522e+00
2.129838857632094129e+00
2.026479941291585263e+00
1.587710983365949069e+00
2.770815496575342429e+00
2.710830479452054576e+00
3.587321122798434292e+00
3.070251345401174170e+00
2.989703094422700769e+00
3.974972480430528421e+00
3.772596624266144616e+00
3.104482632093933603e+00
3.071107509784735790e+00
2.817537610078277854e+00
3.248616377201565708e+00
3.206702544031311053e+00
4.541286998532289232e+00
3.989519630626223279e+00
4.463773544520547532e+00
3.664880442759295587e+00
3.863625244618395183e+00
3.747293909001956802e+00
3.028146404109588907e+00
3.018598642367905871e+00
3.543511497064579352e+00
5.159728167808219190e+00
3.547295437866927692e+00
4.195052592954990445e+00
5.053303877201565264e+00
4.813960066046966801e+00
6.666952054794520244e+00
4.283291034735811742e+00
4.116178449119373361e+00
4.578102067025440647e+00
4.235919153620351985e+00
3.844063417318982268e+00
5.139310176125244212e+00
3.821176308708414737e+00
4.647359650195694414e+00
4.633622798434442025e+00
5.255465692270059108e+00
4.518613931017612551e+00
4.157732999021526155e+00
5.432049596379648015e+00
3.563340875733855384e+00
3.950701749021526599e+00
2.705410653131115506e+00
2.880802042563600729e+00
2.425024461839530243e+00
2.717503975048923603e+00
2.494159735812133238e+00
2.857341609589040932e+00
3.758783329256360162e+00
4.425636007827788987e+00
2.736331947162426559e+00
2.786929733365949069e+00
2.258974437377690769e+00
2.615681568003914048e+00
3.520471501956947247e+00
2.413466242661447936e+00
2.481409001956947247e+00
3.148766205968688947e+00
2.862891389432485223e+00
2.178968933463796276e+00
2.869259112035225101e+00
3.366782350782778988e+00
4.106707130626222835e+00
4.921576871330723968e+00
4.944502201565557975e+00
4.179160041585126883e+00
4.572246514187867206e+00
4.226424902152642105e+00
4.410217404598825830e+00
4.989504341976516599e+00
3.022115031800391538e+00
3.590860445205479312e+00
6.792364848336594818e+00
3.073247920743639838e+00
3.203530149217221012e+00
3.981164383561643927e+00
4.214843750000000000e+00
4.060199058219177815e+00
2.841640166340508866e+00
2.030592588062622106e+00
3.234833659491193725e+00
2.932072529354207369e+00
2.459018774461839474e+00
2.274354818982387449e+00
4.384196122798434736e+00
2.370757399706457935e+00
2.246231347847358339e+00
2.331939518101761255e+00
2.268483977495107773e+00
4.164085432974559353e+00
3.122653192270058664e+00
2.419963918786692592e+00
2.175720095401174170e+00
2.556338674168297409e+00
2.466693676614481578e+00
2.621017306751467490e+00
2.420369068003914048e+00
