2.090937500000000000e+02
2.018867187500000000e+02
2.038242187500000000e+02
2.006445312500000000e+02
1.160000000000000000e+02
2.083320312500000000e+02
2.135468750000000000e+02
1.408281250000000000e+02
2.109023437500000000e+02
2.032812500000000000e+02
2.057773437500000000e+02
2.076796875000000000e+02
1.242265625000000000e+02
2.113320312500000000e+02
2.064609375000000000e+02
1.470039062500000000e+02
1.460429687500000000e+02
2.085195312500000000e+02
1.190859375000000000e+02
2.159921875000000000e+02
1.991562500000000000e+02
2.063867187500000000e+02
1.402500000000000000e+02
2.082070312500000000e+02
2.070703125000000000e+02
2.075390625000000000e+02
2.126757812500000000e+02
2.204375000000000000e+02
2.176445312500000000e+02
2.140898437500000000e+02
2.173554687500000000e+02
2.142070312500000000e+02
2.124960937500000000e+02
2.275937500000000000e+02
1.175000000000000000e+02
1.227109375000000000e+02
1.303007812500000000e+02
1.337070312500000000e+02
1.978867187500000000e+02
1.760703125000000000e+02
1.626640625000000000e+02
1.517109375000000000e+02
1.955117187500000000e+02
1.541562500000000000e+02
1.888164062500000000e+02
1.176992187500000000e+02
1.230039062500000000e+02
1.263593750000000000e+02
1.715664062500000000e+02
1.334453125000000000e+02
1.941367187500000000e+02
1.993281250000000000e+02
1.766132812500000000e+02
1.825585937500000000e+02
1.896914062500000000e+02
1.299570312500000000e+02
1.407343750000000000e+02
1.950390625000000000e+02
1.317265625000000000e+02
1.765468750000000000e+02
1.789648437500000000e+02
1.929765625000000000e+02
1.803242187500000000e+02
1.762968750000000000e+02
1.942812500000000000e+02
1.244101562500000000e+02
1.430234375000000000e+02
1.898906250000000000e+02
1.907500000000000000e+02
1.270546875000000000e+02
1.261289062500000000e+02
1.272109375000000000e+02
1.588046875000000000e+02
1.577656250000000000e+02
1.400156250000000000e+02
1.396210937500000000e+02
1.558398437500000000e+02
1.639609375000000000e+02
1.481562500000000000e+02
1.630781250000000000e+02
1.311992187500000000e+02
1.488906250000000000e+02
1.382226562500000000e+02
1.538320312500000000e+02
1.650703125000000000e+02
1.659531250000000000e+02
1.425625000000000000e+02
1.652734375000000000e+02
1.203281250000000000e+02
1.359492187500000000e+02
1.344453125000000000e+02
1.160546875000000000e+02
1.451289062500000000e+02
1.395781250000000000e+02
1.399726562500000000e+02
1.536679687500000000e+02
1.562031250000000000e+02
1.502304687500000000e+02
1.360703125000000000e+02
1.175546875000000000e+02
1.172695312500000000e+02
1.350390625000000000e+02
1.503906250000000000e+02
1.391679687500000000e+02
1.427187500000000000e+02
1.560703125000000000e+02
1.513867187500000000e+02
2.106718750000000000e+02
1.275039062500000000e+02
1.528398437500000000e+02
1.192382812500000000e+02
1.498671875000000000e+02
2.113320312500000000e+02
1.872812500000000000e+02
1.516992187500000000e+02
1.743671875000000000e+02
1.487734375000000000e+02
1.516757812500000000e+02
2.153593750000000000e+02
1.521757812500000000e+02
2.206289062500000000e+02
2.219726562500000000e+02
1.399453125000000000e+02
1.461445312500000000e+02
1.809492187500000000e+02
1.487343750000000000e+02
2.294882812500000000e+02
1.588710937500000000e+02
1.116796875000000000e+02
1.786328125000000000e+02
1.583281250000000000e+02
2.187851562500000000e+02
1.626640625000000000e+02
2.207890625000000000e+02
2.206718750000000000e+02
2.172773437500000000e+02
1.465898437500000000e+02
1.440664062500000000e+02
1.550781250000000000e+02
1.771054687500000000e+02
1.903710937500000000e+02
1.637929687500000000e+02
1.627578125000000000e+02
1.819882812500000000e+02
1.864453125000000000e+02
1.767031250000000000e+02
1.924335937500000000e+02
1.832070312500000000e+02
1.639804687500000000e+02
1.763710937500000000e+02
1.738906250000000000e+02
2.350859375000000000e+02
1.942695312500000000e+02
2.398476562500000000e+02
2.764765625000000000e+02
2.308789062500000000e+02
1.987148437500000000e+02
1.740312500000000000e+02
1.665781250000000000e+02
1.712929687500000000e+02
1.648085937500000000e+02
1.737578125000000000e+02
2.000976562500000000e+02
2.100156250000000000e+02
1.744882812500000000e+02
1.850976562500000000e+02
1.827460937500000000e+02
1.932148437500000000e+02
1.730273437500000000e+02
1.812929687500000000e+02
3.266640625000000000e+02
1.795000000000000000e+02
1.786601562500000000e+02
1.244570312500000000e+02
1.228867187500000000e+02
1.424023437500000000e+02
1.413789062500000000e+02
1.237226562500000000e+02
1.386875000000000000e+02
1.410585937500000000e+02
1.375039062500000000e+02
1.278671875000000000e+02
1.485273437500000000e+02
1.300312500000000000e+02
1.580781250000000000e+02
1.312148437500000000e+02
1.171718750000000000e+02
1.141132812500000000e+02
1.343085937500000000e+02
1.753828125000000000e+02
2.011523437500000000e+02
1.418867187500000000e+02
1.779414062500000000e+02
1.981289062500000000e+02
1.376328125000000000e+02
1.790234375000000000e+02
1.441562500000000000e+02
1.722382812500000000e+02
1.240156250000000000e+02
1.700000000000000000e+02
1.199453125000000000e+02
1.836132812500000000e+02
1.302421875000000000e+02
1.565195312500000000e+02
1.329179687500000000e+02
1.853359375000000000e+02
1.606250000000000000e+02
1.192695312500000000e+02
1.504726562500000000e+02
1.324375000000000000e+02
1.672187500000000000e+02
1.702265625000000000e+02
1.562031250000000000e+02
1.263671875000000000e+02
1.769765625000000000e+02
1.859921875000000000e+02
1.692500000000000000e+02
1.932929687500000000e+02
1.522109375000000000e+02
1.294570312500000000e+02
1.364960937500000000e+02
1.372890625000000000e+02
1.415859375000000000e+02
1.367851562500000000e+02
1.333046875000000000e+02
1.336757812500000000e+02
1.324648437500000000e+02
1.668476562500000000e+02
1.626015625000000000e+02
1.413085937500000000e+02
1.714609375000000000e+02
1.295781250000000000e+02
1.324218750000000000e+02
1.740625000000000000e+02
1.779140625000000000e+02
1.758203125000000000e+02
1.607695312500000000e+02
1.423046875000000000e+02
1.775078125000000000e+02
1.348710937500000000e+02
1.407812500000000000e+02
1.609492187500000000e+02
1.395625000000000000e+02
1.621718750000000000e+02
1.340000000000000000e+02
1.479921875000000000e+02
1.785507812500000000e+02
1.419882812500000000e+02
1.472734375000000000e+02
1.483203125000000000e+02
1.363515625000000000e+02
1.241562500000000000e+02
1.601406250000000000e+02
1.246718750000000000e+02
1.355546875000000000e+02
1.461445312500000000e+02
1.459960937500000000e+02
1.304414062500000000e+02
1.937695312500000000e+02
1.719765625000000000e+02
1.489179687500000000e+02
1.361796875000000000e+02
1.472539062500000000e+02
1.441210937500000000e+02
1.425937500000000000e+02
1.305039062500000000e+02
1.295703125000000000e+02
1.296171875000000000e+02
1.331015625000000000e+02
2.020546875000000000e+02
1.285898437500000000e+02
1.274882812500000000e+02
1.267031250000000000e+02
2.317265625000000000e+02
1.373437500000000000e+02
1.509648437500000000e+02
1.606718750000000000e+02
1.499218750000000000e+02
1.847617187500000000e+02
1.546484375000000000e+02
1.497968750000000000e+02
1.380976562500000000e+02
1.487929687500000000e+02
1.397539062500000000e+02
1.377500000000000000e+02
1.428632812500000000e+02
1.377890625000000000e+02
2.384843750000000000e+02
2.068046875000000000e+02
1.578125000000000000e+02
1.568320312500000000e+02
1.605625000000000000e+02
1.843750000000000000e+02
1.817968750000000000e+02
1.616484375000000000e+02
1.647773437500000000e+02
2.249726562500000000e+02
1.991992187500000000e+02
1.468046875000000000e+02
1.611171875000000000e+02
1.132500000000000000e+02
1.131640625000000000e+02
1.161210937500000000e+02
1.112968750000000000e+02
1.099882812500000000e+02
1.138867187500000000e+02
1.136875000000000000e+02
1.096210937500000000e+02
1.115507812500000000e+02
1.083632812500000000e+02
8.348046875000000000e+01
1.132109375000000000e+02
1.023085937500000000e+02
1.080195312500000000e+02
1.195585937500000000e+02
1.158164062500000000e+02
1.136523437500000000e+02
1.111562500000000000e+02
1.052304687500000000e+02
1.223671875000000000e+02
1.134335937500000000e+02
1.107851562500000000e+02
1.173984375000000000e+02
1.020507812500000000e+02
1.258984375000000000e+02
1.362734375000000000e+02
1.340585937500000000e+02
1.086015625000000000e+02
1.130820312500000000e+02
1.255820312500000000e+02
9.406250000000000000e+01
1.220429687500000000e+02
1.496640625000000000e+02
1.464726562500000000e+02
1.225312500000000000e+02
1.248085937500000000e+02
1.027382812500000000e+02
1.077617187500000000e+02
1.302500000000000000e+02
1.870976562500000000e+02
1.350234375000000000e+02
1.076992187500000000e+02
1.065585937500000000e+02
1.003007812500000000e+02
1.313007812500000000e+02
1.202460937500000000e+02
1.211210937500000000e+02
1.243007812500000000e+02
1.138437500000000000e+02
1.277304687500000000e+02
1.274257812500000000e+02
1.279492187500000000e+02
1.325507812500000000e+02
1.228828125000000000e+02
1.300664062500000000e+02
1.185976562500000000e+02
1.053632812500000000e+02
1.050976562500000000e+02
1.084140625000000000e+02
1.274375000000000000e+02
1.230039062500000000e+02
1.209492187500000000e+02
1.299257812500000000e+02
1.309062500000000000e+02
1.156796875000000000e+02
1.221210937500000000e+02
1.305742187500000000e+02
1.313945312500000000e+02
1.370312500000000000e+02
1.307031250000000000e+02
1.256015625000000000e+02
1.276757812500000000e+02
1.298671875000000000e+02
1.260898437500000000e+02
1.189453125000000000e+02
1.037578125000000000e+02
1.274414062500000000e+02
1.120546875000000000e+02
1.007265625000000000e+02
1.213398437500000000e+02
1.025351562500000000e+02
9.088671875000000000e+01
1.066875000000000000e+02
1.108359375000000000e+02
1.038242187500000000e+02
1.214218750000000000e+02
1.064804687500000000e+02
1.332187500000000000e+02
1.122382812500000000e+02
1.099960937500000000e+02
9.478515625000000000e+01
9.766015625000000000e+01
1.034140625000000000e+02
1.074648437500000000e+02
9.893750000000000000e+01
1.269296875000000000e+02
1.296250000000000000e+02
1.084804687500000000e+02
1.085585937500000000e+02
1.422968750000000000e+02
1.222109375000000000e+02
1.201757812500000000e+02
1.275195312500000000e+02
1.237968750000000000e+02
1.411757812500000000e+02
1.513750000000000000e+02
1.266132812500000000e+02
1.139492187500000000e+02
1.136679687500000000e+02
1.821328125000000000e+02
1.570664062500000000e+02
1.712265625000000000e+02
1.567578125000000000e+02
1.453828125000000000e+02
1.238867187500000000e+02
1.115390625000000000e+02
1.125742187500000000e+02
1.607539062500000000e+02
1.487265625000000000e+02
1.479843750000000000e+02
1.075664062500000000e+02
1.143125000000000000e+02
2.190000000000000000e+02
1.325507812500000000e+02
1.363750000000000000e+02
1.504375000000000000e+02
1.326796875000000000e+02
1.601601562500000000e+02
1.735976562500000000e+02
2.032343750000000000e+02
1.304687500000000000e+02
1.655898437500000000e+02
1.371445312500000000e+02
1.437460937500000000e+02
1.315156250000000000e+02
1.281445312500000000e+02
1.306328125000000000e+02
1.952226562500000000e+02
1.301992187500000000e+02
1.383242187500000000e+02
1.616562500000000000e+02
1.455195312500000000e+02
1.314882812500000000e+02
1.920625000000000000e+02
1.263398437500000000e+02
1.110546875000000000e+02
1.262343750000000000e+02
1.179375000000000000e+02
1.111445312500000000e+02
1.106289062500000000e+02
1.138984375000000000e+02
1.411367187500000000e+02
1.216523437500000000e+02
1.459687500000000000e+02
1.377812500000000000e+02
1.195273437500000000e+02
1.430312500000000000e+02
1.176328125000000000e+02
1.215000000000000000e+02
1.147656250000000000e+02
1.168242187500000000e+02
1.380156250000000000e+02
1.216132812500000000e+02
1.478359375000000000e+02
1.130351562500000000e+02
1.259375000000000000e+02
1.642109375000000000e+02
1.574609375000000000e+02
1.388671875000000000e+02
1.392851562500000000e+02
1.225039062500000000e+02
1.503046875000000000e+02
2.215156250000000000e+02
1.345429687500000000e+02
1.407734375000000000e+02
1.121562500000000000e+02
1.429375000000000000e+02
1.579296875000000000e+02
1.174375000000000000e+02
1.444179687500000000e+02
1.427031250000000000e+02
1.613359375000000000e+02
1.497578125000000000e+02
1.530390625000000000e+02
1.556367187500000000e+02
1.753359375000000000e+02
1.800000000000000000e+02
1.503984375000000000e+02
2.030625000000000000e+02
2.168750000000000000e+02
1.620976562500000000e+02
1.873750000000000000e+02
1.353437500000000000e+02
1.074843750000000000e+02
1.165898437500000000e+02
2.069375000000000000e+02
1.870234375000000000e+02
1.402929687500000000e+02
1.573164062500000000e+02
1.283789062500000000e+02
1.690390625000000000e+02
1.575117187500000000e+02
1.220664062500000000e+02
1.587031250000000000e+02
1.462500000000000000e+02
1.836601562500000000e+02
1.268046875000000000e+02
1.587773437500000000e+02
1.837968750000000000e+02
1.605585937500000000e+02
1.787031250000000000e+02
1.345351562500000000e+02
1.509101562500000000e+02
1.420429687500000000e+02
1.502187500000000000e+02
1.203398437500000000e+02
2.327031250000000000e+02
1.743085937500000000e+02
2.383632812500000000e+02
1.350156250000000000e+02
2.076289062500000000e+02
1.243945312500000000e+02
1.698593750000000000e+02
1.362421875000000000e+02
2.362109375000000000e+02
1.567070312500000000e+02
1.415156250000000000e+02
1.562812500000000000e+02
1.420039062500000000e+02
1.423515625000000000e+02
1.347187500000000000e+02
1.330000000000000000e+02
1.459882812500000000e+02
1.398593750000000000e+02
1.336132812500000000e+02
1.372851562500000000e+02
1.086679687500000000e+02
1.409062500000000000e+02
1.331953125000000000e+02
1.467187500000000000e+02
2.415312500000000000e+02
1.211093750000000000e+02
1.906250000000000000e+02
1.593164062500000000e+02
1.358242187500000000e+02
1.541875000000000000e+02
1.433945312500000000e+02
1.253984375000000000e+02
1.313476562500000000e+02
1.288476562500000000e+02
1.300390625000000000e+02
1.310976562500000000e+02
1.313281250000000000e+02
1.291757812500000000e+02
1.330859375000000000e+02
1.285273437500000000e+02
1.297265625000000000e+02
1.302148437500000000e+02
1.290429687500000000e+02
1.314414062500000000e+02
1.314140625000000000e+02
1.370312500000000000e+02
1.285781250000000000e+02
1.295000000000000000e+02
1.299101562500000000e+02
1.329453125000000000e+02
1.322539062500000000e+02
1.266210937500000000e+02
1.301445312500000000e+02
1.281289062500000000e+02
1.340312500000000000e+02
1.322656250000000000e+02
1.344296875000000000e+02
1.278906250000000000e+02
1.289296875000000000e+02
1.292617187500000000e+02
1.333554687500000000e+02
1.340664062500000000e+02
1.291796875000000000e+02
1.299453125000000000e+02
1.320429687500000000e+02
1.276835937500000000e+02
1.292851562500000000e+02
1.288125000000000000e+02
1.312539062500000000e+02
1.243984375000000000e+02
1.255859375000000000e+02
1.280937500000000000e+02
1.331757812500000000e+02
1.277343750000000000e+02
1.272265625000000000e+02
1.513398437500000000e+02
1.599140625000000000e+02
1.511796875000000000e+02
1.747968750000000000e+02
1.705351562500000000e+02
1.595781250000000000e+02
1.484023437500000000e+02
1.660351562500000000e+02
1.499921875000000000e+02
1.529843750000000000e+02
1.652812500000000000e+02
1.479414062500000000e+02
1.539140625000000000e+02
1.499882812500000000e+02
1.524843750000000000e+02
1.529804687500000000e+02
1.597539062500000000e+02
1.504531250000000000e+02
1.554101562500000000e+02
1.625468750000000000e+02
1.674179687500000000e+02
1.512617187500000000e+02
1.671210937500000000e+02
1.498320312500000000e+02
1.537226562500000000e+02
1.487968750000000000e+02
1.492343750000000000e+02
1.284687500000000000e+02
1.366289062500000000e+02
1.252226562500000000e+02
1.280351562500000000e+02
1.353046875000000000e+02
1.379687500000000000e+02
1.361679687500000000e+02
1.362578125000000000e+02
1.298007812500000000e+02
1.313867187500000000e+02
1.306289062500000000e+02
1.285078125000000000e+02
1.372265625000000000e+02
1.382148437500000000e+02
1.344062500000000000e+02
1.371132812500000000e+02
1.314257812500000000e+02
1.355078125000000000e+02
1.361132812500000000e+02
1.347187500000000000e+02
1.358085937500000000e+02
1.408281250000000000e+02
1.429140625000000000e+02
1.319257812500000000e+02
1.333085937500000000e+02
1.445429687500000000e+02
1.363476562500000000e+02
1.427851562500000000e+02
1.369492187500000000e+02
1.335781250000000000e+02
1.364062500000000000e+02
1.351367187500000000e+02
1.445156250000000000e+02
1.348945312500000000e+02
1.377460937500000000e+02
1.518906250000000000e+02
1.451562500000000000e+02
1.570039062500000000e+02
1.395742187500000000e+02
1.371054687500000000e+02
1.423906250000000000e+02
1.434609375000000000e+02
1.494218750000000000e+02
1.375625000000000000e+02
1.457812500000000000e+02
1.193554687500000000e+02
1.481445312500000000e+02
1.255195312500000000e+02
1.365546875000000000e+02
1.282734375000000000e+02
1.192968750000000000e+02
1.968398437500000000e+02
1.744882812500000000e+02
1.275039062500000000e+02
1.285937500000000000e+02
1.114765625000000000e+02
1.146523437500000000e+02
1.234257812500000000e+02
1.480781250000000000e+02
1.292109375000000000e+02
1.347031250000000000e+02
1.242656250000000000e+02
1.650585937500000000e+02
1.232226562500000000e+02
1.802578125000000000e+02
1.337148437500000000e+02
1.158984375000000000e+02
1.192539062500000000e+02
1.273789062500000000e+02
1.283710937500000000e+02
1.947421875000000000e+02
1.723710937500000000e+02
1.356601562500000000e+02
1.476757812500000000e+02
1.708437500000000000e+02
1.604804687500000000e+02
1.588046875000000000e+02
1.739570312500000000e+02
1.472460937500000000e+02
1.530664062500000000e+02
1.476679687500000000e+02
1.400312500000000000e+02
1.513632812500000000e+02
1.717734375000000000e+02
1.507539062500000000e+02
1.608476562500000000e+02
1.809453125000000000e+02
1.478789062500000000e+02
1.386445312500000000e+02
1.431679687500000000e+02
1.342734375000000000e+02
1.508398437500000000e+02
1.759218750000000000e+02
1.156875000000000000e+02
1.653984375000000000e+02
1.575078125000000000e+02
1.878164062500000000e+02
1.833203125000000000e+02
1.848593750000000000e+02
1.490976562500000000e+02
1.858203125000000000e+02
1.853281250000000000e+02
1.597265625000000000e+02
1.904140625000000000e+02
1.373906250000000000e+02
1.887773437500000000e+02
1.299765625000000000e+02
1.348515625000000000e+02
1.775898437500000000e+02
1.729101562500000000e+02
1.893085937500000000e+02
1.801328125000000000e+02
1.734492187500000000e+02
1.770742187500000000e+02
1.783593750000000000e+02
1.780937500000000000e+02
1.744453125000000000e+02
1.894375000000000000e+02
1.406367187500000000e+02
1.834218750000000000e+02
1.861484375000000000e+02
1.837968750000000000e+02
1.878632812500000000e+02
1.738125000000000000e+02
1.114570312500000000e+02
1.678750000000000000e+02
1.971093750000000000e+02
1.785351562500000000e+02
1.230898437500000000e+02
1.449843750000000000e+02
1.700507812500000000e+02
1.491875000000000000e+02
1.427460937500000000e+02
1.831250000000000000e+02
1.489453125000000000e+02
1.333164062500000000e+02
1.174921875000000000e+02
1.049335937500000000e+02
1.207226562500000000e+02
1.252968750000000000e+02
1.254062500000000000e+02
1.108398437500000000e+02
1.295000000000000000e+02
1.519570312500000000e+02
1.115156250000000000e+02
1.266367187500000000e+02
1.512226562500000000e+02
1.014257812500000000e+02
1.238476562500000000e+02
1.812695312500000000e+02
2.884375000000000000e+02
2.047656250000000000e+02
3.625234375000000000e+02
1.931562500000000000e+02
2.963281250000000000e+02
2.512617187500000000e+02
2.225742187500000000e+02
2.160156250000000000e+02
1.864414062500000000e+02
2.784843750000000000e+02
2.282031250000000000e+02
2.214335937500000000e+02
3.077968750000000000e+02
1.854414062500000000e+02
2.247265625000000000e+02
1.492773437500000000e+02
2.968242187500000000e+02
2.773164062500000000e+02
3.230117187500000000e+02
2.060976562500000000e+02
2.043554687500000000e+02
2.141015625000000000e+02
1.589296875000000000e+02
1.957187500000000000e+02
2.909804687500000000e+02
1.117617187500000000e+02
1.122460937500000000e+02
1.116171875000000000e+02
1.130585937500000000e+02
1.084804687500000000e+02
1.070820312500000000e+02
1.110937500000000000e+02
1.445742187500000000e+02
1.096757812500000000e+02
1.599062500000000000e+02
1.357382812500000000e+02
1.227148437500000000e+02
1.032500000000000000e+02
1.035546875000000000e+02
1.047968750000000000e+02
1.018867187500000000e+02
1.095156250000000000e+02
1.285976562500000000e+02
1.024179687500000000e+02
1.091523437500000000e+02
1.065859375000000000e+02
1.174101562500000000e+02
1.205195312500000000e+02
1.137734375000000000e+02
1.115546875000000000e+02
1.288906250000000000e+02
1.308906250000000000e+02
1.289453125000000000e+02
1.300000000000000000e+02
1.093320312500000000e+02
1.224453125000000000e+02
1.357460937500000000e+02
1.218632812500000000e+02
1.210195312500000000e+02
1.145234375000000000e+02
1.207617187500000000e+02
1.174882812500000000e+02
1.119140625000000000e+02
1.178945312500000000e+02
1.146835937500000000e+02
1.885195312500000000e+02
1.596367187500000000e+02
1.590429687500000000e+02
1.220703125000000000e+02
1.350859375000000000e+02
1.308984375000000000e+02
1.203750000000000000e+02
1.364375000000000000e+02
1.408554687500000000e+02
1.600507812500000000e+02
1.374843750000000000e+02
1.566562500000000000e+02
1.727539062500000000e+02
1.345078125000000000e+02
1.397812500000000000e+02
1.315976562500000000e+02
1.425507812500000000e+02
1.374570312500000000e+02
1.429687500000000000e+02
1.260234375000000000e+02
1.413867187500000000e+02
1.450351562500000000e+02
1.188632812500000000e+02
9.711718750000000000e+01
1.071757812500000000e+02
1.136640625000000000e+02
1.092617187500000000e+02
1.039570312500000000e+02
1.150664062500000000e+02
1.204921875000000000e+02
1.292070312500000000e+02
1.009179687500000000e+02
1.205859375000000000e+02
1.297734375000000000e+02
1.461718750000000000e+02
1.012382812500000000e+02
1.025781250000000000e+02
1.075664062500000000e+02
1.387968750000000000e+02
1.796640625000000000e+02
1.653046875000000000e+02
1.551250000000000000e+02
1.285937500000000000e+02
1.278281250000000000e+02
2.064687500000000000e+02
1.517031250000000000e+02
1.305937500000000000e+02
1.498046875000000000e+02
1.390195312500000000e+02
1.529414062500000000e+02
1.384882812500000000e+02
1.371210937500000000e+02
1.380078125000000000e+02
1.482148437500000000e+02
1.290390625000000000e+02
1.411250000000000000e+02
1.609726562500000000e+02
