9.585180220222080383e-01
9.597704062508609635e-01
9.440337317843119358e-01
9.360262335793649857e-01
9.597139079651982874e-01
9.467189617789117939e-01
9.632873502830059387e-01
9.273791151962587076e-01
9.568211908792245701e-01
9.415971227397881282e-01
9.446531942614126987e-01
9.432497651324946997e-01
9.885744881801585837e-01
9.576614911423451115e-01
9.559394999360713019e-01
9.164964262725826538e-01
8.481710561277693294e-01
9.266796188799059086e-01
9.719758395293279785e-01
9.536585097432741520e-01
9.327976814556702134e-01
9.493987033208173276e-01
8.588454400557015145e-01
9.420500119460105681e-01
9.414550247849371445e-01
9.363111468673654958e-01
9.374316527994723813e-01
9.500255935818053832e-01
9.581057614334941297e-01
9.196650310306044851e-01
9.480968233056091821e-01
9.560051776511195865e-01
9.434916260534884636e-01
9.695505460444605594e-01
9.174741921781444098e-01
8.750208648256538879e-01
9.826920483124839123e-01
9.774651966682350590e-01
9.784745835229985422e-01
9.548120656390186589e-01
9.669180678290121289e-01
9.465516506456759238e-01
9.844388009025324404e-01
9.428353970233140924e-01
9.804126766859039277e-01
9.816693675304610789e-01
9.800837006319031985e-01
9.824178801515874859e-01
9.453771009979976547e-01
9.596872115448854546e-01
9.777045033054501122e-01
9.888153440463509636e-01
9.466177024037956134e-01
9.739093984946038951e-01
9.838894988314683676e-01
9.771869926781204807e-01
9.531488616605090503e-01
9.766470813580229171e-01
9.813854462877926732e-01
9.648896231307055871e-01
9.609066803034022053e-01
9.851517500981237241e-01
9.710715080519236597e-01
9.575131746067845340e-01
9.823472852347701068e-01
9.851856932216727092e-01
9.432559449669196683e-01
9.839029841802567899e-01
9.717316274468423831e-01
9.910493025937487932e-01
9.919626476616275612e-01
9.692031791360067317e-01
9.708370190360141594e-01
9.536045331441239670e-01
9.222316265273530211e-01
9.215181665120224519e-01
9.553442381139376494e-01
9.700702677073329561e-01
9.656628426660931463e-01
9.560710149557862803e-01
9.342470544004299882e-01
9.601279066523309424e-01
9.721677421266432528e-01
9.844315695930092591e-01
9.900887142534462448e-01
9.943716317328088472e-01
9.536593554380385918e-01
9.832854174137091174e-01
9.451492239961344355e-01
9.803783696731660502e-01
9.512860240722336158e-01
9.479491226586255204e-01
9.865503733280681642e-01
9.888953662049065896e-01
9.818310458303840527e-01
9.853963536288312675e-01
9.537096489073639827e-01
9.891434891693778875e-01
9.857963201647813589e-01
9.283923610810830285e-01
9.360362196201519325e-01
9.502990963401753977e-01
9.375141042437391548e-01
9.355765464980725366e-01
9.903513881127348206e-01
9.411256144974419202e-01
9.912120909105831545e-01
9.720357568053459296e-01
9.452755433996892220e-01
9.865362881510550963e-01
8.789992438549438791e-01
9.744652048079240902e-01
9.593749359509413654e-01
9.339310280478607673e-01
9.697434194300247334e-01
8.265583364617625772e-01
9.444711596830985822e-01
9.759602733538621511e-01
9.684610562584553550e-01
9.852213208088103080e-01
9.788073027075214760e-01
9.768333191355573764e-01
9.861232838212377061e-01
9.848369990229015603e-01
9.055531281689106482e-01
9.849120431571609657e-01
9.701310952295787438e-01
9.087989044728335131e-01
8.758600949307155936e-01
9.430929119368407498e-01
9.434016330682839513e-01
9.727819006814790725e-01
9.726240502510918873e-01
9.690067093355676509e-01
9.774851342143395794e-01
9.512887411317088038e-01
8.736836478045879595e-01
9.559161926579571311e-01
9.473034126639805486e-01
9.216010030226919891e-01
9.325677247776830159e-01
9.855850780790862409e-01
9.358187039926859629e-01
9.299812040297963378e-01
9.316367270433233427e-01
9.375604831105830428e-01
8.940308513318482309e-01
9.257429116196044250e-01
8.958827151216384177e-01
9.158372060942305826e-01
9.307752895304161056e-01
8.719985017877236455e-01
8.721894909327794210e-01
8.786564387897355388e-01
8.642508517237625920e-01
8.664308534479404633e-01
9.851261149121814942e-01
9.161830373580368558e-01
9.474774619868946424e-01
9.631366559024037155e-01
8.948826593598712131e-01
9.061021234095802956e-01
9.458959013749834721e-01
9.364939616149690060e-01
9.342796600646182670e-01
9.306887707549824640e-01
9.311176456480878549e-01
9.304487397587535291e-01
9.328148780257103923e-01
9.348809918529645824e-01
9.169186834454563506e-01
9.227511110212358592e-01
9.336619239340773202e-01
9.276172005732832293e-01
8.939902870317526506e-01
9.306516297402911420e-01
9.281975554632206915e-01
9.207780571881165610e-01
9.466900557098860691e-01
9.041798711499814400e-01
9.006999310945924542e-01
8.876643361494938045e-01
9.531643315784337211e-01
8.909079803810630027e-01
8.455208780213825381e-01
9.492887393134901153e-01
8.487543399963355384e-01
8.865483967947054289e-01
9.484458318240409636e-01
8.982003173473748214e-01
9.319576951888562943e-01
9.366690895398072092e-01
8.804373031694032736e-01
9.325529325076288290e-01
9.624834200489158498e-01
9.296506887183655365e-01
9.131103675543391640e-01
8.273160489241890847e-01
9.642364262331553082e-01
9.287991545648177638e-01
9.155165761887953391e-01
9.381974900747660495e-01
8.935105998725860754e-01
8.585883336691131351e-01
9.394229801151666726e-01
9.540993652643168232e-01
9.017737214322234518e-01
9.229777786539181683e-01
9.420509121880008552e-01
8.543151359807473755e-01
8.778672376302035785e-01
8.657650784851602666e-01
9.229274362221313588e-01
9.282577772615976386e-01
9.119198199921172421e-01
9.037535769623896709e-01
8.692918973748757772e-01
7.763509564705255439e-01
8.253872162825942604e-01
8.954864626036465047e-01
9.656040038910616019e-01
9.336209087710156673e-01
9.711921101138960566e-01
9.625781617817202873e-01
9.819289519454865722e-01
9.486226651771871854e-01
8.606406202881504708e-01
9.503373535107353387e-01
9.501332400762929620e-01
9.259596199136859163e-01
9.736979783704963198e-01
8.963761693028261535e-01
9.287529897796917844e-01
9.823204297402927665e-01
9.318692408899229562e-01
9.588359791762244289e-01
8.946716362362587827e-01
9.384519474480483847e-01
9.628071696925618594e-01
9.233928714896395551e-01
8.259204707099752074e-01
9.248222577613420814e-01
8.829968990300005593e-01
9.502488430515450002e-01
9.762941277660951434e-01
8.083950431956749005e-01
7.972518652169389153e-01
8.591056670126112627e-01
9.520468650653441944e-01
8.902706447464669992e-01
8.941263247194255470e-01
9.300558936781373465e-01
8.799456517303285707e-01
9.154442795893205087e-01
8.722187481738588044e-01
8.740494743009461498e-01
8.509232281218278571e-01
9.106214178067538745e-01
8.911288101021654917e-01
9.110065393214742402e-01
8.856484461617966097e-01
8.912493645563165368e-01
9.159853389063070672e-01
9.082770959486323736e-01
9.316128202472413466e-01
9.330368671530575586e-01
9.285942619450615609e-01
8.908709314065845764e-01
9.506492991393600267e-01
8.685278480551339442e-01
9.148448938700461941e-01
8.614106478433593006e-01
9.051091464604933412e-01
8.533561097231054937e-01
9.004197637804252086e-01
9.061208312339796844e-01
8.143660219981256887e-01
9.326780806504215704e-01
8.158489849337605682e-01
8.316170966766553985e-01
8.476574875599883763e-01
9.632088992776121072e-01
9.218774763863162303e-01
9.010861064957216282e-01
8.717994115470524275e-01
8.584664927620122565e-01
8.656358732555815561e-01
9.814037193818712090e-01
9.235502666485418954e-01
7.938424360417950520e-01
8.656748518810661874e-01
9.235649019670439941e-01
8.920656589312981888e-01
8.588254298508036788e-01
9.062798581759279326e-01
9.438155827166890832e-01
9.579974748067761059e-01
8.941777283826475298e-01
8.580562268810609794e-01
8.863660160682569344e-01
9.264913926895036456e-01
9.019216677036309138e-01
9.288789224285496360e-01
9.255785419379241041e-01
9.259200873753846706e-01
8.869878601703478083e-01
8.996270902486513954e-01
9.153119495057093769e-01
9.141137597090545075e-01
9.171640570497721079e-01
8.201959590299466862e-01
9.160629554738157765e-01
8.919694945265375097e-01
9.249562375388244995e-01
8.902444477139501711e-01
9.572973731597789193e-01
9.206385598676974924e-01
8.913098231240937919e-01
9.196994763838042264e-01
8.799691353257628190e-01
9.057254424713836460e-01
8.887078402242014619e-01
8.942286485855333034e-01
9.162662518088029451e-01
8.874301546113489980e-01
8.940856226005063911e-01
8.627421737721605588e-01
8.793903250912465941e-01
8.924256122052500739e-01
9.033430215941860020e-01
8.320415746019234060e-01
9.045390815859262190e-01
8.202104751369584390e-01
9.699692018544355809e-01
9.079163534106489131e-01
9.042589095559627754e-01
8.785269290363979522e-01
8.829376568871987185e-01
8.394726102518175193e-01
8.996639999230517937e-01
9.421608496675215605e-01
8.749567021117463650e-01
9.019427520871916570e-01
9.049745850543482462e-01
9.176166974860332504e-01
8.987217492526684559e-01
8.509014970999991823e-01
8.989324907404725451e-01
9.342582667135876928e-01
9.510668401340709455e-01
9.530912726616471708e-01
9.565136956170159355e-01
9.657378770568600945e-01
9.547012284678466632e-01
9.705196996328309123e-01
9.182783526584288314e-01
8.667907019836005311e-01
9.597060928964917803e-01
8.778772320731661472e-01
9.518933102017664849e-01
9.466168109815593645e-01
9.341496498564287876e-01
9.305383734241018390e-01
9.323802040275696035e-01
9.260504961432201032e-01
9.411459546383279529e-01
9.549975466001439095e-01
9.144088725679110352e-01
9.395997515170474434e-01
9.213725352039785488e-01
9.273847416437744906e-01
9.461031293674529996e-01
9.331796513258052705e-01
9.689772156663674085e-01
8.306653314143861433e-01
8.948636212604785811e-01
9.387362069177282997e-01
8.847188449968117485e-01
9.083534279487521790e-01
8.943083482435880693e-01
9.072691202094786966e-01
8.343983064499616020e-01
8.723575159386781630e-01
7.681934660716160934e-01
8.965680496647844278e-01
9.325021983788862601e-01
8.681403493453774267e-01
9.159761634379621764e-01
9.070899801596772338e-01
9.130304409696019530e-01
8.641670760276114471e-01
8.920281687386566460e-01
8.771627076091318420e-01
8.519283478979888802e-01
8.570892380982004788e-01
8.666583018774361991e-01
8.986189061929658051e-01
8.793365494755063239e-01
8.964526471906000271e-01
9.123567947739679163e-01
8.669434013808032802e-01
8.810030023979638081e-01
8.910656609170497511e-01
9.067662677696917140e-01
8.461634805780545721e-01
9.119011377263350759e-01
8.820407301708759196e-01
9.250620641954558909e-01
8.438676274350785933e-01
9.199270319404848628e-01
9.039197995857907175e-01
8.795537737666410116e-01
8.619111476263714433e-01
8.552476398805309854e-01
8.677535538709245655e-01
8.942013644520534488e-01
9.056360498726239161e-01
8.586050188293905538e-01
8.425422748151762953e-01
8.874833470425360638e-01
9.061323314904294879e-01
9.043634280128258762e-01
9.309001970720139907e-01
8.614261148842372595e-01
9.230892074701003702e-01
9.060142374049207081e-01
7.690144853958739146e-01
8.793367268410802184e-01
9.674764165841664987e-01
8.315444447992195176e-01
9.193390118308482073e-01
9.464907758094163182e-01
8.643953331801295104e-01
9.172067751566258531e-01
8.951286834941408754e-01
8.301280151382273154e-01
8.700692279397873596e-01
8.702867283093064232e-01
8.927696893779436538e-01
8.133500493594096881e-01
8.826628164524017439e-01
8.984973846336545833e-01
7.999540438681275178e-01
7.687527350616709665e-01
9.118329307858131783e-01
8.876252688929961998e-01
8.892539455408206006e-01
8.715065107886234008e-01
9.288251865075500824e-01
8.968462869879177957e-01
9.245601611437090916e-01
8.099222516772237590e-01
8.913753928505669943e-01
9.077435335357391111e-01
8.937712718660341116e-01
9.280880107516209510e-01
9.239944209842283485e-01
9.549914096189193735e-01
9.655474235596817056e-01
8.876396172956505515e-01
9.520895939008291453e-01
9.110697319806648764e-01
9.251055623782238335e-01
9.558390401091918509e-01
9.284031959723073602e-01
9.035754994030433807e-01
8.927006092152729444e-01
8.748627319930277757e-01
8.957292408034432940e-01
9.265128989306141705e-01
9.134759601272527396e-01
9.042667330392208935e-01
9.514157755790833004e-01
8.761922445027450213e-01
9.205391320573123037e-01
9.025020699282209069e-01
9.125254097265032005e-01
9.570116217725461727e-01
9.519004432148399086e-01
8.747589836100986282e-01
9.102429276829210325e-01
9.287148546956051076e-01
9.422649733405051853e-01
9.375388179877761630e-01
9.231470076607968256e-01
9.188026050570324843e-01
9.225198140051855678e-01
8.552017108991205596e-01
9.355513685960714643e-01
9.411250150141139414e-01
9.016191382282325861e-01
8.854183499621048892e-01
8.677818731636266492e-01
9.092337541384126753e-01
8.719656421939510071e-01
9.521687306890761482e-01
9.375003708136540048e-01
8.604551082345917035e-01
9.397152325836999331e-01
8.707140999852465146e-01
9.313966265349333806e-01
9.051027769555113345e-01
8.914902125499889474e-01
9.258527638822822148e-01
8.898902562776918046e-01
9.714352441876896727e-01
8.818942720178672978e-01
9.047509030733251745e-01
9.528288247133720468e-01
8.995892599837483905e-01
9.102360937890485726e-01
9.298833310869165647e-01
9.508442988577784361e-01
8.942455269495871439e-01
9.120790172179223942e-01
8.435232540834598502e-01
8.358102447774535815e-01
8.325407161134890099e-01
8.886296990521258543e-01
8.971242301010142750e-01
7.682113131738445011e-01
8.702668611070378812e-01
9.213828597440305579e-01
8.657114154572176368e-01
7.577943201750079183e-01
9.062905097464973858e-01
9.299618072364521648e-01
8.607311408946026754e-01
8.419545125739018587e-01
9.264474690808628399e-01
9.590679391383329921e-01
9.680036833233345295e-01
9.316148121728966558e-01
9.044300017922858315e-01
9.709651056332784247e-01
9.208067605908728526e-01
9.374107661558778171e-01
9.802919433543938466e-01
9.463546468615788854e-01
8.586710540245774403e-01
7.451642357926853144e-01
8.243780098424864367e-01
7.644666734153203747e-01
8.606651815842651931e-01
9.512812748292643894e-01
8.606391093272930393e-01
9.418188219813103945e-01
8.781413726358826555e-01
9.137134378737140628e-01
9.018978990575508004e-01
8.578212017833640735e-01
9.138258296597108199e-01
9.049772847474861770e-01
8.464961432690950582e-01
9.483697340579728685e-01
8.558682168570711513e-01
8.745392582451663177e-01
9.115277693254062452e-01
9.033364894165578640e-01
9.100104044333380271e-01
9.448473778078638752e-01
9.245253531229833399e-01
9.093338569553648387e-01
9.106112749520067773e-01
9.138762611989750262e-01
8.665054386917290241e-01
9.232802311773515846e-01
8.675793337606638733e-01
8.881340648856151931e-01
9.599882532489516507e-01
9.550474280523406634e-01
9.545236338583862334e-01
9.392971861742211992e-01
9.243236586250542786e-01
9.678310611664144858e-01
9.635897247785472075e-01
9.387711564031098188e-01
9.494996229959006273e-01
9.535659947196363229e-01
9.433025264163774626e-01
9.302840672906071973e-01
9.432261263315009359e-01
9.271747897175424136e-01
9.282473316417607645e-01
9.557261578258748891e-01
9.596114039581240540e-01
9.336990915156115900e-01
9.361486911834701052e-01
9.557972313991589530e-01
9.588395830191106528e-01
9.229498781883100911e-01
9.782187909157926686e-01
9.665305206416834327e-01
9.742837979203342602e-01
9.522620438558946354e-01
9.523880093087786491e-01
9.443065933649537058e-01
9.746409929718214959e-01
9.414794420591743318e-01
9.528008347284333546e-01
9.644008740202854035e-01
9.446198159944363404e-01
9.696637928692571906e-01
9.594458618690662188e-01
9.582198408057955863e-01
9.584723102403294170e-01
9.714525994927920571e-01
9.578958935811270337e-01
9.655410657312006872e-01
9.604155109648149224e-01
9.622299567502097251e-01
9.631971200189688442e-01
9.720237181109963043e-01
9.359797206699624894e-01
9.545638511773488766e-01
9.497069165910082544e-01
9.505219669752844602e-01
9.412203270275567579e-01
9.232673735370868773e-01
9.075530485267266911e-01
9.282096664752743642e-01
9.201719478424290610e-01
9.479731976905080293e-01
9.081771847805736320e-01
9.622715855662899997e-01
9.425578310867321896e-01
9.274820318037541034e-01
9.281155797284368347e-01
9.312252063593801088e-01
9.126322405509432745e-01
9.691016723085265072e-01
9.815071908503574249e-01
9.541549916048678304e-01
9.425161018922810774e-01
9.031304594583837719e-01
9.063173204587012810e-01
9.611790454453967847e-01
9.502621855210928725e-01
9.433095245958678099e-01
9.763045656592534982e-01
9.562589555027298793e-01
9.582546855459042057e-01
9.602914829505325711e-01
9.651258403562471555e-01
9.336173708589339260e-01
9.343099332558171266e-01
9.235483348396702485e-01
9.432093513192383316e-01
9.145802545712244935e-01
9.102081435068758442e-01
9.098277433785654233e-01
9.546633668943225182e-01
9.208285738288435329e-01
9.578605984243445670e-01
8.922679449171100341e-01
9.096762959198615439e-01
8.860476458293262692e-01
9.008076818650702089e-01
9.195689725517706137e-01
9.064031942627949201e-01
9.247626031660949320e-01
9.180588732019190346e-01
9.160301031399482596e-01
9.128732300620695517e-01
8.748443863607100468e-01
8.113041704533356935e-01
8.158319165540404150e-01
7.630847293037589241e-01
8.750263326490222981e-01
9.229992177259094266e-01
8.118057909758489288e-01
9.120502788371944725e-01
8.647335255498853623e-01
8.698639456828585192e-01
8.600402039470342874e-01
8.626815756072604424e-01
9.126168231010475251e-01
8.960302833976827586e-01
9.197215258340424304e-01
9.106270386919977922e-01
8.485511561846050821e-01
9.278005222522197615e-01
9.542965573849884198e-01
7.702271939879676843e-01
9.262861332924052782e-01
8.668917043242732046e-01
8.689446203413879743e-01
7.720674963520308687e-01
9.370284128669599255e-01
9.329797766847138796e-01
9.140422072608578308e-01
9.178320878837675778e-01
9.704113033585270998e-01
9.158511671037491420e-01
9.438521424456751685e-01
9.515348527207392326e-01
8.764777976622141198e-01
9.464156778962958816e-01
8.782726317695804807e-01
9.316926366765473366e-01
9.294540118234395631e-01
9.752370397984865269e-01
9.334949489000430312e-01
9.206954207834971982e-01
9.479041495822008168e-01
9.427805138685090292e-01
9.200603334572790004e-01
9.300948441411831524e-01
9.126768060811134564e-01
9.061992706535476616e-01
9.590932949598216517e-01
9.651299699788979947e-01
9.605582168454613878e-01
9.419689609434449551e-01
9.889492623844963193e-01
9.778522075723362628e-01
9.878161225658839140e-01
8.888367237007059884e-01
9.763593132340869785e-01
9.776356438182234321e-01
9.109188595461401583e-01
9.770383524145620502e-01
9.248053429326669184e-01
9.920161632895627690e-01
9.257288892623020127e-01
9.568040616438857615e-01
9.725074249025154050e-01
9.380630807187310127e-01
9.851051268715872444e-01
9.791994757801241178e-01
9.609717631622117784e-01
9.780170760411703856e-01
9.587188069843074478e-01
9.764399518627731034e-01
9.755836416752229345e-01
9.915419020569531394e-01
9.363750657250484721e-01
9.690280079784809875e-01
9.887288964394469470e-01
9.787072897449843323e-01
9.686560489005431318e-01
8.737989119552300732e-01
8.391872369506890861e-01
8.039566247515537167e-01
7.678774165355544135e-01
7.772737862987758595e-01
8.163882886043674070e-01
8.979304191774312160e-01
7.840607063141161737e-01
8.389972895206823100e-01
8.858120185729829732e-01
8.300447366010962336e-01
8.570741981385215924e-01
8.203848642682017855e-01
8.564280817882151675e-01
8.646268685562981116e-01
8.466213944436915551e-01
8.261679236047301256e-01
8.121870477035902924e-01
8.689248990374214276e-01
8.147273802898313821e-01
8.305515950333699493e-01
7.620968162640125998e-01
7.933705899363938663e-01
8.591810140136004748e-01
7.676180829621866986e-01
7.430327581058103759e-01
6.672441996171005751e-01
7.456274260797524089e-01
7.554936452032335881e-01
8.270306342046238601e-01
7.237154489254188361e-01
7.590879108828406663e-01
7.747058308238717883e-01
7.811323627897126531e-01
8.133080464982181956e-01
7.920106650214276955e-01
8.450104922379378936e-01
8.125484109210192596e-01
7.607693028460871254e-01
8.420583127517430322e-01
7.712737659622936892e-01
8.366629111165514443e-01
7.598487021410256226e-01
7.356104883578462594e-01
8.371664803078811001e-01
7.684185744162945753e-01
8.402558952315977159e-01
8.037522551001314852e-01
7.285240888957705829e-01
8.104644420888592604e-01
8.013932811306695436e-01
7.966625308453243459e-01
9.207188102833571142e-01
9.330909565780849402e-01
9.394937762372126411e-01
9.399130543366058799e-01
9.281985730238334620e-01
9.268712966686181165e-01
9.498935474857856942e-01
9.183178450264983805e-01
9.212862668367092223e-01
8.311058255597278954e-01
8.911470595297271702e-01
8.995104021555372364e-01
9.116058070463330942e-01
9.291656072166534219e-01
9.290035171128838698e-01
9.238990982410691943e-01
9.543020457281915503e-01
9.119346614472194634e-01
9.043053750865379659e-01
9.388605000150860302e-01
9.530033083408306904e-01
9.524133236676390890e-01
9.306290585548560035e-01
9.617215748912700812e-01
8.975736563801666179e-01
9.551789466449005506e-01
9.220259506297998620e-01
9.660729930727167680e-01
9.573500047498342269e-01
9.156549531633648709e-01
9.406475947611843136e-01
9.526783649320473835e-01
9.674462347292949183e-01
9.409992224666090532e-01
9.446217038681190559e-01
9.197257979917008441e-01
9.612263788532047215e-01
9.206741299099996390e-01
9.350787874631953933e-01
9.339909351791733094e-01
9.377622783784437255e-01
9.198277593496555493e-01
9.537099513831115427e-01
9.156714732122324119e-01
9.780099390666575632e-01
9.535548158477258340e-01
9.318899028853965261e-01
9.463204240493698904e-01
9.423863806534895637e-01
9.120486287666267344e-01
9.893311430092512904e-01
9.444153608753254048e-01
9.051248648565477506e-01
9.483415972141788775e-01
9.337737762739547476e-01
9.288072483495419807e-01
9.458115500091226480e-01
9.477816208656848485e-01
9.483063848646868799e-01
9.029767490606392943e-01
9.603470102737985403e-01
9.532728046113901899e-01
8.910581387773326423e-01
9.423600518844862384e-01
8.991219633292006908e-01
8.613295164225791556e-01
9.021458818568561799e-01
9.066258568718293942e-01
8.627797043048386350e-01
8.453417180350337734e-01
9.425351752753859946e-01
8.837811673763857900e-01
9.022598750641368515e-01
9.261469689670082106e-01
9.746908632493942459e-01
9.259117327033110634e-01
9.047674264583691617e-01
9.139747903870980572e-01
9.149146897602228323e-01
9.284097149165784213e-01
9.540508867223473910e-01
8.644378211188530337e-01
8.724363101339379645e-01
8.840209933195197767e-01
9.625271090826472697e-01
8.435460102887690770e-01
8.812633704711467786e-01
8.249283926210140283e-01
8.588614166055822396e-01
8.791056951746847314e-01
9.692768713695347760e-01
8.928665890180735865e-01
8.873632405234388454e-01
8.940887275092828101e-01
9.229629892672054359e-01
8.542624297397134470e-01
8.956640739129115847e-01
