4.091854207436399493e-01
3.950816413894324697e-01
3.988732265166340385e-01
3.926507460861056731e-01
2.270058708414872672e-01
4.076947773972602884e-01
4.178999510763209413e-01
2.755931996086105618e-01
4.127247431506849140e-01
3.978106653620352429e-01
4.026953889432485223e-01
4.064181751467710324e-01
2.431048189823874772e-01
4.135656188845401315e-01
4.040331457925636083e-01
2.876788772015655415e-01
2.857983732876712146e-01
4.080617049902152682e-01
2.330448874755381705e-01
4.226852984344422470e-01
3.897382583170254655e-01
4.038879036203522621e-01
2.744618395303327074e-01
4.074501590019569686e-01
4.052256604696672926e-01
4.061429794520547976e-01
4.161952666340508755e-01
4.313845401174168370e-01
4.259188478473581174e-01
4.189625122309197924e-01
4.253531678082191902e-01
4.191918419765166548e-01
4.158436276908023532e-01
4.453889432485322875e-01
2.299412915851271888e-01
2.401388209393346407e-01
2.549917441291585374e-01
2.616575954011741700e-01
3.872538527397260122e-01
3.445602984344422470e-01
3.183249755381604706e-01
2.968902886497064575e-01
3.826061032289628239e-01
3.016756360078277632e-01
3.695037304305283654e-01
2.303311521526418826e-01
2.407121453033267966e-01
2.472786203522504833e-01
3.357463918786692814e-01
2.611454256360078441e-01
3.799153008806262499e-01
3.900746086105675303e-01
3.456228595890410982e-01
3.572575220156555820e-01
3.712160591976516599e-01
2.543190435420743523e-01
2.754097358121330719e-01
3.816811399217220901e-01
2.577819227005870850e-01
3.454929060665362095e-01
3.502247431506849140e-01
3.776449363992172015e-01
3.528849681996086285e-01
3.450036692759295698e-01
3.801981409001957135e-01
2.434641022504892283e-01
2.798893101761252278e-01
3.716059197651663260e-01
3.732876712328767055e-01
2.486393101761252555e-01
2.468276051859099873e-01
2.489450831702544054e-01
3.107723825831702480e-01
3.087389921722113462e-01
2.740031800391389272e-01
2.732311032289628239e-01
3.049703400195694636e-01
3.208628913894324697e-01
2.899339530332680770e-01
3.191352739726027177e-01
2.567499388454011489e-01
2.913710861056751367e-01
2.704944349315068219e-01
3.010411570450097773e-01
3.230338796477494889e-01
3.247614970645792409e-01
2.789872798434442358e-01
3.234313845401174392e-01
2.354757827788649671e-01
2.660454378669275810e-01
2.631023727984344585e-01
2.271128913894324974e-01
2.840096012720156327e-01
2.731470156555773077e-01
2.739190924657534110e-01
3.007200954011741700e-01
3.056812622309197924e-01
2.939930895303327074e-01
2.662824119373776721e-01
2.300483121330724190e-01
2.294902764187866928e-01
2.642643101761252278e-01
2.943065068493150860e-01
2.723443615459882339e-01
2.792930528375733856e-01
3.054213551859099596e-01
2.962558096868884716e-01
4.122737279843444180e-01
2.495184075342465890e-01
2.990994985322896205e-01
2.333430161448140916e-01
2.932821673189823786e-01
4.135656188845401315e-01
3.664995107632094129e-01
2.968673556751467713e-01
3.412273727984344585e-01
2.911417563600782743e-01
2.968214897260273988e-01
4.214469178082191902e-01
2.977999633072406782e-01
4.317591120352250456e-01
4.343887597847357895e-01
2.738655821917808098e-01
2.859971257338551620e-01
3.541080601761252278e-01
2.910653131115459868e-01
4.490964408023483401e-01
3.109023361056751367e-01
2.185512475538160526e-01
3.495749755381604706e-01
3.098397749510763410e-01
4.281509907045009666e-01
3.183249755381604706e-01
4.320725293542074241e-01
4.318431996086105618e-01
4.252002813111546153e-01
2.868685787671232945e-01
2.819303449119373584e-01
3.034796966731898027e-01
3.465860445205479201e-01
3.725461717221135172e-01
3.205341854207436336e-01
3.185084393346379605e-01
3.561414505870841296e-01
3.648636252446184058e-01
3.457986790606653593e-01
3.765823752446184058e-01
3.585264799412916092e-01
3.209011130136986134e-01
3.451489114481409159e-01
3.402947651663404960e-01
4.600507583170254655e-01
3.801752079256360273e-01
4.693691903131115284e-01
5.410500244618395849e-01
4.518178204500978290e-01
3.888744496086105618e-01
3.405699608610567308e-01
3.259845890410958957e-01
3.352112891389432692e-01
3.225217098825831630e-01
3.400348581213307186e-01
3.915805406066535932e-01
4.109894814090019333e-01
3.414643468688845496e-01
3.622263331702543776e-01
3.576244496086105618e-01
3.781112402152642105e-01
3.386053693737768877e-01
3.547807607632094129e-01
6.392643101761252833e-01
3.512720156555773077e-01
3.496284858121330719e-01
2.435558341487279732e-01
2.404828155577299342e-01
2.786738625244618572e-01
2.766710494129158704e-01
2.421187010763209413e-01
2.714041095890410982e-01
2.760442147749510577e-01
2.690878791585127328e-01
2.502293297455968624e-01
2.906601638943248633e-01
2.544642857142856984e-01
3.093505381604696458e-01
2.567805161448140638e-01
2.292991682974559742e-01
2.233136619373776999e-01
2.628348214285714524e-01
3.432148972602739878e-01
3.936445083170254655e-01
2.776648116438356073e-01
3.482219300391389272e-01
3.877278008806262499e-01
2.693401418786692814e-01
3.503394080234833452e-01
2.821061643835616195e-01
3.370612157534246811e-01
2.426920254403131250e-01
3.326810176125244434e-01
2.347266389432485223e-01
3.593214897260273988e-01
2.548770792563600507e-01
3.063004525440313208e-01
2.601134417808219079e-01
3.626926369863013866e-01
3.143346379647749544e-01
2.334041707436399216e-01
2.944670376712328896e-01
2.591731898238747722e-01
3.272382583170254655e-01
3.331243884540117661e-01
3.056812622309197924e-01
2.472939090019569408e-01
3.463337818003913715e-01
3.639768835616438158e-01
3.312133072407045242e-01
3.782641267123287854e-01
2.978687622309197924e-01
2.533405699608610728e-01
2.671156433463796609e-01
2.686674412915851518e-01
2.770761986301369939e-01
2.676813233855185881e-01
2.608702299412916092e-01
2.615964408023483401e-01
2.592267000978473734e-01
3.265120474559686792e-01
3.182026663405088107e-01
2.765334515655577530e-01
3.355399951076321052e-01
2.535775440313111639e-01
2.591426125244618572e-01
3.406311154598825608e-01
3.481684197651663260e-01
3.440710616438356073e-01
3.146174779843444180e-01
2.784827544031311386e-01
3.473734099804305364e-01
2.639356042074363917e-01
2.755014677103718168e-01
3.149691169275929403e-01
2.731164383561643927e-01
3.173617906066535932e-01
2.622309197651663260e-01
2.896128913894324697e-01
3.494144447162426670e-01
2.778635640900195547e-01
2.882063356164383805e-01
2.902550146771037398e-01
2.668328033268101973e-01
2.429672211350293598e-01
3.133867416829745345e-01
2.439762720156555820e-01
2.652733610567514777e-01
2.859971257338551620e-01
2.857066413894324697e-01
2.552669398238747722e-01
3.791967343444226923e-01
3.365490459882582996e-01
2.914245963796477379e-01
2.664964530332680770e-01
2.881681139921722368e-01
2.820373654598825608e-01
2.790484344422700658e-01
2.553892490215264321e-01
2.535622553816047065e-01
2.536539872798434514e-01
2.604727250489236590e-01
3.954103473581213057e-01
2.516435298434442358e-01
2.494878302348336463e-01
2.479513209393346407e-01
4.534766389432485223e-01
2.687744618395303542e-01
2.954302226027397116e-01
3.144263698630136994e-01
2.933891878669275810e-01
3.615689212328767055e-01
3.026388209393346407e-01
2.931445694716242611e-01
2.702498165362035021e-01
2.911799779843444180e-01
2.734910102739726012e-01
2.695694716242661437e-01
2.795758928571428492e-01
2.696459148727984312e-01
4.667013209393346407e-01
4.047058463796477379e-01
3.088307240704500911e-01
3.069119985322896205e-01
3.142123287671232945e-01
3.608121330724070597e-01
3.557668786692759211e-01
3.163374510763209413e-01
3.224605552837573330e-01
4.402596012720156327e-01
3.898223458904109817e-01
2.872890166340508755e-01
3.152978228962817764e-01
2.216242661448140916e-01
2.214560909980430592e-01
2.272428449119373861e-01
2.178021037181996078e-01
2.152412548923678948e-01
2.228702910958904049e-01
2.224804305283757389e-01
2.145226883561643927e-01
2.182989848336595040e-01
2.120612157534246534e-01
1.633668664383561564e-01
2.215478228962818041e-01
2.002125122309197647e-01
2.113885151663404960e-01
2.339698507827788765e-01
2.266465875733855162e-01
2.224116316046966801e-01
2.175269080234833730e-01
2.059304672211350329e-01
2.394661203522504833e-01
2.219835494129158426e-01
2.168006971624266144e-01
2.297425391389432414e-01
1.997079867906066675e-01
2.463765900195694636e-01
2.666799168297456224e-01
2.623455846379647571e-01
2.125275195694716346e-01
2.212955601761252555e-01
2.457573997064579352e-01
1.840753424657534110e-01
2.388316413894324974e-01
2.928846624266144838e-01
2.866392490215264321e-01
2.397871819960861184e-01
2.442438233855185881e-01
2.010533879647749544e-01
2.108839897260273988e-01
2.548923679060665637e-01
3.661402274951076063e-01
2.642337328767123128e-01
2.107616805283757389e-01
2.085295376712328896e-01
1.962833292563600784e-01
2.569486912915851518e-01
2.353152519569471635e-01
2.370275807240704580e-01
2.432500611545988234e-01
2.227862035225048887e-01
2.499617783757338563e-01
2.493655210371819864e-01
2.503898605675146660e-01
2.593948752446184058e-01
2.404751712328767055e-01
2.545330846379647571e-01
2.320893468688845496e-01
2.061903742661448102e-01
2.056705601761252555e-01
2.121605919765166270e-01
2.493884540117416726e-01
2.407121453033267966e-01
2.366912304305283654e-01
2.542578889432485223e-01
2.561766144814089929e-01
2.263790362035225101e-01
2.389845278864970723e-01
2.555268468688845496e-01
2.571321550880626416e-01
2.681629158512719990e-01
2.557791095890410982e-01
2.457956213307240789e-01
2.498547578277886538e-01
2.541432240704500911e-01
2.467511619373776999e-01
2.327696917808219079e-01
2.030485567514677125e-01
2.493960983365949013e-01
2.192851027397260399e-01
1.971165606653620395e-01
2.374556629158512677e-01
2.006558830724070319e-01
1.778605063600782743e-01
2.087818003913894382e-01
2.169000733855185881e-01
2.031785102739726012e-01
2.376161937377690714e-01
2.083766511741682870e-01
2.607020547945205213e-01
2.196443860078277910e-01
2.152565435420743523e-01
1.854895425636007844e-01
1.911157656555773077e-01
2.023758561643835552e-01
2.103030210371819864e-01
1.936154598825831630e-01
2.483946917808219079e-01
2.536692759295499089e-01
2.122905454990215157e-01
2.124434319960861184e-01
2.784674657534246811e-01
2.391603473581213335e-01
2.351776541095890460e-01
2.495489848336595040e-01
2.422639432485322875e-01
2.762735445205479201e-01
2.962328767123287854e-01
2.477755014677103795e-01
2.229926002935420648e-01
2.224422089041095951e-01
3.564242906066535932e-01
3.073706580234833452e-01
3.350813356164383805e-01
3.067667563600782743e-01
2.845064823874755566e-01
2.424397627201565486e-01
2.182760518590998178e-01
2.203017979452054909e-01
3.145869006849315030e-01
2.910500244618395294e-01
2.895976027397260122e-01
2.105017734833659615e-01
2.237035225048923659e-01
4.285714285714285476e-01
2.593948752446184058e-01
2.668786692759295698e-01
2.943982387475538309e-01
2.596471379647749544e-01
3.134249633072406782e-01
3.397214408023483401e-01
3.977189334637964979e-01
2.553204500978473734e-01
3.240505748532289676e-01
2.683846012720156327e-01
2.813035102739726012e-01
2.573691291585127328e-01
2.507720768101761033e-01
2.556415117416829808e-01
3.820404231898238967e-01
2.547929916829745345e-01
2.706931873776908248e-01
3.163527397260273988e-01
2.847740337573385627e-01
2.573156188845401315e-01
3.758561643835616195e-01
2.472403987279843396e-01
2.173281555772994256e-01
2.470340019569471635e-01
2.307974559686888361e-01
2.175039750489236867e-01
2.164949241682974646e-01
2.228932240704500911e-01
2.761971012720156327e-01
2.380672089041095951e-01
2.856531311154598685e-01
2.696306262230919737e-01
2.339086961839530465e-01
2.799045988258316853e-01
2.302011986301369939e-01
2.377690802348336463e-01
2.245902641878669281e-01
2.286188233855185881e-01
2.700892857142856984e-01
2.379907656555773077e-01
2.893071183953033199e-01
2.212038282778865106e-01
2.464530332681017510e-01
3.213521281800391649e-01
3.081427348336595040e-01
2.717557485322896205e-01
2.725736912915851518e-01
2.397336717221134894e-01
2.941383317025440536e-01
4.334943737769080263e-01
2.632934809197651771e-01
2.754861790606653593e-01
2.194838551859099873e-01
2.797211350293541954e-01
3.090600538160469535e-01
2.298189823874755289e-01
2.826183341487280010e-01
2.792624755381604706e-01
3.157259050880626416e-01
2.930681262230919737e-01
2.994893590998042865e-01
3.045728351272015688e-01
3.431231653620352429e-01
3.522504892367905871e-01
2.943217954990215435e-01
3.973825831702543776e-01
4.244129158512719990e-01
3.172165484344422470e-01
3.666829745596869028e-01
2.648605675146771254e-01
2.103412426614481301e-01
2.281601638943248633e-01
4.049657534246575152e-01
3.659949853228962602e-01
2.745459271037182236e-01
3.078598948140900404e-01
2.512307363013698835e-01
3.308005136986301165e-01
3.082421110567514777e-01
2.388775073385518699e-01
3.105736301369863006e-01
2.862035225048923937e-01
3.594132216242661437e-01
2.481500733855185881e-01
3.107188723091976468e-01
3.596807729941291498e-01
3.142046844422700658e-01
3.497125733855185881e-01
2.632781922700587196e-01
2.953232020547945091e-01
2.779705846379647571e-01
2.939701565557730212e-01
2.354987157534246534e-01
4.553877201565557642e-01
3.411127079256360273e-01
4.664643468688845496e-01
2.642184442270058553e-01
4.063187989236790587e-01
2.434335249510763133e-01
3.324058219178082085e-01
2.666187622309197924e-01
4.622523238747553997e-01
3.066673801369863006e-01
2.769386007827788765e-01
3.058341487279843673e-01
2.778941413894324697e-01
2.785744863013698835e-01
2.636374755381604706e-01
2.602739726027397116e-01
2.856913527397260122e-01
2.736974070450097773e-01
2.614741316046966801e-01
2.686597969667319230e-01
2.126574730919765233e-01
2.757460861056751367e-01
2.606561888454011489e-01
2.871208414872798431e-01
4.726638943248532287e-01
2.370046477495107717e-01
3.730430528375733856e-01
3.117737891389432692e-01
2.658008194716242611e-01
3.017367906066535932e-01
2.806155210371820141e-01
2.453981164383561564e-01
2.570404231898238967e-01
2.521480552837573330e-01
2.544795743639921559e-01
2.565511863992172015e-01
2.570022015655577530e-01
2.527901785714285476e-01
2.604421477495107440e-01
2.515212206457925759e-01
2.538680283757338563e-01
2.548235689823874495e-01
2.525302715264187703e-01
2.572238869863013866e-01
2.571703767123287854e-01
2.681629158512719990e-01
2.516205968688845496e-01
2.534246575342465890e-01
2.542273116438356073e-01
2.601669520547945091e-01
2.588139065557730212e-01
2.477907901174168370e-01
2.546859711350293320e-01
2.507414995107631883e-01
2.622920743639921559e-01
2.588368395303327074e-01
2.630717954990215435e-01
2.502751956947162348e-01
2.523085861056751367e-01
2.529583537181996356e-01
2.609696061643835829e-01
2.623608732876712146e-01
2.527978228962817764e-01
2.542961105675146660e-01
2.584011130136986134e-01
2.498700464774951113e-01
2.530042196673190080e-01
2.520792563600782743e-01
2.568569593933464068e-01
2.434411692759295420e-01
2.457650440313111639e-01
2.506727005870841296e-01
2.606179672211350051e-01
2.499694227005870850e-01
2.489756604696673203e-01
2.961640777886497267e-01
3.129433708414872672e-01
2.958506604696672926e-01
3.420682485322896205e-01
3.337282901174168370e-01
3.122859589041095951e-01
2.904155454990215435e-01
3.249220278864970446e-01
2.935267857142856984e-01
2.993823385518590841e-01
3.234466731898238967e-01
2.895135151663404960e-01
3.012016878669275810e-01
2.935191413894324697e-01
2.984038649706458046e-01
2.993746942270058553e-01
3.126299535225048887e-01
2.944288160469667459e-01
3.041294642857143016e-01
3.180956457925636083e-01
3.276281188845401315e-01
2.960111912915851518e-01
3.270471501956946914e-01
2.932133683953033199e-01
3.008271159491193725e-01
2.911876223091976468e-01
2.920437866927593218e-01
2.514065557729941447e-01
2.673755503913894382e-01
2.450541218199608628e-01
2.505580357142856984e-01
2.647841242661448380e-01
2.699975538160469535e-01
2.664735200587083908e-01
2.666493395303327074e-01
2.540132705479452024e-01
2.571168664383561842e-01
2.556338674168297520e-01
2.514829990215264321e-01
2.685451320939334363e-01
2.704791462818003644e-01
2.630259295499021710e-01
2.683234466731898027e-01
2.571933096868884716e-01
2.651816291585127328e-01
2.663664995107631883e-01
2.636374755381604706e-01
2.657702421722113462e-01
2.755931996086105618e-01
2.796752690802348229e-01
2.581717832681017510e-01
2.608778742661448380e-01
2.828629525440313208e-01
2.668251590019569686e-01
2.794230063600782743e-01
2.680023850293541954e-01
2.614053326810176214e-01
2.669398238747553997e-01
2.644554182974559464e-01
2.828094422700587196e-01
2.639814701565557642e-01
2.695618272994129150e-01
2.972419275929549798e-01
2.840631115459882339e-01
3.072483488258316853e-01
2.731393713307240789e-01
2.683081580234833452e-01
2.786509295499021710e-01
2.807454745596869028e-01
2.924107142857143016e-01
2.692025440313111639e-01
2.852862035225048887e-01
2.335723458904109540e-01
2.899110200587083908e-01
2.456350905088062753e-01
2.672303082191780921e-01
2.510243395303327074e-01
2.334576810176125228e-01
3.852051736790606529e-01
3.414643468688845496e-01
2.495184075342465890e-01
2.516511741682974646e-01
2.181537426614481301e-01
2.243685787671232945e-01
2.415377323874755289e-01
2.897810665362035021e-01
2.528589774951076063e-01
2.636068982387475557e-01
2.431812622309197647e-01
3.230109466731898027e-01
2.411402274951076341e-01
3.527550146771037398e-01
2.616728840508806275e-01
2.268071183953033199e-01
2.333735934442270066e-01
2.492737891389432414e-01
2.512154476516634261e-01
3.811001712328767055e-01
3.373211227984344585e-01
2.654797578277886538e-01
2.889937010763209413e-01
3.343321917808219079e-01
3.140517979452054909e-01
3.107723825831702480e-01
3.404247186888453847e-01
2.881528253424657793e-01
2.995428693737768877e-01
2.889784124266144838e-01
2.740337573385518422e-01
2.962099437377690991e-01
3.361515410958904049e-01
2.950174290606653593e-01
3.147703644814089929e-01
3.541004158512719990e-01
2.893912059686888361e-01
2.713200220156555820e-01
2.801721501956946914e-01
2.627660225048923937e-01
2.951856042074363917e-01
3.442698140900195547e-01
2.263943248532289676e-01
3.236760029354207591e-01
3.082344667318982490e-01
3.675467832681017510e-01
3.587481653620352429e-01
3.617600293542074241e-01
2.917762353228962602e-01
3.636405332681017510e-01
3.626773483365949291e-01
3.125764432485322875e-01
3.726302592954990334e-01
2.688661937377690991e-01
3.694272871819960780e-01
2.543572651663404960e-01
2.638973825831702480e-01
3.475339408023483401e-01
3.383760396281800253e-01
3.704669153620352429e-01
3.525103962818003644e-01
3.394309564579256477e-01
3.465248899217220901e-01
3.490398727984344585e-01
3.485200587084148482e-01
3.413802592954990334e-01
3.707191780821917915e-01
2.752186276908023532e-01
3.589469178082191902e-01
3.642826565557730212e-01
3.596807729941291498e-01
3.676385151663404960e-01
3.401418786692759211e-01
2.181155210371819864e-01
3.285225048923678948e-01
3.857326320939334363e-01
3.493838674168297520e-01
2.408803204500978568e-01
2.837267612524461691e-01
3.327803938356164171e-01
2.919520547945205213e-01
2.793465631115459868e-01
3.583659491193737501e-01
2.914781066536203391e-01
2.608931629158512955e-01
2.299260029354207313e-01
2.053494985322896205e-01
2.362478595890410982e-01
2.451993639921722090e-01
2.454134050880626139e-01
2.169077177103718168e-01
2.534246575342465890e-01
2.973718811154598685e-01
2.182301859099804175e-01
2.478213674168297520e-01
2.959347480430528643e-01
1.984848948140900127e-01
2.423633194716242611e-01
3.547348948140900404e-01
5.644569471624266699e-01
4.007155088062622217e-01
7.094392123287671659e-01
3.779965753424657793e-01
5.798984833659490690e-01
4.917059075342465890e-01
4.355659858121330719e-01
4.227311643835616195e-01
3.648559809197651771e-01
5.449792074363992711e-01
4.465814579256360273e-01
4.333338429549902227e-01
6.023422211350293320e-01
3.628990337573385627e-01
4.397780088062622217e-01
2.921278742661448380e-01
5.808693126223092307e-01
5.426935543052837652e-01
6.321168664383561842e-01
4.033222235812133349e-01
3.999128546966732034e-01
4.189854452054794787e-01
3.110170009784735679e-01
3.830112524461839474e-01
5.694334026418786943e-01
2.187117783757338563e-01
2.196596746575342485e-01
2.184289383561643927e-01
2.212496942270058831e-01
2.122905454990215157e-01
2.095538772015655693e-01
2.174045988258317130e-01
2.829241071428571508e-01
2.146297089041095951e-01
3.129280821917808098e-01
2.656326443248532287e-01
2.401464652641878694e-01
2.020547945205479479e-01
2.026510518590998178e-01
2.050819471624266144e-01
1.993869251467710324e-01
2.143162915851271888e-01
2.516588184931506933e-01
2.004265533268101696e-01
2.136053693737769155e-01
2.085830479452054909e-01
2.297654721135029277e-01
2.358503546966732034e-01
2.226486056751467713e-01
2.183066291585127328e-01
2.522321428571428492e-01
2.561460371819960780e-01
2.523391634050880517e-01
2.544031311154598685e-01
2.139570083170254378e-01
2.396190068493150582e-01
2.656479329745596862e-01
2.384800024461839474e-01
2.368288282778865106e-01
2.241163160469667182e-01
2.363243028375733856e-01
2.299183586105675026e-01
2.190099070450097773e-01
2.307133683953033199e-01
2.244297333659491245e-01
3.689227617416829808e-01
3.124006237769080263e-01
3.112386863992172015e-01
2.388851516634050987e-01
2.643560420743639727e-01
2.561613258317025354e-01
2.355675146771037121e-01
2.670009784735812297e-01
2.756467098825831630e-01
3.132109222113502733e-01
2.690496575342465890e-01
3.065680039138943269e-01
3.380702666340508755e-01
2.632246819960861184e-01
2.735445205479452024e-01
2.575296599804305364e-01
2.789643468688845496e-01
2.689961472602739878e-01
2.797822896281800253e-01
2.466212084148728112e-01
2.766863380626223279e-01
2.838261374755381428e-01
2.326091609589041043e-01
1.900532045009784843e-01
2.097373409980430592e-01
2.224345645792563664e-01
2.138194104696673203e-01
2.034384173189823786e-01
2.251788772015655693e-01
2.357968444227005744e-01
2.528513331702543776e-01
1.974911325831702480e-01
2.359803082191780921e-01
2.539597602739726012e-01
2.860506360078277632e-01
1.981179672211350329e-01
2.007399706457925759e-01
2.105017734833659615e-01
2.716181506849315030e-01
3.515930772994129150e-01
3.234925391389432692e-01
3.035714285714285476e-01
2.516511741682974646e-01
2.501528864970645749e-01
4.040484344422700658e-01
2.968750000000000000e-01
2.555650684931506933e-01
2.931598581213307186e-01
2.720538772015655415e-01
2.992982509784735679e-01
2.710142490215264321e-01
2.683387353228962602e-01
2.700739970645792409e-01
2.900486179060665637e-01
2.525226272015655415e-01
2.761741682974559464e-01
3.150149828767123128e-01
