2.089880270850694444e-01
2.337442781558711213e-01
1.882843708699548646e-01
1.842363530139032035e-01
5.985346651247367422e-01
2.008258382643522411e-01
1.973815500910237608e-01
3.981063409567222600e-01
1.887402090861711457e-01
2.002938570947907226e-01
1.977862734586329496e-01
1.959936151823395145e-01
6.359180285422821877e-01
1.929040180580023911e-01
1.862043728164101408e-01
3.396010960802213208e-01
3.573327765325438055e-01
1.502285166622888413e-01
6.551552702933591821e-01
1.816289989716043940e-01
2.074267596580204320e-01
2.054484070152422515e-01
4.386481566181584801e-01
1.727565333331420871e-01
1.778750029225353579e-01
1.775600357574432242e-01
1.615894616663810512e-01
1.595844444993536615e-01
1.840399789847009804e-01
1.827034043821231801e-01
1.773081050806311620e-01
2.068259250173751507e-01
1.715333427349684248e-01
1.609176984491033080e-01
5.944766233970051328e-01
5.472569104851584543e-01
6.293516723191288076e-01
5.806351619119217711e-01
3.497111195312751497e-01
3.907212269329324861e-01
4.141888396758987012e-01
4.391373662318648896e-01
3.506439980339950968e-01
4.160591389062041623e-01
3.776584130780313298e-01
7.023122035559167253e-01
6.694864279029266729e-01
6.457879045808389007e-01
4.111803948492499527e-01
5.586636060965075590e-01
3.719834776407718868e-01
3.684687304599465474e-01
4.104318611548410378e-01
3.897628661835008668e-01
3.767208224531255478e-01
6.017405421192350001e-01
5.019913301829848074e-01
3.584532948571420019e-01
5.966089320297468523e-01
3.936262539918079506e-01
3.890738827651347154e-01
3.613819290945939899e-01
3.807687869212801890e-01
4.172525997067588754e-01
3.612744421557566032e-01
6.470293463742519124e-01
4.774300401762814339e-01
3.776709003443021739e-01
3.589552818016278346e-01
6.488519877082410403e-01
6.601235998189149967e-01
6.181173406763196265e-01
6.136952855422974640e-01
5.763816103264512991e-01
5.532329389611178039e-01
5.641267045026318039e-01
5.883668765740047712e-01
5.649365433750724863e-01
6.074385427594001241e-01
5.684381537655284200e-01
5.960490280422796605e-01
6.011404049478465961e-01
6.254789902765014453e-01
6.589169577934154143e-01
5.962882159608218213e-01
6.031972289621578831e-01
6.235211696041925711e-01
5.830465493657158715e-01
6.513365662935151068e-01
6.267646526123433759e-01
6.198556900522204094e-01
6.893774924687100514e-01
5.937534747869763763e-01
6.157633695138015062e-01
6.130899580943559579e-01
5.673865384755045760e-01
5.350844856587916309e-01
5.762049025311855033e-01
6.337973133570956596e-01
6.609168053963025979e-01
6.370155366666091501e-01
6.131498276816985671e-01
5.801366864564008186e-01
5.968019634018156827e-01
6.049757599206930792e-01
4.324866448194971680e-01
4.650200308761940904e-01
2.855379505766638126e-01
5.269189520743688959e-01
4.757833995617947731e-01
4.892467625990967184e-01
4.514357725216033845e-01
2.606099966303772608e-01
2.587655547454565386e-01
4.432640893922713543e-01
3.172064288657691078e-01
4.439772614014230179e-01
4.533486326064024574e-01
2.508010307689502727e-01
4.563028577125466945e-01
2.456733899538372790e-01
2.369360871873554264e-01
5.253768061880706997e-01
4.921717603471725266e-01
2.901847100545387192e-01
4.836392021939718289e-01
2.353880192976020580e-01
3.917454931530992557e-01
5.277945751840528166e-01
3.052695536685559596e-01
3.719676326787021425e-01
2.510083588146166389e-01
3.838154947442636300e-01
2.428582674614110926e-01
2.461672871713982969e-01
2.196791188911258463e-01
4.602899408486503807e-01
4.793780258755556689e-01
3.985276031191112289e-01
3.523734632228657793e-01
3.053675810670264390e-01
4.478475991964415703e-01
4.408069954070064633e-01
3.305280258607736776e-01
3.201842450961038811e-01
3.160618911354049487e-01
2.952466911140560479e-01
3.212758675412226705e-01
4.332529178472481202e-01
3.584312391944015630e-01
3.579060869123992794e-01
1.645570032673513705e-01
2.382226441781907789e-01
1.563322559768893782e-01
1.226176944274306596e-01
1.743852767375883572e-01
3.013714343371663995e-01
3.300300915716897765e-01
3.699007851224474508e-01
3.459758771647391540e-01
4.115846512672367563e-01
3.714873444584890216e-01
2.675427655433580965e-01
2.600978781920214034e-01
3.321197982281494654e-01
3.114383896439478772e-01
3.169785382621471692e-01
2.901377928932679096e-01
3.610724258762350591e-01
3.112845485134173584e-01
9.509713197131379470e-02
3.547439619593214521e-01
3.178451336597261645e-01
5.651362737237322076e-01
4.654984616008072118e-01
3.851594466762634505e-01
4.136427454709182827e-01
5.094621175999601848e-01
4.433152992358438960e-01
3.909290101961250263e-01
4.377300820510182100e-01
5.259868941086238703e-01
4.007353304386451209e-01
4.723385276578886960e-01
3.526340697524834589e-01
5.048743273440664536e-01
5.691381039319266533e-01
6.095611262398297203e-01
4.832399508942505917e-01
2.990996982204459642e-01
2.582185650317757597e-01
4.379927702828482206e-01
2.723011766843839720e-01
2.843616327765078888e-01
4.662577559573335417e-01
4.128603743335340637e-01
4.790841839319306406e-01
3.932454604708259249e-01
6.681221217305187698e-01
3.693375254172355238e-01
6.580746645618388291e-01
3.688701420604245662e-01
6.543324617370224194e-01
3.893419884789929841e-01
5.386383618514487548e-01
3.874153202836482235e-01
4.149444334178034599e-01
6.221188876020300462e-01
4.178611244964973159e-01
4.971831505770339388e-01
4.051959875617819340e-01
4.517356491084479897e-01
4.282855280836525558e-01
5.877722853545909176e-01
3.758625915842683796e-01
4.434077571028763320e-01
3.649261196885690284e-01
3.377368015227127929e-01
3.733734106939498032e-01
5.974866019751017276e-01
5.962290512377563800e-01
5.484634951281051052e-01
5.932025955854293153e-01
5.880173554367467137e-01
6.329942477238968968e-01
5.836122003884798293e-01
5.434944279920795873e-01
5.493370180852008566e-01
5.314557871885642326e-01
5.646837712513413932e-01
5.397613468932471736e-01
6.407776009272070361e-01
6.514069582582815432e-01
5.053034863226794071e-01
5.042485743161113643e-01
5.000555469146777954e-01
5.346296858047732137e-01
5.715403826665799158e-01
4.786291493984139445e-01
5.852210938676304375e-01
5.303146691738492846e-01
5.432998815154529426e-01
5.830048538007174264e-01
5.160712615766488431e-01
6.145493993251407439e-01
4.858471016062214654e-01
3.789826193564370671e-01
4.396478206167767078e-01
4.729325330384985815e-01
5.753754305011462566e-01
5.836814506415702875e-01
6.327666477319628946e-01
5.173682397410728218e-01
5.795789349073212637e-01
5.908251659790061394e-01
4.801143792632578400e-01
5.087883208465230345e-01
5.817147027421041283e-01
2.747584370310352520e-01
3.069754074134620758e-01
5.449022558078119305e-01
5.646311864693706051e-01
4.706240590777018840e-01
5.052956918485467241e-01
5.338365428321323325e-01
6.542206242325295795e-01
6.046866522656827447e-01
5.163666185038207068e-01
5.406047039604774396e-01
2.927947779705242226e-01
5.623296449375904116e-01
5.341160203692548736e-01
5.815561557908409673e-01
3.217223151272346482e-01
5.859059972548701367e-01
5.223764382278598406e-01
4.942982679327043161e-01
5.709829477366428208e-01
4.025697757993916270e-01
5.204427246541509788e-01
4.323802796961250805e-01
5.755590490293426287e-01
4.931106167076406144e-01
4.829092400967536225e-01
5.842783765193410028e-01
5.300262728332247875e-01
5.748720051836059275e-01
3.408123049397982496e-01
3.428398257156731743e-01
4.230406446059210013e-01
4.848828692586602540e-01
4.889227880870422038e-01
3.874664226335821637e-01
3.922533949660282349e-01
5.310115539874439294e-01
5.088332404261792785e-01
3.286865732443038923e-01
3.433332644681073020e-01
4.631780441736271792e-01
4.297471839528371196e-01
6.764545679267843781e-01
6.589130293094791480e-01
6.650765798732245493e-01
6.805534346701012094e-01
6.825738954682318838e-01
6.495923252560449335e-01
6.640676095410034119e-01
6.860898620866019426e-01
6.797718285630380830e-01
6.909292092196922530e-01
7.079841284951441382e-01
6.610028225705698590e-01
6.989420057625068683e-01
6.997366818986268111e-01
6.065516751477366686e-01
6.958113037881562546e-01
6.622194391909856925e-01
6.569960568374049181e-01
7.043863513301347190e-01
5.872348636458087912e-01
6.629082434837118010e-01
6.530140491560724181e-01
5.552760554393321168e-01
6.790301848400907003e-01
5.542670005157047664e-01
5.052916909575720927e-01
4.962819509280793628e-01
6.448271506929434960e-01
6.324180340373077858e-01
6.451246275776973960e-01
6.717677414225559085e-01
6.717490317165295544e-01
4.764669334258703759e-01
6.469295294732555490e-01
6.441449232558863480e-01
6.363295812886685665e-01
6.737419660524855969e-01
6.617784116357359192e-01
5.864640701911567611e-01
4.015259044509071895e-01
6.676482324500916388e-01
6.524522774803418468e-01
6.828604377308823414e-01
6.059035165017609970e-01
6.352700381183243872e-01
6.395233582164717712e-01
6.069027231840840031e-01
6.357194298852664183e-01
6.499001417205838571e-01
5.928460810826405858e-01
6.329017269616681318e-01
6.298165942031197506e-01
6.330020235060642708e-01
6.168596376526360725e-01
6.541083632858162300e-01
6.206271838256804951e-01
5.937150036448238799e-01
6.720767720821859692e-01
6.244034515942418206e-01
6.229247342496888606e-01
6.450893548673330979e-01
6.452528049776573571e-01
6.202720329741316929e-01
6.054431218945753868e-01
6.540783659958260277e-01
6.067882951300965777e-01
6.185029941116009233e-01
5.378249214613105567e-01
6.132202802618285098e-01
5.659816223455471640e-01
5.595730698134714354e-01
6.127404923419994542e-01
5.557130653255401009e-01
6.479305795961758374e-01
5.975677982964886503e-01
6.100898945120384331e-01
6.381075782211064196e-01
5.996331923481712511e-01
6.650563545752954386e-01
6.455609393750598723e-01
5.845492226752162512e-01
6.486579930984771591e-01
5.576042284406295124e-01
5.316762045051811603e-01
6.309249846726188160e-01
6.632162333019988587e-01
6.306605967763962983e-01
6.271926306234757442e-01
6.052550858861051042e-01
6.363073159105595566e-01
6.544133532447824475e-01
6.443473791787097671e-01
5.507054779233540032e-01
5.049218528046400811e-01
6.042010603883989361e-01
6.015471950299291493e-01
6.092453397464615561e-01
6.386935106559433750e-01
6.473671673228451606e-01
5.970596139417068127e-01
5.327333667863423106e-01
5.388969436897443899e-01
5.932231674599705018e-01
6.196195144364788909e-01
5.041060970443597133e-01
5.533259846054242592e-01
5.905797428142399719e-01
6.225342218366743952e-01
5.634969207464375351e-01
4.758718132277444668e-01
5.547550900854258948e-01
4.663911511161907830e-01
5.671755528025071991e-01
4.627040743781597465e-01
5.034239663422027666e-01
6.198860426874822638e-01
5.907427238918419032e-01
3.531267070141085318e-01
5.328128496195121411e-01
5.813042825655621026e-01
6.500145178002004753e-01
6.278957601634681529e-01
2.504571443930253549e-01
5.777578253437614109e-01
5.530523183213931215e-01
5.581965444510876839e-01
4.720670989820762720e-01
4.968401696069317808e-01
5.332581536640611519e-01
4.253719071799986762e-01
5.366622400408764815e-01
5.438760121587545848e-01
5.220864311197294105e-01
5.053726148386398220e-01
5.508653345256206979e-01
5.005304970847839208e-01
5.029598637322180155e-01
3.402451993875523772e-01
5.313006907933376377e-01
4.762088220563335805e-01
4.006414313659987791e-01
5.528648721951483491e-01
5.236568543575171875e-01
3.749914475422941318e-01
5.888144174614130533e-01
6.409937540279183610e-01
5.755597184212940531e-01
5.556786915928484394e-01
7.021364123476077079e-01
6.697316193803897200e-01
6.758543210165686155e-01
5.152483636243265774e-01
6.095695327113493933e-01
5.906452705960575367e-01
5.947168089222281129e-01
6.341275209002430469e-01
5.987534896772050974e-01
6.407582911045486274e-01
6.795367638677861644e-01
6.289033391938038120e-01
6.790793756204918097e-01
6.042606321509338407e-01
6.338768768217005745e-01
6.187277233569826729e-01
6.486704909640954586e-01
6.073754947001088755e-01
5.178074161076391402e-01
5.205916319818848503e-01
5.549974695413247838e-01
5.957874353451411142e-01
5.569448209281762097e-01
5.536084150505127255e-01
4.561379303729640178e-01
5.258800362093457581e-01
5.038596950624302240e-01
5.980971349263379810e-01
6.158411621507966505e-01
5.965850571603835695e-01
6.745086516557828871e-01
5.439076895364339803e-01
5.481629338095528325e-01
5.257347876871736325e-01
5.638554355751819180e-01
5.636506164595294077e-01
4.082747593203255865e-01
5.183107654254606178e-01
5.015829288812329034e-01
4.406936420417277289e-01
4.699653226648636828e-01
4.759502571379112257e-01
3.928163200629112284e-01
5.039568515173807883e-01
5.482282080643372524e-01
6.707977438164879347e-01
5.184113726770581687e-01
4.865436747452456800e-01
5.010421260282286182e-01
5.177164910676591569e-01
4.794339763880369754e-01
5.791461846334889918e-01
5.483763530095213667e-01
4.089861544699910922e-01
5.613571545710629440e-01
5.283776149667315236e-01
4.958763408918656634e-01
5.064071645538126276e-01
4.862341237050669118e-01
4.877143761035099834e-01
5.169880073266706066e-01
5.085581949385242773e-01
5.000835528274159003e-01
4.861676539969063682e-01
4.931959364291513270e-01
4.967090965975138328e-01
5.065585049874391510e-01
5.131823095612497720e-01
3.829725661248949420e-01
4.634628340494604815e-01
4.044382352550428550e-01
5.820240950435575655e-01
2.917075283813383990e-01
5.728575931842889712e-01
4.456939343950485632e-01
5.628032173165689045e-01
3.018174135853131101e-01
5.418517072575306237e-01
5.608232836710476121e-01
4.608889044401677237e-01
5.149612228071910325e-01
5.783510536974370009e-01
5.942393107152377230e-01
6.382883091200417525e-01
5.450476718223710160e-01
5.726012096625678893e-01
6.332769501309218896e-01
5.765798849596556197e-01
6.653447545569971533e-01
5.803107801578529790e-01
5.933007605288334041e-01
4.836038111120184446e-01
1.944557755976691338e-01
5.427451389402919713e-01
3.252570409080219882e-01
4.851731535202501999e-01
6.325504317086535488e-01
5.376485124134112725e-01
6.118271639981458510e-01
5.759351448682160646e-01
5.305116681085114694e-01
5.460399726482350058e-01
5.032938369595102435e-01
5.074764632433100831e-01
4.987470202717072532e-01
4.765437030776985550e-01
5.580160198675891969e-01
4.719661321844879631e-01
5.162074023480373031e-01
5.347703696261114636e-01
5.332865090799373542e-01
5.140107583396298363e-01
5.659471512980102093e-01
5.388686033162187750e-01
5.452695993909366656e-01
5.512181211798456992e-01
5.800026645617191168e-01
5.381065355869962819e-01
5.622529163919620654e-01
5.101347048721190935e-01
4.847300787434767333e-01
6.461394204601783597e-01
6.148314725973239581e-01
6.076696001463935959e-01
5.855243511545051849e-01
6.001779173876555795e-01
6.434375813168463631e-01
6.462186249788282044e-01
6.096934207615735124e-01
5.996304893199598807e-01
6.242965279960247527e-01
6.219609147964610951e-01
6.055352626824259676e-01
6.342797032708159533e-01
5.999347752822247193e-01
5.966969860683822846e-01
6.402179184520814248e-01
6.616622102177031062e-01
6.274711134867906326e-01
6.269909719239323831e-01
6.121709126145352675e-01
6.422712538226300616e-01
6.213897668647647698e-01
5.542190249585401407e-01
5.412703654936851239e-01
5.567251071493518610e-01
5.215169878367116318e-01
5.233032771226340252e-01
5.340837982774404580e-01
5.596664737084711128e-01
5.219841725547735845e-01
5.407771991066312456e-01
5.446051174479730195e-01
5.250811104097335980e-01
5.572283486740764458e-01
5.351697258435724747e-01
5.475851760500048959e-01
5.416640341193981190e-01
5.484953413917292853e-01
5.418290089504099738e-01
5.495107974516953986e-01
5.389316767015696064e-01
5.410896580693375091e-01
5.360862892982765082e-01
5.556770374942077151e-01
5.246764247979514018e-01
5.440085159990024621e-01
5.328524005899870630e-01
5.528561178323646574e-01
5.383137144786572792e-01
5.503796075271294441e-01
5.297189443094013628e-01
5.237946375521799203e-01
5.090735735870649536e-01
5.737445757263045509e-01
5.261154243069994241e-01
5.666399966507504882e-01
5.556541698073045321e-01
5.386924361342727563e-01
5.076047475711247259e-01
5.553180970151079254e-01
5.213469911388899369e-01
6.069621009970777026e-01
5.875799753804421544e-01
5.801908462564279167e-01
5.636579148308219489e-01
5.193337762274935487e-01
5.090601631499386270e-01
6.047634580224197087e-01
5.797105194974407905e-01
5.726455734261592934e-01
6.245976762253824255e-01
5.772220527816358526e-01
5.569765015885559389e-01
5.439273360912733057e-01
5.715330967923405447e-01
5.431042742101409582e-01
5.622870055255567712e-01
5.302164675961663631e-01
5.463051266558692776e-01
5.229366353989940430e-01
5.176346726050441438e-01
5.613201506818695785e-01
5.554658071454449120e-01
5.368850171707221230e-01
5.615546282030932090e-01
5.081921969813716355e-01
5.526307350057889645e-01
5.408684430741128590e-01
5.206883177078226455e-01
5.425109735455210247e-01
4.892266685538564364e-01
5.314922131251555992e-01
5.346724488938363606e-01
5.009527432282314674e-01
6.199176228160635516e-01
4.916225715240458705e-01
5.009394800075331888e-01
4.989462999842289026e-01
4.992637843929957353e-01
5.540902893303638610e-01
2.699010683922504761e-01
3.213406473991862744e-01
5.756979829910410240e-01
5.864115606116082624e-01
6.195866759946265789e-01
5.760090219310541881e-01
5.472616296262842184e-01
4.590966551375572080e-01
6.126567023808687784e-01
6.241530457293048562e-01
5.952800547267755871e-01
4.813990632601355957e-01
6.867918411457530903e-01
5.204635476967647278e-01
4.444929742823292007e-01
7.035627658654819427e-01
6.572521029624731614e-01
6.377904206219232597e-01
5.469941988168821601e-01
4.892797907829643522e-01
5.086481427534571553e-01
5.162415953176938688e-01
5.216758398355632043e-01
5.364168560383703044e-01
5.238648867789278407e-01
5.248051164149966086e-01
4.959809616424135092e-01
5.307877123583972789e-01
5.424535941239529979e-01
5.243514717302486527e-01
5.681540546627703581e-01
5.698812814847427077e-01
5.374666331762723015e-01
5.741618133439836402e-01
5.180526005270840173e-01
4.881329778285137255e-01
5.536642382697417597e-01
5.599953443732447189e-01
6.143627043169771484e-01
6.283782134469151348e-01
5.013326823900902118e-01
5.329819842599240465e-01
6.784716523946638933e-01
5.412002933790764914e-01
5.587839121696009936e-01
5.258855253126031304e-01
5.274334879704638546e-01
5.309299912984373204e-01
5.575158948305568574e-01
5.111730901727243870e-01
5.132459005659242290e-01
5.400690075030857296e-01
5.035411938499166906e-01
5.483823802428886562e-01
5.248281591055272699e-01
5.943928160509428515e-01
5.459656894232822744e-01
5.395942224574441504e-01
5.103183575900506197e-01
5.149782891165315402e-01
5.302093709905789654e-01
5.362021565922329147e-01
5.355466541461781915e-01
5.173860245863031171e-01
5.414508485236940727e-01
5.444515355731027739e-01
5.162781146340860161e-01
5.467346218372465261e-01
5.145165218335524537e-01
5.251794662614398534e-01
5.250720080262823997e-01
5.105986886889438692e-01
4.094952168894275824e-01
5.845198788129328804e-01
3.073781939115163286e-01
2.796929958609880584e-01
2.809864905501852084e-01
5.042716877838160361e-01
3.944007954817245754e-01
3.079235545758023385e-01
4.956816863045430122e-01
5.187721149345693172e-01
4.271883169777021538e-01
3.977533974382914117e-01
4.887077693437088532e-01
4.888351316786695988e-01
6.282555706209171920e-01
5.193177143550250507e-01
4.743165766782131421e-01
4.568558312835018231e-01
6.158075187176150767e-01
4.794984678948364665e-01
3.754733270991325034e-01
5.424502453964051840e-01
4.936243584167085974e-01
4.915452307337910276e-01
6.086947556274652227e-01
3.761769934904702906e-01
2.787486846674333552e-01
1.319007458918231290e-01
2.811408973190884231e-01
5.231255119228184203e-02
2.515006819519823855e-01
1.014598837799715603e-01
1.407991124425230223e-01
2.126739352452359788e-01
1.851970869071871695e-01
2.851863018497083346e-01
1.456298310264642071e-01
1.252653694674118745e-01
1.816225604248871972e-01
1.597746540566496731e-01
2.405832798793038907e-01
2.524565611049626734e-01
4.034003333604437302e-01
1.496075752744221443e-01
1.440702990116589643e-01
1.012572878027957479e-01
2.881046810833310934e-01
2.900957931075173191e-01
2.820802774215189213e-01
3.578273922341946855e-01
2.117267206277046732e-01
1.139507079265478368e-01
6.552399435711671050e-01
6.761230427180759950e-01
6.634514830215991754e-01
6.837914684377817132e-01
6.852074455589223234e-01
7.041178930910515499e-01
6.953393448293938572e-01
5.071751592784171647e-01
6.635179427715388600e-01
3.215523859863674283e-01
4.371525471061509793e-01
5.193153110988273369e-01
7.066488736149757477e-01
7.236307217577730988e-01
7.164402494770957253e-01
7.004538605197510037e-01
7.233327980100833221e-01
5.528158537536531636e-01
7.164982993957748070e-01
6.615343863981651973e-01
7.270672029206628473e-01
6.515511784222414171e-01
6.361252696951599228e-01
6.819547101842975412e-01
6.668145208127362888e-01
6.678929049959893005e-01
6.487865336561567942e-01
6.762188777950116636e-01
6.694502398248253217e-01
6.695704073378837551e-01
6.823361517359205486e-01
6.683008994724377594e-01
6.542299149942655268e-01
6.317131774970181635e-01
6.728782560111408184e-01
6.036753617083397971e-01
6.770051353458388377e-01
6.771766459861907617e-01
6.697681572639041514e-01
6.663146226310312503e-01
4.109341609879794133e-01
4.138438531101138462e-01
3.999205522059489093e-01
5.385123788799999200e-01
6.261652072443250061e-01
5.908575004579578183e-01
5.471485003458034235e-01
5.226709863221801200e-01
5.276891520802660107e-01
4.280167397606345348e-01
6.308885190250040909e-01
4.976507926961215023e-01
4.089940281098921604e-01
5.651727943817874689e-01
5.028197782654393322e-01
5.822648638413683297e-01
5.372518343869633339e-01
5.516081806321762038e-01
5.750627859147777743e-01
5.436868131633537660e-01
5.709474849789956119e-01
5.779255445527482493e-01
5.154479669677353160e-01
6.947043958089083038e-01
5.680512701561650779e-01
5.434409015566391554e-01
6.268724951944226742e-01
6.431654828665877011e-01
5.555395917858724220e-01
5.271213190899767254e-01
5.631530201262278101e-01
6.611523397973525507e-01
5.695556913434385304e-01
5.850939745758237942e-01
5.673981540095086595e-01
6.388639514507395978e-01
6.243952805995931499e-01
6.581299036907786171e-01
5.479314510307099484e-01
3.957046475520232254e-01
4.145466534452312835e-01
4.889465879376838631e-01
5.642780128822182384e-01
5.994740965136047262e-01
4.135929916913139159e-01
4.814056268195509025e-01
5.679038587596937360e-01
5.073697923979541002e-01
5.276926347057604438e-01
4.846104396889998611e-01
6.378212350838058375e-01
5.375432667349583360e-01
5.748659355016615402e-01
4.917313417849605850e-01
6.228544335458199299e-01
5.498846721075532074e-01
5.459296663441044473e-01
