3.049427915126999566e-02
5.859743178920545637e-02
1.547631507602048248e-02
4.647903633499064074e-02
6.895686448662538548e-02
3.487933059725711882e-02
3.774204198956339351e-02
5.975787113986329863e-02
7.738129381859180922e-02
3.380317008113037369e-02
1.042006177478208354e-02
7.565627915490343025e-02
6.521675908542930167e-02
3.604174338188785576e-02
5.071085798481143880e-02
3.127372111085928441e-02
2.838535830421874337e-02
7.099323039246961675e-02
7.116723388314584453e-02
6.453278248251963223e-02
