1.946117749162610752e-02
6.747204549413798880e-02
7.243186390477772060e-03
4.040168938634888102e-02
7.501808370728603459e-02
2.748545415097846528e-02
3.141366814092481918e-02
6.939901202853807072e-02
7.852019206758839576e-02
2.152511379094705982e-02
4.613654024097967564e-03
1.812221154332586959e-01
4.232734636834308700e-02
1.317957422132225685e-02
4.919825426466709062e-02
2.045829372835454574e-02
1.942542631765253533e-02
8.249888599938708100e-02
6.221368205995849582e-02
8.692314493410473186e-02
