3.780685284174468280e-02
7.817767002003131460e-02
1.154659347949333822e-02
8.319028629511648898e-02
1.631879159555287284e-01
6.610030935309045563e-02
3.089511227325723863e-02
1.081150439336654584e-01
1.695555388544921493e-01
3.463467570030549780e-02
1.794308150356526896e-02
1.269825813794690061e+00
6.291757109192525066e-02
1.309336514052014330e-02
1.519904150299389300e-01
2.856642471007041217e-02
2.659004139561620822e-02
1.433809840777396927e-01
1.190264695386489546e-01
1.966601288502096145e-01
