7.081373200308160865e-03
1.898558922309723229e-02
2.693427364947052153e-03
1.380527012617945720e-02
2.899288777095555478e-02
9.417422576671795331e-03
1.064721278334193263e-02
2.891351648250124751e-02
2.468738338142581132e-02
6.829041544684975179e-03
1.333598660539333809e-03
6.951364480494061360e-02
1.279363334121437143e-02
3.785489366975422227e-03
1.589350125305088665e-02
1.003565669453472357e-02
5.251515818913865541e-03
3.035107341271023676e-02
1.893356387908440644e-02
3.261460787429053959e-02
