1.600898437500000000e+02
1.362539062500000000e+02
1.204414062500000000e+02
1.474960937500000000e+02
1.102226562500000000e+02
1.293671875000000000e+02
1.143710937500000000e+02
1.074492187500000000e+02
8.644531250000000000e+01
1.518437500000000000e+02
1.440351562500000000e+02
1.242734375000000000e+02
1.214140625000000000e+02
1.484062500000000000e+02
1.031132812500000000e+02
1.125859375000000000e+02
8.271875000000000000e+01
1.456250000000000000e+02
8.709765625000000000e+01
1.253867187500000000e+02
1.291992187500000000e+02
1.471484375000000000e+02
1.019648437500000000e+02
1.455664062500000000e+02
1.681992187500000000e+02
1.418320312500000000e+02
1.516289062500000000e+02
1.291289062500000000e+02
1.348632812500000000e+02
1.155976562500000000e+02
1.092617187500000000e+02
1.431523437500000000e+02
1.420859375000000000e+02
1.326171875000000000e+02
9.124609375000000000e+01
9.498437500000000000e+01
1.286289062500000000e+02
1.189843750000000000e+02
1.375859375000000000e+02
1.420039062500000000e+02
1.331210937500000000e+02
1.267265625000000000e+02
1.075078125000000000e+02
1.215351562500000000e+02
1.332109375000000000e+02
1.027070312500000000e+02
9.949609375000000000e+01
1.233984375000000000e+02
1.191562500000000000e+02
1.095625000000000000e+02
1.338398437500000000e+02
1.299765625000000000e+02
9.774609375000000000e+01
1.467812500000000000e+02
1.663046875000000000e+02
1.185859375000000000e+02
1.237148437500000000e+02
1.008085937500000000e+02
1.249257812500000000e+02
1.466445312500000000e+02
1.154257812500000000e+02
1.112226562500000000e+02
1.295078125000000000e+02
1.367773437500000000e+02
9.473046875000000000e+01
1.195820312500000000e+02
1.158632812500000000e+02
1.435742187500000000e+02
1.215000000000000000e+02
1.119648437500000000e+02
1.146093750000000000e+02
1.051367187500000000e+02
9.944921875000000000e+01
9.695703125000000000e+01
9.991406250000000000e+01
1.042148437500000000e+02
1.011093750000000000e+02
1.027578125000000000e+02
1.008554687500000000e+02
1.065976562500000000e+02
1.020468750000000000e+02
1.294960937500000000e+02
1.280156250000000000e+02
1.172265625000000000e+02
1.130820312500000000e+02
1.461757812500000000e+02
1.341601562500000000e+02
1.143359375000000000e+02
1.110507812500000000e+02
1.290351562500000000e+02
1.281875000000000000e+02
1.066093750000000000e+02
1.263164062500000000e+02
1.290078125000000000e+02
1.328320312500000000e+02
1.349531250000000000e+02
1.189921875000000000e+02
1.327187500000000000e+02
1.236718750000000000e+02
9.978125000000000000e+01
9.880859375000000000e+01
9.821093750000000000e+01
1.030703125000000000e+02
9.788281250000000000e+01
1.332578125000000000e+02
9.671484375000000000e+01
1.292148437500000000e+02
1.312187500000000000e+02
1.024726562500000000e+02
1.273203125000000000e+02
1.096367187500000000e+02
1.039179687500000000e+02
1.019101562500000000e+02
1.351445312500000000e+02
1.152734375000000000e+02
8.169921875000000000e+01
9.531250000000000000e+01
1.054492187500000000e+02
1.318046875000000000e+02
1.142734375000000000e+02
1.437304687500000000e+02
1.371054687500000000e+02
1.179335937500000000e+02
1.238281250000000000e+02
8.437109375000000000e+01
1.236132812500000000e+02
1.064726562500000000e+02
1.068554687500000000e+02
1.082460937500000000e+02
1.169609375000000000e+02
1.121718750000000000e+02
1.307460937500000000e+02
1.402382812500000000e+02
1.273320312500000000e+02
1.140664062500000000e+02
1.061171875000000000e+02
8.076953125000000000e+01
1.082656250000000000e+02
1.085820312500000000e+02
1.344609375000000000e+02
1.261210937500000000e+02
1.461484375000000000e+02
1.166523437500000000e+02
1.288515625000000000e+02
1.286679687500000000e+02
1.323750000000000000e+02
1.302265625000000000e+02
1.227226562500000000e+02
9.659375000000000000e+01
1.304414062500000000e+02
1.310976562500000000e+02
1.457226562500000000e+02
1.568437500000000000e+02
1.552539062500000000e+02
1.566953125000000000e+02
1.635039062500000000e+02
1.961445312500000000e+02
1.282617187500000000e+02
1.275781250000000000e+02
1.234648437500000000e+02
1.300781250000000000e+02
1.417851562500000000e+02
1.088007812500000000e+02
1.565195312500000000e+02
1.279375000000000000e+02
1.221562500000000000e+02
1.304960937500000000e+02
1.284140625000000000e+02
1.332929687500000000e+02
1.363632812500000000e+02
1.207695312500000000e+02
1.414570312500000000e+02
1.344453125000000000e+02
1.100468750000000000e+02
1.270507812500000000e+02
1.470976562500000000e+02
1.061054687500000000e+02
9.624609375000000000e+01
1.307851562500000000e+02
1.040234375000000000e+02
1.196210937500000000e+02
1.064179687500000000e+02
1.238789062500000000e+02
9.746093750000000000e+01
8.207421875000000000e+01
1.049687500000000000e+02
1.182734375000000000e+02
8.861328125000000000e+01
1.358242187500000000e+02
1.144335937500000000e+02
1.316835937500000000e+02
9.259375000000000000e+01
7.362109375000000000e+01
8.030859375000000000e+01
1.293476562500000000e+02
9.544531250000000000e+01
1.130312500000000000e+02
9.081640625000000000e+01
1.013007812500000000e+02
8.486718750000000000e+01
8.095312500000000000e+01
8.584375000000000000e+01
8.140234375000000000e+01
9.583203125000000000e+01
1.035546875000000000e+02
8.828515625000000000e+01
9.865625000000000000e+01
9.918750000000000000e+01
1.053437500000000000e+02
8.503515625000000000e+01
8.260156250000000000e+01
8.218359375000000000e+01
7.965625000000000000e+01
8.142187500000000000e+01
8.604296875000000000e+01
8.646093750000000000e+01
8.175781250000000000e+01
8.667968750000000000e+01
8.000781250000000000e+01
1.088242187500000000e+02
1.244101562500000000e+02
1.283515625000000000e+02
1.385625000000000000e+02
1.357656250000000000e+02
1.263515625000000000e+02
1.284453125000000000e+02
1.154218750000000000e+02
1.119140625000000000e+02
1.241875000000000000e+02
1.129101562500000000e+02
1.300781250000000000e+02
1.050781250000000000e+02
1.211992187500000000e+02
1.231445312500000000e+02
1.152343750000000000e+02
1.231875000000000000e+02
1.088398437500000000e+02
1.417265625000000000e+02
1.411406250000000000e+02
1.060351562500000000e+02
1.000664062500000000e+02
1.147812500000000000e+02
1.069648437500000000e+02
1.190312500000000000e+02
1.294335937500000000e+02
1.029453125000000000e+02
8.942578125000000000e+01
1.102929687500000000e+02
1.132578125000000000e+02
1.157812500000000000e+02
9.364843750000000000e+01
9.891406250000000000e+01
1.106835937500000000e+02
9.363281250000000000e+01
8.854687500000000000e+01
9.895703125000000000e+01
9.809375000000000000e+01
9.592968750000000000e+01
8.871484375000000000e+01
9.562500000000000000e+01
1.054296875000000000e+02
1.110390625000000000e+02
1.155429687500000000e+02
1.113359375000000000e+02
9.883203125000000000e+01
1.000312500000000000e+02
1.021875000000000000e+02
9.915234375000000000e+01
9.221093750000000000e+01
8.279687500000000000e+01
8.773828125000000000e+01
9.149218750000000000e+01
9.758593750000000000e+01
1.195000000000000000e+02
1.127382812500000000e+02
1.244023437500000000e+02
1.008007812500000000e+02
1.097539062500000000e+02
9.500390625000000000e+01
1.100390625000000000e+02
9.394531250000000000e+01
9.983203125000000000e+01
1.074687500000000000e+02
1.249882812500000000e+02
9.286328125000000000e+01
1.034257812500000000e+02
8.841015625000000000e+01
1.044062500000000000e+02
1.015039062500000000e+02
1.037929687500000000e+02
1.025781250000000000e+02
1.055468750000000000e+02
1.298398437500000000e+02
1.045234375000000000e+02
1.062109375000000000e+02
9.917187500000000000e+01
1.215937500000000000e+02
1.120781250000000000e+02
1.023242187500000000e+02
9.907031250000000000e+01
7.555468750000000000e+01
7.354296875000000000e+01
7.749609375000000000e+01
7.585156250000000000e+01
7.263281250000000000e+01
7.393359375000000000e+01
7.349218750000000000e+01
7.245703125000000000e+01
7.519140625000000000e+01
7.585156250000000000e+01
7.566796875000000000e+01
7.595703125000000000e+01
8.048828125000000000e+01
7.471093750000000000e+01
7.623437500000000000e+01
8.042187500000000000e+01
7.479296875000000000e+01
7.650390625000000000e+01
7.345703125000000000e+01
7.273828125000000000e+01
7.872656250000000000e+01
7.834765625000000000e+01
8.972265625000000000e+01
8.186718750000000000e+01
7.869531250000000000e+01
7.991796875000000000e+01
7.553906250000000000e+01
8.485156250000000000e+01
8.261718750000000000e+01
9.565234375000000000e+01
9.058203125000000000e+01
9.030078125000000000e+01
9.533593750000000000e+01
8.718359375000000000e+01
8.048046875000000000e+01
8.050781250000000000e+01
8.222265625000000000e+01
8.208593750000000000e+01
8.750390625000000000e+01
7.883984375000000000e+01
7.506640625000000000e+01
7.965625000000000000e+01
8.744921875000000000e+01
9.987890625000000000e+01
8.336718750000000000e+01
8.168750000000000000e+01
7.990625000000000000e+01
9.063281250000000000e+01
8.782031250000000000e+01
8.905078125000000000e+01
8.863281250000000000e+01
9.895703125000000000e+01
1.147851562500000000e+02
8.940625000000000000e+01
9.483593750000000000e+01
9.246875000000000000e+01
8.997656250000000000e+01
9.191796875000000000e+01
9.571093750000000000e+01
9.057421875000000000e+01
9.141015625000000000e+01
8.578515625000000000e+01
1.035781250000000000e+02
1.007500000000000000e+02
9.025781250000000000e+01
9.606640625000000000e+01
9.660546875000000000e+01
8.807812500000000000e+01
9.155078125000000000e+01
9.746484375000000000e+01
8.952734375000000000e+01
9.482031250000000000e+01
1.048007812500000000e+02
9.672656250000000000e+01
9.142968750000000000e+01
9.518750000000000000e+01
8.675390625000000000e+01
9.533984375000000000e+01
8.470703125000000000e+01
1.048085937500000000e+02
9.891015625000000000e+01
8.147265625000000000e+01
8.310156250000000000e+01
8.060156250000000000e+01
9.995703125000000000e+01
8.331250000000000000e+01
9.159375000000000000e+01
8.905468750000000000e+01
9.525000000000000000e+01
1.019062500000000000e+02
8.927343750000000000e+01
8.407812500000000000e+01
9.535546875000000000e+01
8.550781250000000000e+01
9.448828125000000000e+01
8.168359375000000000e+01
8.497265625000000000e+01
9.437109375000000000e+01
1.010078125000000000e+02
9.725781250000000000e+01
1.003593750000000000e+02
1.021757812500000000e+02
1.085585937500000000e+02
1.015664062500000000e+02
1.044257812500000000e+02
1.061953125000000000e+02
1.002890625000000000e+02
1.105664062500000000e+02
9.755859375000000000e+01
1.196757812500000000e+02
1.191015625000000000e+02
1.050546875000000000e+02
1.295078125000000000e+02
1.143359375000000000e+02
1.008750000000000000e+02
9.991015625000000000e+01
1.058085937500000000e+02
9.241796875000000000e+01
9.312890625000000000e+01
1.022617187500000000e+02
9.484375000000000000e+01
9.703906250000000000e+01
1.002812500000000000e+02
1.117265625000000000e+02
1.012421875000000000e+02
7.933984375000000000e+01
8.574218750000000000e+01
8.699609375000000000e+01
1.005468750000000000e+02
1.039843750000000000e+02
1.008593750000000000e+02
1.142343750000000000e+02
8.542968750000000000e+01
1.022851562500000000e+02
1.071562500000000000e+02
8.792187500000000000e+01
8.992187500000000000e+01
8.537500000000000000e+01
1.025742187500000000e+02
7.860156250000000000e+01
8.665234375000000000e+01
1.200117187500000000e+02
8.600000000000000000e+01
7.850390625000000000e+01
8.898437500000000000e+01
8.263671875000000000e+01
8.666796875000000000e+01
7.728515625000000000e+01
8.181250000000000000e+01
8.873828125000000000e+01
8.040625000000000000e+01
8.949609375000000000e+01
9.167187500000000000e+01
9.987500000000000000e+01
9.908984375000000000e+01
9.720703125000000000e+01
9.864843750000000000e+01
9.349609375000000000e+01
9.560546875000000000e+01
9.643750000000000000e+01
1.016601562500000000e+02
1.016406250000000000e+02
1.077578125000000000e+02
1.049335937500000000e+02
1.029375000000000000e+02
1.007695312500000000e+02
9.395312500000000000e+01
9.708203125000000000e+01
9.082812500000000000e+01
9.226953125000000000e+01
1.020664062500000000e+02
1.020859375000000000e+02
1.062148437500000000e+02
1.071835937500000000e+02
1.094804687500000000e+02
1.060390625000000000e+02
1.058710937500000000e+02
9.682812500000000000e+01
1.076953125000000000e+02
1.025742187500000000e+02
1.001679687500000000e+02
1.081171875000000000e+02
1.103554687500000000e+02
1.002734375000000000e+02
1.046796875000000000e+02
1.059609375000000000e+02
1.014804687500000000e+02
9.968359375000000000e+01
1.063828125000000000e+02
1.024414062500000000e+02
9.738671875000000000e+01
8.879296875000000000e+01
8.494921875000000000e+01
9.402734375000000000e+01
8.136718750000000000e+01
9.458203125000000000e+01
1.103632812500000000e+02
8.883203125000000000e+01
9.473046875000000000e+01
9.768359375000000000e+01
9.744531250000000000e+01
8.935937500000000000e+01
8.953906250000000000e+01
1.130000000000000000e+02
8.801953125000000000e+01
8.743359375000000000e+01
8.522656250000000000e+01
9.873437500000000000e+01
8.723437500000000000e+01
8.205859375000000000e+01
8.815234375000000000e+01
8.306640625000000000e+01
8.082812500000000000e+01
1.048203125000000000e+02
9.225390625000000000e+01
8.676562500000000000e+01
7.477343750000000000e+01
8.787109375000000000e+01
1.206835937500000000e+02
8.675390625000000000e+01
8.468359375000000000e+01
1.088515625000000000e+02
1.185625000000000000e+02
9.348437500000000000e+01
9.725000000000000000e+01
9.224218750000000000e+01
9.659375000000000000e+01
1.104257812500000000e+02
9.222656250000000000e+01
1.133554687500000000e+02
9.817968750000000000e+01
9.178906250000000000e+01
8.426953125000000000e+01
9.640234375000000000e+01
1.000585937500000000e+02
9.689843750000000000e+01
9.640625000000000000e+01
9.541796875000000000e+01
9.460156250000000000e+01
1.104765625000000000e+02
1.150078125000000000e+02
9.589453125000000000e+01
1.354023437500000000e+02
1.149843750000000000e+02
1.130390625000000000e+02
1.032226562500000000e+02
9.967968750000000000e+01
7.315234375000000000e+01
7.185937500000000000e+01
7.508593750000000000e+01
7.485937500000000000e+01
7.130468750000000000e+01
7.489062500000000000e+01
7.588281250000000000e+01
9.407812500000000000e+01
7.609765625000000000e+01
7.499609375000000000e+01
7.080468750000000000e+01
8.340625000000000000e+01
6.875390625000000000e+01
9.852343750000000000e+01
7.041015625000000000e+01
6.673046875000000000e+01
6.671484375000000000e+01
7.657812500000000000e+01
7.180078125000000000e+01
7.063281250000000000e+01
6.873437500000000000e+01
6.853125000000000000e+01
9.618750000000000000e+01
9.988671875000000000e+01
1.081054687500000000e+02
1.070156250000000000e+02
9.391406250000000000e+01
8.883984375000000000e+01
9.748437500000000000e+01
8.594531250000000000e+01
9.926953125000000000e+01
9.473046875000000000e+01
1.162734375000000000e+02
9.686328125000000000e+01
9.322265625000000000e+01
1.052226562500000000e+02
1.037539062500000000e+02
1.153906250000000000e+02
8.557812500000000000e+01
8.573828125000000000e+01
8.449609375000000000e+01
1.076210937500000000e+02
1.082617187500000000e+02
8.237109375000000000e+01
1.204492187500000000e+02
1.286367187500000000e+02
1.190507812500000000e+02
1.220625000000000000e+02
1.182460937500000000e+02
1.120468750000000000e+02
1.287539062500000000e+02
1.095546875000000000e+02
1.210625000000000000e+02
1.305625000000000000e+02
1.282382812500000000e+02
1.223398437500000000e+02
1.281093750000000000e+02
1.274921875000000000e+02
1.275390625000000000e+02
1.314726562500000000e+02
1.322617187500000000e+02
1.316328125000000000e+02
1.285664062500000000e+02
1.294414062500000000e+02
1.302109375000000000e+02
1.297304687500000000e+02
1.429179687500000000e+02
1.286875000000000000e+02
1.041835937500000000e+02
9.091015625000000000e+01
8.830468750000000000e+01
1.194414062500000000e+02
1.218671875000000000e+02
1.207109375000000000e+02
1.217890625000000000e+02
9.506640625000000000e+01
1.239960937500000000e+02
1.232421875000000000e+02
1.250000000000000000e+02
1.165507812500000000e+02
1.207539062500000000e+02
1.232578125000000000e+02
1.212500000000000000e+02
1.250273437500000000e+02
1.243203125000000000e+02
1.230703125000000000e+02
1.216132812500000000e+02
1.194296875000000000e+02
1.215703125000000000e+02
1.246328125000000000e+02
8.857812500000000000e+01
8.656640625000000000e+01
1.013867187500000000e+02
1.299023437500000000e+02
1.240625000000000000e+02
1.234531250000000000e+02
1.146406250000000000e+02
1.272460937500000000e+02
1.255117187500000000e+02
1.307851562500000000e+02
1.292656250000000000e+02
1.273281250000000000e+02
1.222148437500000000e+02
1.316132812500000000e+02
1.282929687500000000e+02
1.271367187500000000e+02
1.277734375000000000e+02
1.116328125000000000e+02
1.032304687500000000e+02
1.304335937500000000e+02
1.310312500000000000e+02
1.344882812500000000e+02
1.293085937500000000e+02
9.200000000000000000e+01
1.317812500000000000e+02
1.241523437500000000e+02
9.228906250000000000e+01
9.227343750000000000e+01
8.860156250000000000e+01
7.736328125000000000e+01
7.732421875000000000e+01
1.087656250000000000e+02
1.147656250000000000e+02
7.990625000000000000e+01
7.618750000000000000e+01
8.377343750000000000e+01
8.183984375000000000e+01
7.201171875000000000e+01
9.776171875000000000e+01
1.075546875000000000e+02
7.892187500000000000e+01
1.132460937500000000e+02
7.130468750000000000e+01
1.022500000000000000e+02
7.376953125000000000e+01
9.858984375000000000e+01
1.005976562500000000e+02
8.144531250000000000e+01
9.050000000000000000e+01
8.202343750000000000e+01
7.403906250000000000e+01
1.418320312500000000e+02
1.114257812500000000e+02
1.090312500000000000e+02
1.229218750000000000e+02
9.418750000000000000e+01
1.113867187500000000e+02
9.483203125000000000e+01
1.076601562500000000e+02
1.065546875000000000e+02
1.074140625000000000e+02
1.063281250000000000e+02
1.089375000000000000e+02
1.116796875000000000e+02
9.933593750000000000e+01
1.063789062500000000e+02
9.907421875000000000e+01
1.166601562500000000e+02
1.127031250000000000e+02
9.796093750000000000e+01
1.060781250000000000e+02
1.113632812500000000e+02
1.114492187500000000e+02
1.279062500000000000e+02
1.002382812500000000e+02
9.590625000000000000e+01
1.079726562500000000e+02
1.304218750000000000e+02
1.094531250000000000e+02
1.630625000000000000e+02
1.349609375000000000e+02
1.384960937500000000e+02
1.435859375000000000e+02
1.422226562500000000e+02
1.595703125000000000e+02
1.255976562500000000e+02
1.315898437500000000e+02
1.088125000000000000e+02
1.200117187500000000e+02
1.497109375000000000e+02
1.191093750000000000e+02
1.224023437500000000e+02
1.414492187500000000e+02
1.214453125000000000e+02
1.346640625000000000e+02
1.294921875000000000e+02
1.462617187500000000e+02
1.404609375000000000e+02
1.251367187500000000e+02
1.345703125000000000e+02
1.445781250000000000e+02
1.373046875000000000e+02
1.436289062500000000e+02
1.559375000000000000e+02
7.912500000000000000e+01
9.561328125000000000e+01
1.085820312500000000e+02
9.914843750000000000e+01
1.132929687500000000e+02
1.120312500000000000e+02
1.169062500000000000e+02
9.451171875000000000e+01
9.586328125000000000e+01
8.879296875000000000e+01
9.973828125000000000e+01
1.189335937500000000e+02
1.003945312500000000e+02
1.020039062500000000e+02
9.319921875000000000e+01
9.959765625000000000e+01
1.144804687500000000e+02
9.519921875000000000e+01
8.068359375000000000e+01
8.146093750000000000e+01
9.203515625000000000e+01
7.391015625000000000e+01
1.003515625000000000e+02
9.171093750000000000e+01
7.725781250000000000e+01
8.203515625000000000e+01
9.900000000000000000e+01
1.546250000000000000e+02
1.124570312500000000e+02
1.232578125000000000e+02
1.774179687500000000e+02
1.293085937500000000e+02
2.110468750000000000e+02
1.108515625000000000e+02
1.113593750000000000e+02
1.360898437500000000e+02
1.601757812500000000e+02
1.437617187500000000e+02
1.297539062500000000e+02
1.254453125000000000e+02
8.282812500000000000e+01
1.057812500000000000e+02
1.004179687500000000e+02
8.942968750000000000e+01
1.585898437500000000e+02
1.604687500000000000e+02
1.559843750000000000e+02
1.641132812500000000e+02
1.478125000000000000e+02
1.048476562500000000e+02
1.224531250000000000e+02
1.839023437500000000e+02
8.280859375000000000e+01
7.918359375000000000e+01
8.722265625000000000e+01
8.731250000000000000e+01
7.744921875000000000e+01
8.798046875000000000e+01
9.169140625000000000e+01
9.056250000000000000e+01
9.032421875000000000e+01
1.017968750000000000e+02
7.160156250000000000e+01
7.664843750000000000e+01
8.187109375000000000e+01
7.471484375000000000e+01
7.697265625000000000e+01
6.972265625000000000e+01
8.975000000000000000e+01
7.089062500000000000e+01
8.098046875000000000e+01
8.011718750000000000e+01
8.878515625000000000e+01
9.516015625000000000e+01
8.647656250000000000e+01
9.551562500000000000e+01
8.857421875000000000e+01
1.075312500000000000e+02
9.251562500000000000e+01
1.071484375000000000e+02
1.028320312500000000e+02
1.049179687500000000e+02
9.768359375000000000e+01
9.169140625000000000e+01
9.375781250000000000e+01
9.626953125000000000e+01
8.864453125000000000e+01
8.281640625000000000e+01
9.348046875000000000e+01
8.711718750000000000e+01
8.839843750000000000e+01
8.567968750000000000e+01
1.137109375000000000e+02
1.192695312500000000e+02
1.183242187500000000e+02
1.181015625000000000e+02
1.253906250000000000e+02
1.122304687500000000e+02
1.138242187500000000e+02
1.155273437500000000e+02
1.181718750000000000e+02
1.085156250000000000e+02
1.229453125000000000e+02
1.213164062500000000e+02
1.128828125000000000e+02
1.176718750000000000e+02
1.140820312500000000e+02
1.012812500000000000e+02
1.305937500000000000e+02
1.088632812500000000e+02
1.162460937500000000e+02
1.084257812500000000e+02
1.119453125000000000e+02
1.167539062500000000e+02
1.006093750000000000e+02
8.456640625000000000e+01
1.049375000000000000e+02
9.131250000000000000e+01
8.860546875000000000e+01
8.783984375000000000e+01
9.093359375000000000e+01
8.891796875000000000e+01
1.170429687500000000e+02
8.333593750000000000e+01
9.633203125000000000e+01
1.076523437500000000e+02
1.143242187500000000e+02
8.985156250000000000e+01
1.014921875000000000e+02
8.881250000000000000e+01
1.242343750000000000e+02
1.304335937500000000e+02
1.337187500000000000e+02
1.102460937500000000e+02
1.048867187500000000e+02
1.100117187500000000e+02
1.635937500000000000e+02
1.046171875000000000e+02
1.169492187500000000e+02
1.061562500000000000e+02
1.053828125000000000e+02
1.068242187500000000e+02
1.393398437500000000e+02
1.135585937500000000e+02
1.240859375000000000e+02
1.116289062500000000e+02
1.152968750000000000e+02
1.168867187500000000e+02
9.690234375000000000e+01
