2.571535591976516599e+00
2.581442636986301498e+00
2.703430772994129150e+00
3.129296110567514777e+00
3.326955418297456113e+00
2.615436949608610728e+00
2.786494006849315141e+00
3.012246208414872672e+00
3.167877018101761255e+00
2.733404170743639838e+00
2.849445022015655749e+00
2.570855247064579352e+00
2.932492967221135061e+00
2.917999327299412915e+00
3.447475843933463846e+00
3.478351272015655749e+00
3.300429611056751256e+00
3.005358671722113684e+00
3.981645976027397449e+00
2.584989603718199636e+00
2.772665423189824008e+00
2.670162671232876761e+00
2.679366438356164171e+00
2.547601210861056842e+00
2.890770242172211457e+00
2.791623348825831741e+00
2.295483732876712146e+00
2.614611362524462024e+00
2.346945327788649838e+00
2.793832558708414737e+00
3.374029170743639838e+00
2.958674779843444291e+00
2.783558586105675303e+00
3.003172394814090040e+00
3.059824486301369717e+00
3.316612646771037287e+00
2.982020547945205546e+00
3.478313050391389272e+00
4.390724376223092307e+00
4.296401051859099596e+00
4.545422578277886316e+00
3.152649522994129150e+00
3.218902886497064575e+00
3.485926797945205546e+00
3.142291462818004089e+00
3.542273116438356073e+00
4.603297761741682592e+00
3.585723458904109595e+00
3.171683891878669392e+00
3.210509417808219190e+00
3.197055406066536154e+00
2.591563723091976357e+00
4.287067331213306964e+00
3.081381482387475668e+00
4.547012597847357895e+00
4.153872614970645749e+00
3.306269875244618461e+00
4.278566841976516599e+00
3.808723703522504778e+00
3.238716976516633927e+00
3.257690190802348340e+00
3.415300880626223279e+00
2.916669214774950891e+00
3.627262720156555709e+00
2.871453033268101862e+00
3.430406066536203724e+00
2.890716731898238745e+00
2.776747492661447936e+00
3.543679672211350162e+00
3.095133622798434292e+00
3.378699853228962713e+00
2.500458659491193725e+00
2.761206580234833563e+00
3.598351883561643927e+00
3.238044275929549798e+00
3.794765166340508866e+00
3.769783512720156438e+00
3.155669031311154615e+00
2.855805100293542065e+00
2.950946367416829919e+00
3.068814212328767166e+00
2.730193554305283765e+00
2.340944532778864939e+00
2.813218566536203724e+00
2.486637720156555709e+00
2.517559014187866762e+00
2.425842404598825830e+00
2.535026296477495222e+00
2.525119251467710324e+00
2.221876528864970446e+00
2.363151296477495222e+00
2.875535102739726234e+00
2.502744312622309231e+00
2.375848520058708502e+00
2.815649461839530243e+00
3.361179060665361984e+00
3.942667563600782632e+00
2.437996881115459757e+00
2.409323018590998178e+00
3.012590203033268299e+00
2.563776602250489312e+00
3.124258500489236923e+00
3.053372676125244656e+00
2.659613502935420648e+00
2.811338062622309231e+00
2.637796599804305142e+00
2.744610750978473401e+00
2.700640594422700769e+00
2.847144080234833563e+00
2.391634050880626194e+00
2.952444655088062753e+00
3.682477678571428381e+00
2.953690680039139149e+00
2.206090998043052753e+00
2.853228962818004089e+00
3.097786203522504778e+00
3.588047333659491134e+00
2.987967832681017732e+00
2.666829745596869028e+00
2.782992906066536154e+00
2.370665667808219190e+00
2.735208231409001822e+00
2.792372492661447936e+00
2.909888698630136883e+00
2.847289322407045020e+00
3.308349131604696680e+00
2.367760824363992267e+00
3.134440741193737612e+00
3.355950342465753522e+00
2.856875305772994089e+00
2.853190741193737612e+00
3.012766022504892227e+00
3.881444165851271944e+00
2.535714285714285587e+00
2.773468077299412915e+00
2.568584882583170081e+00
2.688417318982387449e+00
2.933272688356164171e+00
3.634012659001956802e+00
1.939411081213307186e+00
2.224146893346379716e+00
2.204118762230919959e+00
2.131734650195694858e+00
2.125382216242661659e+00
2.093635335127201458e+00
2.199631543542074574e+00
2.016129525440313319e+00
2.195274278375733967e+00
2.375550391389432470e+00
2.213123776908023643e+00
2.053303877201565708e+00
1.974429733365949069e+00
2.420300269080234656e+00
1.884784735812133016e+00
1.885900807240704413e+00
1.863564090019569575e+00
1.846005075831702591e+00
2.119113869863013644e+00
2.130534491193737612e+00
2.301163466242661659e+00
2.040881849315068663e+00
1.938157411937377672e+00
2.321053999510763077e+00
2.035186827299412915e+00
2.049038343933463846e+00
2.239382032778864939e+00
2.219973091976516599e+00
2.371804672211350162e+00
2.035148605675146882e+00
2.115926186399217368e+00
2.012559625733855384e+00
2.071581457925636194e+00
2.443722480430528421e+00
3.332596930039139149e+00
4.062377690802348340e+00
2.787097908512720323e+00
3.425360812133072308e+00
4.299290606653620728e+00
2.732364542563600729e+00
3.107402764187866762e+00
3.380052898727984534e+00
2.437209515655577086e+00
2.672906983855185992e+00
3.866300758317025466e+00
3.917211961839530243e+00
3.147352005870841296e+00
4.063868334148727612e+00
3.245573935909980445e+00
3.472373409980430647e+00
3.050857693248532510e+00
3.811116377201565708e+00
2.808937744618395183e+00
3.243158329256360162e+00
3.678869557240704413e+00
3.166860322896281943e+00
3.237180467221135061e+00
3.268514554794520688e+00
3.172249571917808098e+00
2.475041279354207369e+00
3.497278620352250567e+00
2.939778008806262388e+00
2.926966120352250567e+00
2.997156311154598907e+00
2.894340141878669392e+00
2.778268713307240567e+00
2.968283696183953158e+00
3.384486607142857206e+00
2.854903069960860851e+00
3.154744068003914048e+00
2.934847419275929514e+00
2.604123348825831741e+00
3.371376590019569353e+00
3.358541768590998178e+00
3.651021281800391538e+00
2.827307057240704413e+00
3.078553082191780810e+00
2.909590569960860851e+00
2.708338429549902227e+00
3.402221440802348340e+00
2.695320144324853118e+00
2.915423189823874939e+00
2.740880320450097773e+00
2.323072101272015466e+00
2.868808096868884494e+00
2.646159491193737612e+00
3.039559381115459757e+00
2.670315557729941336e+00
2.637177409491193725e+00
2.936582681017612551e+00
2.714048740215264210e+00
3.657526602250489312e+00
2.426132888943248744e+00
2.657549535225049109e+00
3.801109955968688947e+00
3.270838429549902227e+00
3.639195511252446114e+00
3.282778864970645749e+00
2.781945633561643927e+00
3.083896465264187814e+00
2.717855613992172348e+00
2.801973764677103684e+00
2.588062622309197813e+00
3.057370658023483401e+00
3.535614909491193725e+00
2.644752935420743523e+00
3.036524584148728056e+00
2.628745719178082307e+00
3.056170499021526599e+00
3.039964530332681214e+00
2.660179182974559797e+00
2.703300819471624372e+00
2.494564885029354251e+00
2.427944593933463846e+00
3.400340936888453847e+00
2.551530393835616639e+00
3.045499021526418826e+00
2.166271709882582996e+00
2.767429060665361984e+00
2.500168175146771254e+00
2.822361179060665304e+00
2.494985322896281943e+00
2.580349498532289676e+00
2.621667074363992267e+00
2.441046966731898138e+00
2.832421110567514777e+00
2.609596685420743523e+00
2.922425391389432470e+00
2.746613564090019555e+00
3.186154598825831741e+00
2.659208353718199636e+00
3.113082497553815831e+00
2.362470951565557531e+00
2.441987218688845385e+00
2.732112279843444291e+00
2.659185420743639838e+00
2.494113869863013644e+00
2.220890410958904049e+00
2.715134234344422914e+00
2.667670621330723968e+00
2.492034613502935425e+00
2.357494496086105507e+00
2.601478412426614373e+00
2.657541890900195547e+00
2.307760518590998178e+00
2.554664567025440203e+00
2.751551797945205546e+00
2.794505259295498867e+00
2.369564885029354251e+00
2.394944043542074574e+00
2.765449180528375628e+00
2.858197773972602551e+00
2.361209637964774899e+00
2.319219361545988178e+00
2.363533512720156438e+00
2.308349131604696680e+00
2.574279904598825830e+00
2.426927898727984534e+00
2.476333170254402916e+00
2.721463735322896316e+00
2.818454929060665304e+00
3.602930834148728056e+00
3.470041890900195547e+00
3.015976638943248744e+00
4.619373776908023643e+00
4.976424902152642105e+00
4.376796416340508422e+00
3.917227250489236923e+00
4.485047700587084130e+00
3.427730552837573441e+00
3.811231042074363806e+00
5.795521954500978623e+00
4.840829867906066397e+00
4.828904721135029554e+00
4.740521037181996356e+00
5.313990643346379272e+00
3.286440496575342429e+00
4.347564518101760811e+00
3.965638759784735790e+00
4.690702972113502511e+00
3.728565313111546153e+00
4.839889615949119595e+00
4.016290056262231012e+00
4.376192514677104128e+00
3.609734283268101862e+00
4.352380442759295143e+00
4.211403803816047287e+00
3.423663772015655749e+00
3.170048006360078219e+00
3.405944227005870850e+00
3.732012903620352429e+00
5.009540117416829474e+00
3.192545254403130972e+00
3.166416952054794454e+00
3.148575097847358339e+00
3.351531922700587085e+00
3.245099987769080041e+00
3.415453767123287854e+00
3.003302348336594818e+00
3.445656494618395183e+00
3.909078400195694858e+00
4.368196550880626639e+00
3.994404354207436558e+00
3.147665423189824008e+00
3.364458476027397449e+00
4.415293236301369717e+00
3.882063356164383361e+00
3.634310787671232834e+00
4.558295621330723968e+00
3.886909858121330608e+00
4.087451076320939514e+00
3.682148972602739878e+00
3.587925024461839474e+00
4.002874266144814008e+00
3.375321061643835829e+00
2.701259784735812186e+00
3.324149951076321052e+00
3.593910530821917693e+00
4.564877385029354251e+00
3.781632216242661659e+00
2.891863380626223279e+00
3.598650012230919959e+00
3.241048495596869028e+00
3.485697468199608462e+00
2.752599070450097773e+00
3.315725905088062753e+00
4.214522688356164615e+00
3.441819043542074574e+00
3.620627446183953158e+00
2.792578889432485223e+00
3.147581335616438380e+00
4.184327605185909960e+00
3.292051431017612551e+00
4.033291034735811742e+00
2.975813356164383361e+00
3.244381421232876761e+00
5.623341181506849473e+00
3.037212573385518422e+00
3.522948263209393360e+00
3.487509173189824008e+00
2.761711105675146882e+00
4.890013454011741700e+00
4.093031433463796276e+00
4.299756910469667126e+00
4.258278803816047287e+00
3.465845156555773077e+00
4.817033084637964535e+00
2.551408084637964979e+00
4.295827727495107773e+00
4.291829745596868584e+00
6.512337940313111417e+00
3.458537181996085952e+00
4.093039077788649394e+00
3.954072896281800364e+00
4.427577666340508422e+00
3.981860017123287854e+00
3.399377751956947247e+00
2.857784980430528421e+00
4.641481164383561620e+00
3.417028498043052753e+00
2.682355369373776721e+00
2.980491682974559797e+00
2.475981531311154615e+00
4.027886497064579352e+00
2.336747798434442469e+00
2.798564395792563442e+00
2.981653620352250567e+00
2.548449730919765344e+00
2.670514310176125061e+00
2.661371697651663482e+00
2.541394019080234656e+00
2.335257155088062753e+00
2.664360628669276032e+00
2.128806873776908137e+00
2.515793175146771254e+00
3.096479023972602551e+00
3.240054733365949069e+00
2.682814028864970446e+00
3.331029843444226923e+00
2.709569165851271944e+00
2.533413343933463846e+00
2.610124143835616639e+00
2.558975966242661659e+00
2.825166646281800364e+00
2.199165239726027288e+00
2.720248287671232834e+00
3.118433524951076397e+00
2.898261680528375628e+00
2.672425391389432470e+00
3.808112157534246478e+00
2.632063356164383361e+00
2.945557118395303320e+00
2.509456029843444291e+00
3.225851577788649838e+00
3.470592282289628017e+00
2.726126773483366073e+00
2.931996086105675303e+00
2.938593138454011822e+00
2.623318248532289676e+00
2.674917441291585263e+00
2.717091181506849473e+00
3.316582069471624372e+00
2.643698018590998178e+00
2.996498899217221012e+00
2.883255870841487489e+00
3.347205234833659393e+00
4.142857142857143238e+00
3.440007338551859029e+00
4.034345951565557975e+00
2.793618517612524332e+00
2.912357815557729879e+00
4.349934258806261944e+00
3.128340569960860851e+00
2.847274033757338341e+00
3.178968933463796276e+00
3.632254464285714413e+00
3.176140533268101862e+00
3.210929855675146882e+00
3.012223275440313319e+00
3.106294337084148705e+00
3.489443187377690769e+00
3.272588979941291498e+00
3.339163405088062753e+00
2.832726883561643927e+00
3.140770242172211457e+00
3.436414505870841296e+00
3.115735078277886316e+00
3.633844483855185992e+00
4.990865031800391094e+00
3.598971073874755344e+00
3.369404354207436558e+00
2.916394019080234656e+00
3.622851944716242834e+00
3.281486974070450202e+00
3.351440190802348340e+00
2.870841487279843562e+00
2.968879953522504778e+00
3.205456519080234656e+00
3.356279048434442469e+00
3.117890777886497045e+00
4.131528253424657571e+00
4.521534063111546153e+00
3.083529537671232834e+00
3.192973336594911782e+00
3.146006604696673037e+00
3.412655944227005911e+00
3.211396159491193725e+00
3.081694899706457935e+00
3.135380993150684859e+00
2.995887353228962713e+00
3.657748287671232834e+00
3.901013637475537976e+00
3.554450525929549798e+00
3.121873471135029554e+00
2.719453277886497045e+00
3.314288772015655749e+00
2.677218383072407004e+00
2.866277825342465668e+00
3.070228412426614373e+00
3.047700587084148705e+00
3.308677837573385627e+00
3.055413710861056842e+00
2.845064823874755344e+00
3.002094545009784898e+00
2.468887597847358339e+00
2.606248471135029554e+00
3.031976210861056842e+00
3.696543236301369717e+00
3.280554366438356073e+00
2.624380809686888583e+00
3.812316536203522510e+00
3.430497798434442469e+00
3.244503730430528421e+00
3.227105247064579352e+00
2.707398177592954980e+00
3.577169459393346518e+00
3.024652947651663482e+00
2.821382705479452024e+00
2.622813723091976357e+00
2.193646037181995911e+00
2.309212940313111417e+00
2.962145303326810364e+00
2.814502813111546153e+00
2.284667013209393360e+00
2.470599926614481578e+00
2.266733427103718057e+00
2.600905088062622106e+00
2.856034430039139149e+00
2.270945450097847207e+00
2.408489787181995911e+00
2.852907901174168259e+00
2.354750183463796276e+00
2.727380442759295587e+00
2.815137292074363806e+00
2.595133622798434292e+00
2.518239359099804453e+00
2.284873409980430647e+00
3.094613808708414737e+00
2.477823813600782632e+00
2.416279354207436558e+00
2.118135396281800364e+00
2.237302776418786721e+00
2.521105980919765344e+00
2.034139554794520688e+00
2.574738564090019555e+00
2.620795621330723968e+00
2.641106592465753522e+00
2.512689579256360162e+00
3.955846379647749433e+00
3.375596257338552064e+00
3.336319716242661659e+00
3.717022382583170081e+00
4.039200097847357895e+00
3.841808341487279677e+00
4.090952177103718057e+00
3.224659063111546153e+00
3.855147688356164171e+00
4.219881360078278298e+00
3.838582436399217368e+00
3.836732509784735790e+00
4.730965631115459757e+00
3.784093688845401093e+00
5.618058953033267855e+00
3.979818982387475668e+00
4.035637842465753522e+00
3.740765655577299231e+00
4.035439090019569797e+00
4.085471196183952713e+00
4.349299779843444291e+00
4.987509173189823564e+00
3.775203339041095951e+00
3.144386007827788543e+00
4.478099009295498867e+00
4.361438967710371983e+00
5.721570755870841296e+00
3.599613197162426559e+00
3.248463490704501133e+00
3.911547517123287854e+00
3.810512475538160526e+00
4.288626773483366073e+00
3.578377262720156438e+00
3.916141756360078219e+00
4.059816841976516599e+00
4.528864970645792631e+00
3.985812133072407004e+00
3.437201871330723968e+00
3.386688172700587085e+00
4.128348214285714413e+00
3.759715936888453847e+00
3.390839041095890405e+00
3.536631604696673037e+00
3.443477862035225101e+00
4.162342526908023643e+00
5.305688906555772633e+00
3.456312683463796276e+00
4.129349620841487045e+00
4.331266817514676681e+00
4.766450587084149149e+00
3.499610139432485223e+00
3.937362402152641661e+00
4.756581763698630283e+00
3.449516878669276032e+00
4.064571612035225101e+00
5.729589652641879027e+00
4.253569899706457491e+00
5.638316413894324697e+00
4.238380626223092307e+00
3.772512536692759433e+00
4.060825892857143238e+00
7.119014493639921781e+00
4.663298067514676681e+00
4.516305344911937247e+00
5.249839469178081863e+00
3.759563050391389272e+00
3.250214041095890405e+00
6.570901113013698946e+00
4.281219422700586641e+00
3.458361362524462024e+00
3.424611668297456113e+00
3.489015105185909960e+00
3.738594667318982268e+00
3.248425269080234656e+00
3.285859527886497045e+00
4.026915667808219190e+00
3.090317698140900404e+00
4.165033329256360162e+00
3.958820022015655749e+00
3.595064823874755344e+00
3.016190680039139149e+00
3.190381910469667126e+00
3.110857999021526599e+00
4.103030210371819919e+00
4.207826259784735790e+00
3.441429182974559797e+00
3.848971073874755344e+00
3.859214469178082307e+00
3.267543725538160526e+00
3.251735261741683036e+00
3.369733060176125061e+00
3.464874327299412915e+00
3.579027030332681214e+00
3.061605613992172348e+00
4.000007644324853118e+00
4.773735628669276032e+00
3.675559564579256477e+00
3.256490031800391538e+00
3.334087573385518422e+00
3.412457191780821741e+00
4.005511558219177815e+00
4.613831641389432470e+00
4.313203277886497489e+00
3.303777825342465668e+00
3.967511619373776721e+00
2.857884356653620284e+00
4.215738136007828096e+00
2.912487769080234656e+00
2.777267306751467490e+00
3.288840814579256477e+00
2.967664505870841296e+00
3.537954072896281943e+00
3.289612891389432470e+00
2.926660347358121417e+00
3.179213551859099596e+00
3.313944777397260122e+00
6.984084515655577086e+00
2.819142918297456113e+00
3.282090875733855384e+00
2.989901846868884494e+00
2.879387842465753522e+00
3.002293297455968624e+00
3.070602984344422914e+00
3.102403375733855384e+00
3.186078155577299231e+00
4.907259050880626639e+00
3.213314885029354251e+00
4.137926553326810364e+00
3.081954806751467490e+00
2.808456152152641661e+00
3.251200159001956802e+00
2.597090569960860851e+00
4.691215141878669392e+00
2.905210371819960891e+00
2.795407289628180081e+00
4.077681629158512955e+00
2.896809258806262388e+00
3.276281188845401093e+00
4.063356164383561620e+00
2.525600843933463846e+00
3.190137292074363806e+00
3.134555406066536154e+00
2.273475721624266033e+00
2.487516817514677125e+00
2.765946061643835829e+00
3.229215080724070486e+00
3.226180283757338341e+00
2.833766511741683036e+00
3.429374082681017732e+00
3.982456274461839474e+00
2.518583353718199636e+00
2.764317820450097773e+00
2.437156005381604817e+00
3.674764554794520688e+00
2.853542380136986356e+00
3.421423984833659393e+00
2.972159368884540243e+00
3.029698202054794454e+00
2.461457314090019555e+00
3.137246208414872672e+00
2.839262781311154615e+00
2.754242600293542065e+00
3.298549107142857206e+00
3.656853901663405182e+00
3.001177226027397449e+00
3.497301553326810364e+00
2.769913466242661659e+00
2.855308219178082307e+00
4.756581763698630283e+00
2.789689334637964979e+00
2.140288649706457935e+00
2.163932546477495222e+00
2.354719606164383361e+00
3.098894630626223279e+00
3.179565190802348340e+00
3.017505503913894493e+00
3.472419275929549798e+00
3.449402213796477490e+00
2.772451382093933603e+00
3.228687622309197813e+00
2.657411937377690769e+00
2.604092771526418826e+00
2.902274951076321052e+00
2.750275195694716235e+00
3.241331335616438380e+00
2.873646954500978623e+00
2.680062071917808098e+00
3.769814090019569353e+00
2.862814946183953158e+00
3.005236362524462024e+00
2.675712451076321052e+00
2.693890655577299231e+00
3.178265655577299231e+00
2.928747248043052753e+00
3.186009356653620284e+00
2.960287732387475668e+00
2.465508806262231012e+00
2.127629647749510688e+00
2.598672945205479312e+00
3.282366071428571619e+00
2.961006298923678948e+00
2.848168419765166437e+00
3.234833659491193725e+00
2.927600599315068663e+00
2.638530454990215102e+00
2.773995535714285587e+00
2.731363136007827652e+00
2.801629770058708502e+00
3.605652213796477490e+00
2.484818370841487489e+00
2.480346440802348340e+00
3.179519324853228746e+00
3.360643957925636194e+00
2.970974498532289676e+00
3.358289505870841296e+00
3.250580968688845385e+00
3.152909430039139149e+00
3.108625856164383361e+00
3.430314334637964979e+00
2.474743150684931337e+00
2.369618395303326963e+00
2.113365337573385627e+00
2.406181201076321052e+00
2.224208047945205546e+00
2.284422394814090040e+00
2.392788343933463846e+00
2.069578644814090040e+00
2.120314028864970446e+00
2.645540300880626194e+00
2.213223153131115506e+00
2.053877201565557531e+00
2.181415117416829919e+00
2.464744373776908137e+00
2.255029965753424737e+00
2.599574975538160526e+00
2.596280271526418826e+00
2.677791707436399271e+00
2.457474620841487489e+00
1.792601822407045020e+00
2.262689579256360162e+00
2.135900807240704413e+00
2.299405271526418826e+00
2.290270303326810364e+00
2.968918175146771254e+00
2.568256176614481578e+00
1.786532228473581174e+00
3.193065068493150527e+00
3.360368762230919959e+00
3.518759173189824008e+00
4.212084148727984534e+00
3.269493028375733967e+00
3.650577910958904049e+00
3.098030821917808098e+00
3.872232754403130972e+00
3.656769814090019555e+00
2.597419275929549798e+00
3.393483977495107773e+00
2.882040423189824008e+00
4.394202544031311497e+00
3.695763515166340607e+00
2.903215203033268299e+00
3.871972847358121417e+00
3.093750000000000000e+00
3.513522810665361984e+00
3.958376651174168259e+00
3.017474926614481578e+00
4.187500000000000000e+00
5.430933524951075952e+00
4.285760151663405182e+00
3.997737279843444291e+00
5.589109894814090040e+00
4.010144019080234656e+00
4.562721685420743967e+00
4.711174474070450202e+00
4.333590692270059108e+00
5.991514799412915870e+00
5.316031678082191902e+00
5.461411448140900404e+00
5.080104880136985912e+00
4.989741316046966801e+00
6.866767062133072308e+00
4.748631665851272388e+00
5.252308586105675303e+00
5.127637292074363806e+00
5.068676614481408826e+00
4.533428632583170526e+00
6.131826382093933603e+00
3.998914505870841296e+00
3.738288894324853118e+00
3.352510396281800364e+00
3.454271648727984534e+00
3.784980430528375628e+00
4.314151174168297409e+00
7.294696367416829474e+00
4.047822896281800809e+00
4.706190374266144616e+00
3.503264126712328785e+00
4.492516205968688503e+00
3.413718505381604817e+00
3.439044153620352429e+00
3.265120474559686681e+00
3.358052531800391538e+00
3.314648055283757166e+00
3.141794581702543887e+00
4.149354818982387449e+00
3.557653498043052753e+00
3.030019263698630283e+00
2.680260824363992267e+00
3.592756237769080041e+00
3.308448507827788543e+00
3.697391756360078219e+00
3.927600599315068663e+00
3.981676553326810364e+00
3.031792747064579352e+00
3.358725232387475668e+00
3.413198691291585263e+00
3.009914689334638016e+00
3.277343750000000000e+00
4.417846440802348340e+00
2.950785836594911782e+00
4.084775562622309231e+00
3.812843994618395183e+00
3.100851577788649838e+00
3.909422394814090040e+00
2.933624327299412915e+00
2.537999938845401093e+00
3.589278069960860851e+00
3.062843994618395183e+00
3.042357204011741700e+00
3.196864297945205546e+00
3.209385702054794454e+00
3.118701076320939514e+00
2.798350354696673037e+00
2.429595768101761255e+00
2.711006298923678948e+00
3.118150684931507044e+00
2.530003975048923603e+00
3.163496819960860851e+00
2.607372186888453847e+00
2.945870535714285587e+00
2.710303021037181903e+00
2.801614481409001822e+00
2.634073813600782632e+00
