9.272928806888811604e-01
8.619978935472643045e-01
9.037677929204036564e-01
8.788397450713576475e-01
9.259454473447726874e-01
8.621082515152540537e-01
8.706247252562619998e-01
8.768808893622060952e-01
8.701375725265062533e-01
9.117680111718986513e-01
8.453280388688788616e-01
8.572694090640334830e-01
9.725838135578495081e-01
8.955290098106329921e-01
8.682095482968721356e-01
8.765629327349244715e-01
8.802234496409222508e-01
8.547658852064659030e-01
9.338282940650358688e-01
8.696152293113128540e-01
8.724822500301588901e-01
8.715295066060460005e-01
8.557686085990278135e-01
8.476768222276218623e-01
8.850438210819471241e-01
8.469621039933684647e-01
8.535673372118556257e-01
8.693224916324211460e-01
8.561346866603231076e-01
8.177074259816667912e-01
8.603888733363870278e-01
8.890089111168796299e-01
8.625670417790380906e-01
8.669905492711251771e-01
9.135831374806910876e-01
9.426675098159797983e-01
9.822623534658526667e-01
9.085620904797993003e-01
9.161624151458015453e-01
8.795208924192268185e-01
8.619692715586406706e-01
9.638637218379479954e-01
8.488289208412997944e-01
9.314711620207076770e-01
9.242298691029990909e-01
9.486665244640823946e-01
9.556564545788155396e-01
9.792974784279466771e-01
9.631606452864686085e-01
9.315197025986731161e-01
9.076326746130006784e-01
9.052363268724822332e-01
9.530889072082332492e-01
9.109644912630331381e-01
9.123752851034296896e-01
9.631016894611290624e-01
9.738422603459712112e-01
8.418449470310349625e-01
9.856394171755979983e-01
8.959188238631539125e-01
8.851191718549663578e-01
8.889408060887336038e-01
8.884367085269002651e-01
8.912964641453015036e-01
9.121427743669687782e-01
9.645520270364409399e-01
9.423869346499316180e-01
9.220466124533317487e-01
8.924442042376108386e-01
9.620495837237719172e-01
9.668827673110692578e-01
9.341131427807154441e-01
8.950818664939359515e-01
9.077378292804287874e-01
9.099738568675275197e-01
9.398603606335396154e-01
9.141546815652491498e-01
8.977167169507604960e-01
9.129882636272631524e-01
9.482196623683659675e-01
9.341535693683624686e-01
9.266955647026031695e-01
9.276663322882938711e-01
9.396600298458666067e-01
9.076358688837391497e-01
9.240929816495346838e-01
9.478492852105711020e-01
9.393300111768430050e-01
9.354457493099913590e-01
9.415665753706434771e-01
9.253695088350193387e-01
9.445729840479750727e-01
9.349651299316722453e-01
9.409629860591124384e-01
9.410644417810937190e-01
9.238227217421370874e-01
9.657573496783997680e-01
9.363816977692316357e-01
9.421524900367359567e-01
9.365406478646431943e-01
9.408262334394830173e-01
9.516367131251808331e-01
9.346950461432029789e-01
8.980108422528912948e-01
9.482904511650075419e-01
9.141973511509831063e-01
9.427686764343850001e-01
8.655259931722678601e-01
9.614699748791979417e-01
9.388357938217343213e-01
9.736698358402017250e-01
9.163860093704387921e-01
8.683657716433161866e-01
8.743477005390770662e-01
9.266154046260689503e-01
9.202417476887105874e-01
9.151772784801770477e-01
9.219429573726001248e-01
8.828235914679035679e-01
9.204709164028355151e-01
8.882403478744886893e-01
8.646088903796993463e-01
9.465278095556481919e-01
9.442502333132387626e-01
8.561339602124078407e-01
9.281702040636983231e-01
9.091149714335997611e-01
9.514720258387211471e-01
9.654667723294538817e-01
8.911239332767031396e-01
8.999767816846416801e-01
8.919766467771174101e-01
9.141483011854423246e-01
8.755857184041497820e-01
8.505956995081603855e-01
8.932198443013739109e-01
8.709888638014569029e-01
9.147832462951580590e-01
9.466780134439034544e-01
8.814492443614891926e-01
8.604946774488499983e-01
9.536902133878336629e-01
8.464471333063918745e-01
8.555821377579067022e-01
8.565960696957776177e-01
8.784463834410130012e-01
8.257880239362138663e-01
8.536906585231422984e-01
8.407625534837787074e-01
8.441488599910391688e-01
8.745743335997184786e-01
8.125259703314902104e-01
8.113961112136260923e-01
8.427253565185024442e-01
8.129037123177245139e-01
8.019778669335098087e-01
9.778243588377459883e-01
8.575834009400717939e-01
8.794667248532896942e-01
9.084344774515744625e-01
8.232109478306401940e-01
8.469938583406005916e-01
9.242100528600446507e-01
8.736375774021323259e-01
8.649669181320286393e-01
8.687969281633520779e-01
8.499701819061753483e-01
8.699025333945229477e-01
8.549475687953007608e-01
8.459994160736066249e-01
7.856599190415601841e-01
8.568339362373931234e-01
8.426856897582299943e-01
9.134078850573527086e-01
8.993262033443222281e-01
9.727563258166891380e-01
8.629466564244407945e-01
8.972050971584608625e-01
9.218648994399389895e-01
8.623882460674845429e-01
9.131319562153983327e-01
8.752408873908352760e-01
9.068824288614844020e-01
7.976775615402413866e-01
8.130922706402745614e-01
8.905094891606416541e-01
8.991821153661875288e-01
8.640118865822243865e-01
9.678661321469470558e-01
9.334464781236300190e-01
8.951833260260362302e-01
8.767980464467147739e-01
8.889153002945661131e-01
8.285293437779392978e-01
9.411528589355715457e-01
8.994248101326645095e-01
8.699088153280720714e-01
8.808164220449397064e-01
9.160667609919579402e-01
8.854998478429717546e-01
9.004399240083218459e-01
9.200028859060827013e-01
8.979951308412594813e-01
8.742569066246156373e-01
9.069129282117232016e-01
8.500449112115191497e-01
8.818099446868519209e-01
9.099155802082978806e-01
9.203645801918429736e-01
8.797918430655371491e-01
8.653253762909287605e-01
9.127651036409363261e-01
9.019552398137865579e-01
9.162334935701214045e-01
8.987965379841517111e-01
8.887241933040961328e-01
9.013034816955629580e-01
8.250690468212477091e-01
8.938311113962883470e-01
9.190286721758056387e-01
9.559417777769216862e-01
8.911913517801487439e-01
9.777005271714003243e-01
9.719432250543208474e-01
9.579488060232906887e-01
9.269115360470362441e-01
8.863380773104356791e-01
9.367623716523156840e-01
9.424123783863727066e-01
9.232805374999808468e-01
9.509962578798030197e-01
9.085373022488199002e-01
9.228096750732458498e-01
9.442869002610494444e-01
9.088663076115695016e-01
9.052270380450309073e-01
8.909866335313854080e-01
9.656610462673423934e-01
9.683816077304759906e-01
9.370154259000735841e-01
9.249692240284829170e-01
9.310112792996815267e-01
9.253599968411467813e-01
9.643093860440178355e-01
9.697127911749687801e-01
9.434107179929046572e-01
8.948815894557394790e-01
9.539227335832287658e-01
9.523563413519823273e-01
9.326046658064297556e-01
9.025432102454835626e-01
9.157627346478187658e-01
9.334313418921214023e-01
9.059902102661465673e-01
9.289395904496926537e-01
9.014212264285456078e-01
8.239023220711906292e-01
9.161300790266804217e-01
8.838394822944858342e-01
9.202558983412900684e-01
8.036393374425728764e-01
9.362728494053021988e-01
9.188859766389763095e-01
9.100715372981877938e-01
8.626136791105977197e-01
9.127650080941798194e-01
9.353547430232661553e-01
8.568421528628120676e-01
9.395677650400494629e-01
8.374636373771972009e-01
8.868072111001792379e-01
9.068928711470305437e-01
8.764839195799150051e-01
7.469404438052160700e-01
8.959930637104572826e-01
8.402252211263947501e-01
8.447955823571475786e-01
9.152327583612753781e-01
8.635792643304025518e-01
8.744682695605300315e-01
8.570112739816965197e-01
9.076337576846298383e-01
8.519904367341701867e-01
8.952407690331861678e-01
8.503165572961259855e-01
8.851223452497873900e-01
8.885490776311381067e-01
8.413649512267113995e-01
8.462718507112731992e-01
8.479037395670820931e-01
8.941409729973638365e-01
8.227922259253058757e-01
8.446282417297885647e-01
8.140008137505955199e-01
8.605011280316532396e-01
9.079349176161134460e-01
8.629976685819227278e-01
8.805419233287775649e-01
8.766808963461590887e-01
8.353992470272357806e-01
9.255213254713543503e-01
9.052487450274374625e-01
9.291187616187190912e-01
8.959808555038132338e-01
8.840280183081210552e-01
9.383840564431003006e-01
9.404462862386544497e-01
9.209295455940829100e-01
9.353934992479882027e-01
9.446941197563681891e-01
9.039936314313213872e-01
8.925941179042002904e-01
9.307915689139597548e-01
9.087736826645579358e-01
8.967634301612269487e-01
8.852637030272516583e-01
9.381564445245702544e-01
9.334821739060812362e-01
8.934683897784029272e-01
9.340378038601773181e-01
9.126339793359650177e-01
9.375255818594107060e-01
9.140851683756078261e-01
9.307609075045755187e-01
8.922533237486969249e-01
8.927962831027469459e-01
9.039283611300583665e-01
9.324651960765441006e-01
9.361941320209437034e-01
9.568103014393105621e-01
9.200312795635048335e-01
9.371735623501069590e-01
9.387589200642942888e-01
8.550171913120876432e-01
9.320958023105969659e-01
9.220483718977249277e-01
9.520315651343314034e-01
9.425522934029693101e-01
8.874274557364350002e-01
9.025986996252902683e-01
8.785877211451252888e-01
9.182202662923077963e-01
9.319147716161382267e-01
9.570713780180692964e-01
9.251738408964129690e-01
9.445850841375011964e-01
9.202267682646190217e-01
9.101051139817291080e-01
9.182595924696855816e-01
9.271443338282450153e-01
9.245696807121315253e-01
9.680236587507627943e-01
9.573860309713611016e-01
9.589819910205383824e-01
9.282863113799524335e-01
9.681568574793602000e-01
9.586135564065318970e-01
9.295006530065655914e-01
9.301960214802045268e-01
9.589583222837791965e-01
9.536540145218230791e-01
9.386600955300505866e-01
9.482698531056064084e-01
9.301246640192419868e-01
9.382843703367068633e-01
9.513111933131356279e-01
9.334940065611554427e-01
9.298427582414202641e-01
9.331974040927096814e-01
9.550870656675145565e-01
9.067672856855045760e-01
9.033633553379850634e-01
9.221565988102808920e-01
9.440578492956506196e-01
8.726008262173292618e-01
8.668646383058842275e-01
9.004182428377685010e-01
8.781643604076999621e-01
9.268494314866040362e-01
9.182762755354113571e-01
9.148768641787341505e-01
9.211521108798501611e-01
9.030053060375720086e-01
8.684800530526761708e-01
9.392181971851412126e-01
9.256085346725082541e-01
8.632853705131617872e-01
8.928729797081322861e-01
8.914411408838973649e-01
9.062409515103413415e-01
9.211912397352257642e-01
9.080045608618529940e-01
9.254460302596274612e-01
9.162965810763357144e-01
9.320900992930802875e-01
9.020212285582345224e-01
8.656470294109375185e-01
8.886779031807254814e-01
9.299147400612913783e-01
8.939138024537747196e-01
9.279392454818700120e-01
9.244411871656315061e-01
9.152472709485519609e-01
9.406387604676775815e-01
9.270110541956690930e-01
9.151031403155343025e-01
9.399854981929957054e-01
9.416791668868997878e-01
8.938309575913752081e-01
9.010124592938306698e-01
9.299196331196066811e-01
8.915297752393259723e-01
8.572068622215003320e-01
9.440255074842204275e-01
9.373114026806059762e-01
9.623842032645729683e-01
9.436380424561843228e-01
9.478635012179316144e-01
9.297535011165865004e-01
9.292444751820371218e-01
9.659147044842801844e-01
9.549768206795591352e-01
9.012800679377395152e-01
9.164405505506416638e-01
9.191296419757037928e-01
9.140890446149569915e-01
9.395374886838279149e-01
9.492751583256282544e-01
8.587685044950800206e-01
9.493211465673156990e-01
8.973373324522027072e-01
8.777857189951091543e-01
9.143686280069440731e-01
8.869815669026506200e-01
9.732091593799571116e-01
9.276412213194271672e-01
9.480236153480176009e-01
9.292898471414217099e-01
8.933294102607642895e-01
9.258319316392387144e-01
9.288582995431406975e-01
9.410232992180955769e-01
9.548132507597583141e-01
8.887182964996322987e-01
9.344490484308225486e-01
9.259491829603765378e-01
9.096844807102388852e-01
9.290469673207886192e-01
9.169266943153840943e-01
9.210830458517390573e-01
9.390729000884373567e-01
8.981651036205622329e-01
9.317687295087944133e-01
9.393452772501000858e-01
9.250017824301168812e-01
9.406095788948787284e-01
9.161163646766927737e-01
9.097617157820141465e-01
9.308889359635186267e-01
9.595948451767764009e-01
9.463920692678887692e-01
9.444490618512512148e-01
9.762777382685661198e-01
9.746341820552990587e-01
9.732411709010363454e-01
9.613351135449936802e-01
8.975614562270638475e-01
9.101360441721179084e-01
8.827806155709476688e-01
9.311045447255863472e-01
9.388197507899644911e-01
9.485336063829057363e-01
9.369438061132979723e-01
9.455802613822144043e-01
9.483967367366555878e-01
9.487330589303402117e-01
9.614336019215070639e-01
9.333462834221167848e-01
9.672325919499987767e-01
9.100300307855063719e-01
8.950795015661783260e-01
9.002165812858908822e-01
8.911324139647229803e-01
9.300868927351981785e-01
9.421708822309495801e-01
9.331090090607301324e-01
9.535317808496983627e-01
9.308582778453797779e-01
9.577445136862776653e-01
9.558102314125089816e-01
9.328107375622612940e-01
9.350881943898023962e-01
9.054226558326596841e-01
9.405730993252445771e-01
9.297135931152700206e-01
9.157893391965157281e-01
9.449884675699997683e-01
8.903867834034140394e-01
9.226270518493748796e-01
9.082173942581674986e-01
9.032716180081559187e-01
9.025719345383682590e-01
9.231044988674902418e-01
9.441278431331114884e-01
9.178410943899674157e-01
9.763001208864552360e-01
9.169082957507684872e-01
9.149088883272072925e-01
9.423086359048513660e-01
9.069979056728567635e-01
9.493449978544015178e-01
9.322567993673793740e-01
9.391162034161664174e-01
9.591725743389544201e-01
9.206680372691805614e-01
9.755715593693962129e-01
8.041580180867042849e-01
8.739872852834991157e-01
7.552251768741193860e-01
8.946516858447783882e-01
8.398629389401601752e-01
8.865707430178647597e-01
8.042788262264024546e-01
8.404842041907641947e-01
7.777824981179366493e-01
9.156278536490364273e-01
9.404243531458031935e-01
8.247652030276810819e-01
8.725505988755786202e-01
9.123940138219055473e-01
9.190520659143357474e-01
9.376800645690670510e-01
9.170981008800089818e-01
9.241707033431539875e-01
9.032484784859426963e-01
8.898232905597363018e-01
9.211083462416915779e-01
9.170252193431865928e-01
8.922469036055318270e-01
8.249108796915236574e-01
7.448682523821847923e-01
8.987688267155021782e-01
7.260554392144201730e-01
9.029302642389596123e-01
9.301961015087216733e-01
9.204065800548626441e-01
9.172018018094998393e-01
8.667809875418034382e-01
8.528841579493294800e-01
8.581999941328002368e-01
8.784919696003199441e-01
8.633589311063597505e-01
8.641089488153843590e-01
8.583624815033926714e-01
8.354889606019837434e-01
8.886649732821412240e-01
8.655174090996791136e-01
8.531417113707600031e-01
8.249742878277397384e-01
8.566960116374389145e-01
8.539808119671281617e-01
8.108627956328773312e-01
8.368001117679282341e-01
8.424819980284992127e-01
8.434898269694861561e-01
8.207446348750029319e-01
8.229429043001722510e-01
8.447184486256510416e-01
8.146438147931009954e-01
8.813946747162997308e-01
8.712375448059546112e-01
8.919345354795096270e-01
8.837736533462140498e-01
8.965906091460306149e-01
8.815042592097523944e-01
8.801971227941052245e-01
8.323636077475170536e-01
8.672840225717582952e-01
8.846178429320399328e-01
9.179898140453184308e-01
8.419772997920735857e-01
8.610339028150186813e-01
8.842592103058299902e-01
8.925711885252647360e-01
9.029204447624561425e-01
8.768521711371879412e-01
8.455019917104569238e-01
8.444271563129108760e-01
8.811724378699832272e-01
9.011851315956767028e-01
8.552573247328049133e-01
9.012812058287236194e-01
9.082720223904441337e-01
9.050668075673100610e-01
8.859298163741382570e-01
8.927043577781992312e-01
8.828412431901122570e-01
9.223726693617839700e-01
8.848667304850293958e-01
9.163494302254666657e-01
9.467909728539185554e-01
9.097243888962152081e-01
9.185078864044965430e-01
9.381167173693436556e-01
9.261990672932303159e-01
9.412318586622594463e-01
9.425980159383131607e-01
8.665114224861623082e-01
9.470919214534968544e-01
9.439787893888251791e-01
9.409115900988636039e-01
9.326657407225953378e-01
9.327009317486234519e-01
9.022184762577153405e-01
9.208548175331325858e-01
8.718415796539080720e-01
8.359859495209791547e-01
8.292887379170343909e-01
9.133365096587542364e-01
9.280410827761762516e-01
9.009793173990705561e-01
9.067061424654103696e-01
8.538423835520317917e-01
9.251576896312125875e-01
9.329023444813591137e-01
9.220957362501255306e-01
9.187542983454969336e-01
9.426065023416745348e-01
9.468251147349324714e-01
9.479157119937031695e-01
9.252151118666791518e-01
9.503225468698727196e-01
9.474788051251026300e-01
9.476709545610877417e-01
9.546882922161097351e-01
9.255534243920018334e-01
9.269489012323617327e-01
8.742241693434715799e-01
8.717808140239153847e-01
8.855010866220525134e-01
9.373553819544691024e-01
9.353470686250626720e-01
9.243631053900061012e-01
8.933003446496481370e-01
9.157485202904630528e-01
9.142174542118970404e-01
9.202275963600332620e-01
9.387139045765252598e-01
8.798793512971683217e-01
8.848432163252031302e-01
9.046758636067526727e-01
9.294948877662412290e-01
9.125476971720009045e-01
8.665934103663210930e-01
8.534018111221073344e-01
8.410191709357224266e-01
9.156224528036713828e-01
9.222739750966826300e-01
8.983182732535258674e-01
8.580287234711165834e-01
8.905333907034396201e-01
9.197929821522579097e-01
8.815117672364706225e-01
8.524720272433732315e-01
8.267150446714059964e-01
8.926944554005697974e-01
8.546929025451863726e-01
8.315846005308729083e-01
9.095213856990632673e-01
8.369772495708469595e-01
8.798476426494941105e-01
8.808613206881787949e-01
8.362468296692943115e-01
9.234070504242781752e-01
8.698887240028401191e-01
8.983405480409384358e-01
8.269714121104209115e-01
8.920673254378594930e-01
8.918297354809666677e-01
8.874430911829833679e-01
8.766827117435809225e-01
8.796723001244516338e-01
7.805025197523851599e-01
8.425577296999594568e-01
8.573802706631590276e-01
8.834846482316873750e-01
8.519786299611360469e-01
8.793989814420695161e-01
7.927415982354847346e-01
8.310719307537677292e-01
8.641689521772820681e-01
8.952803136857963029e-01
8.642072250059098515e-01
8.938331873158679164e-01
8.762158408376841123e-01
9.008872577627753397e-01
9.127247551385523350e-01
9.000227500459440089e-01
8.987755104653292193e-01
9.153259232975243798e-01
9.139512246230802051e-01
8.603391759974580166e-01
9.371920722504153423e-01
8.935125601207379864e-01
8.847575665349870500e-01
8.681800782872977074e-01
8.805390817740110787e-01
9.152443443662148237e-01
9.560419466648564235e-01
8.989635768930497317e-01
9.180456185207213071e-01
9.116832774951491025e-01
8.623051729889493755e-01
8.961987090764398367e-01
8.938627746259730777e-01
8.779440625840528867e-01
9.068589961044890568e-01
8.407784311590964510e-01
9.183272911867947919e-01
8.452985500287226728e-01
8.196447735617793384e-01
8.565140419124184223e-01
9.365042786745803038e-01
9.546198721490268824e-01
9.266130944744064291e-01
9.226630280113616855e-01
9.526251175763209567e-01
9.091174372278832960e-01
9.096574847301952538e-01
9.482282338185050730e-01
9.160809670731033805e-01
9.285020275288884406e-01
9.260843996656824562e-01
9.687879763081268525e-01
9.232416508636137609e-01
9.221659670477041493e-01
9.449947499860089639e-01
9.394667768996085577e-01
9.419261803470001526e-01
9.348552696816200269e-01
8.895950316276165504e-01
7.975888251624496661e-01
8.450548336766459112e-01
7.195810189118276856e-01
7.327081433862904225e-01
7.632798094820436585e-01
7.886572528093689360e-01
8.730122390226345841e-01
7.246161718105240679e-01
7.969376677590387370e-01
7.709826900879154232e-01
6.993181230166239937e-01
7.973696318736916977e-01
8.229414502573493273e-01
7.880994416473715569e-01
8.534823238499428255e-01
7.762052863481907483e-01
7.809848614693573055e-01
7.378552672998781592e-01
8.198369267231655488e-01
8.189274973244519140e-01
8.213984222802446222e-01
8.225997994606460972e-01
8.083548326018543673e-01
8.011858572532961631e-01
8.090925915318576411e-01
7.899583160833925088e-01
7.336809897347229548e-01
7.242038165130553207e-01
7.169861026301553864e-01
7.775605716600328954e-01
7.566827902022430496e-01
7.072231387217018383e-01
7.324355766402231849e-01
7.209069781022344747e-01
7.262321596028995518e-01
7.437815400073746197e-01
7.334630730336124671e-01
7.528667954604693069e-01
7.093772741066268761e-01
7.119494371320049808e-01
7.135473597931754064e-01
8.111535124772415450e-01
6.826391977659431731e-01
7.065224885828618184e-01
7.015638445190582884e-01
6.961133860976573828e-01
7.305748886213974114e-01
7.471965134789542162e-01
7.649647983467587897e-01
7.060375746735529923e-01
7.342642379967138089e-01
7.128292188642451066e-01
8.719308080824240692e-01
9.081207180869923512e-01
9.229819381216276541e-01
9.035456818653997413e-01
8.922652016812304687e-01
8.802242848225276806e-01
9.275314783902748328e-01
8.411699425718370815e-01
8.926505114938234620e-01
8.188688691140668663e-01
8.341731121147373251e-01
8.563894647056511378e-01
9.052529579095061063e-01
8.977459382396520970e-01
8.905521770244138047e-01
8.833784053817133053e-01
9.414167308313410309e-01
8.603340306473405974e-01
8.943685997643897601e-01
9.117094718535786457e-01
9.542739985584149931e-01
8.919763776483540241e-01
9.056409647588758993e-01
8.943020837300983406e-01
9.092083081641084696e-01
9.294585669549173534e-01
8.714375537103449254e-01
9.314923182267726975e-01
9.098522163875576441e-01
9.465056853231000877e-01
9.320519172194863255e-01
9.134889573823694597e-01
9.096596810475913175e-01
8.866828199015368561e-01
8.958026806555356991e-01
8.923763138351781254e-01
9.301933147627510223e-01
9.114305884350480946e-01
9.169384818084775901e-01
9.278747338179214044e-01
8.625447803458825557e-01
9.367265768360918399e-01
9.160466036674643764e-01
9.376396805056802508e-01
9.753830555615684572e-01
9.292590629036769911e-01
9.487273890027239087e-01
9.172036780759440511e-01
9.237402488288086744e-01
9.087965628688102759e-01
9.794379400826077608e-01
9.133826281841852524e-01
8.891072149980119299e-01
9.477004207940868952e-01
9.321184970279183801e-01
9.291492792479454366e-01
9.498513703821949150e-01
9.200073069571594875e-01
9.260097434132937844e-01
9.317431457890357205e-01
9.193012065765802099e-01
9.013373596172369329e-01
9.198695755634840321e-01
9.336961117851863001e-01
9.371531107617944167e-01
9.216637057203962424e-01
9.420425755939398904e-01
8.819247309253481770e-01
9.007994112185896407e-01
9.245176426534226222e-01
9.658058464082009964e-01
8.473836273386733398e-01
8.897926838277984141e-01
9.071898975523449149e-01
9.566481582131678429e-01
9.180151260942391866e-01
9.355248913743411388e-01
9.167501616357055516e-01
9.066708983399347499e-01
8.611308491670522924e-01
8.764140829240241182e-01
9.088483070950877929e-01
9.189420754224434384e-01
9.212146364870217319e-01
8.567679934120012719e-01
8.751135278889737856e-01
8.767830925930811814e-01
8.783490730614857966e-01
8.680537104733972997e-01
9.007090712897491969e-01
9.808637813985989773e-01
9.098214799439694467e-01
9.007462355005528831e-01
9.325263142183857212e-01
9.123003757608360020e-01
9.181193688954700782e-01
9.018849495170926378e-01
