3.132873654598825608e-01
2.666416952054794787e-01
2.356974681996086007e-01
2.886420621330724190e-01
2.156999143835616473e-01
2.531647504892368117e-01
2.238181873776907971e-01
2.102724437377690714e-01
1.691689090019569408e-01
2.971501956947162348e-01
2.818691903131115284e-01
2.431965508806262222e-01
2.376009050880626139e-01
2.904231898238747722e-01
2.017872431506849418e-01
2.203247309197651771e-01
1.618762230919765233e-01
2.849804305283757389e-01
1.704455112524461968e-01
2.453751834637964702e-01
2.528360445205479201e-01
2.879617172211350051e-01
1.995398116438356073e-01
2.848657656555773077e-01
3.291569838551859362e-01
2.775577910958904049e-01
2.967297578277886538e-01
2.526984466731898027e-01
2.639203155577299342e-01
2.262185053816047065e-01
2.138194104696673203e-01
2.801415728962817764e-01
2.780546722113502733e-01
2.595248287671232945e-01
1.785637842465753466e-01
1.858794031311154504e-01
2.517199730919765233e-01
2.328461350293541954e-01
2.692484099804305364e-01
2.778941413894324697e-01
2.605109466731898027e-01
2.479971868884540132e-01
2.103871086105675026e-01
2.378378791585127328e-01
2.606867661448140638e-01
2.009922333659491245e-01
1.947085983365949013e-01
2.414842221135029277e-01
2.331824853228962879e-01
2.144080234833659615e-01
2.619175024461839474e-01
2.543572651663404960e-01
1.912839408023483401e-01
2.872431506849315030e-01
3.254494863013698835e-01
2.320664138943248633e-01
2.421034124266144838e-01
1.972770914872798431e-01
2.444731531311154504e-01
2.869755993150684970e-01
2.258821550880626139e-01
2.176568615459882616e-01
2.534399461839530465e-01
2.676660347358121306e-01
1.853825220156555820e-01
2.340157167318982490e-01
2.267383194716242611e-01
2.809671599804305364e-01
2.377690802348336463e-01
2.191092832681017510e-01
2.242844911937377783e-01
2.057470034246575430e-01
1.946168664383561564e-01
1.897397871819960780e-01
1.955265410958904049e-01
2.039429427592955035e-01
1.978657045009784843e-01
2.010916095890410982e-01
1.973688233855185881e-01
2.086059809197651771e-01
1.997003424657534110e-01
2.534170132093933603e-01
2.505198140900195547e-01
2.294061888454011766e-01
2.212955601761252555e-01
2.860582803326809920e-01
2.625443370841487045e-01
2.237493884540117384e-01
2.173205112524461968e-01
2.525149828767123128e-01
2.508561643835616195e-01
2.086289138943248633e-01
2.471945327788649671e-01
2.524614726027397116e-01
2.599452666340508755e-01
2.640961350293541954e-01
2.328614236790606529e-01
2.597235812133072419e-01
2.420193248532289676e-01
1.952666340508806275e-01
1.933631971624266144e-01
1.921936154598825885e-01
2.017031555772994256e-01
1.915514921722113462e-01
2.607784980430528643e-01
1.892658390410958957e-01
2.528666218199608351e-01
2.567881604696672926e-01
2.005335738747553720e-01
2.491591242661448102e-01
2.145532656555773077e-01
2.033619740704500911e-01
1.994327910958904049e-01
2.644707069471624039e-01
2.255840264187866928e-01
1.598810543052837652e-01
1.865215264187866928e-01
2.063585494129158426e-01
2.579348091976516599e-01
2.236270792563600784e-01
2.812729329745596862e-01
2.683081580234833452e-01
2.307898116438356073e-01
2.423250978473581174e-01
1.651097725048923659e-01
2.419046599804305364e-01
2.083613625244618295e-01
2.091105063600782743e-01
2.118318860078277910e-01
2.288863747553815942e-01
2.195144324853229023e-01
2.558631971624266144e-01
2.744389065557730212e-01
2.491820572407044965e-01
2.232219300391389549e-01
2.076657289628180136e-01
1.580617049902152682e-01
2.118701076320939347e-01
2.124892979452054909e-01
2.631329500978473734e-01
2.468123165362035298e-01
2.860047700587083908e-01
2.282824730919765233e-01
2.521556996086105618e-01
2.517964163405088107e-01
2.590508806262231123e-01
2.548465019569471357e-01
2.401617539138943269e-01
1.890288649706458046e-01
2.552669398238747722e-01
2.565511863992172015e-01
2.851715386497064575e-01
3.069349315068493067e-01
3.038236912915851518e-01
3.066444471624266144e-01
3.199685053816047065e-01
3.838444838551859362e-01
2.510014065557730212e-01
2.496636497064579352e-01
2.416141756360078163e-01
2.545560176125244434e-01
2.774660591976516599e-01
2.129173801369863006e-01
3.063004525440313208e-01
2.503669275929549798e-01
2.390533268101761311e-01
2.553739603718199747e-01
2.512995352250489423e-01
2.608472969667319230e-01
2.668557363013698835e-01
2.363395914872798431e-01
2.768239359099804453e-01
2.631023727984344585e-01
2.153559197651663537e-01
2.486316658512720268e-01
2.878623409980430314e-01
2.076427959882583274e-01
1.883485200587084185e-01
2.559396404109589018e-01
2.035683708414872672e-01
2.340921599804305364e-01
2.082543419765166270e-01
2.424244740704500911e-01
1.907259050880626139e-01
1.606149094911937247e-01
2.054182974559686792e-01
2.314548679060665359e-01
1.734115092954990334e-01
2.658008194716242611e-01
2.239404965753424570e-01
2.576978351272015688e-01
1.812010763209393471e-01
1.440725905088062753e-01
1.571596746575342485e-01
2.531265288649706680e-01
1.867814334637964702e-01
2.211961839530332818e-01
1.777229085127201569e-01
1.982402764187866928e-01
1.660806017612524443e-01
1.584209882583170192e-01
1.679916829745596862e-01
1.593000856164383527e-01
1.875382216242661437e-01
2.026510518590998178e-01
1.727693860078277910e-01
1.930650684931506933e-01
1.941046966731898304e-01
2.061521526418786665e-01
1.664093077299412804e-01
1.616468933463796609e-01
1.608289505870841574e-01
1.558830724070450202e-01
1.593383072407044965e-01
1.683815435420743523e-01
1.691994863013698558e-01
1.599957191780821963e-01
1.696275684931506933e-01
1.565710616438356073e-01
2.129632460861056731e-01
2.434641022504892283e-01
2.511772260273972823e-01
2.711594911937377783e-01
2.656861545988258300e-01
2.472633317025440258e-01
2.513606898238747722e-01
2.258745107632093851e-01
2.190099070450097773e-01
2.430283757338551898e-01
2.209592098825831630e-01
2.545560176125244434e-01
2.056323385518591118e-01
2.371804672211350329e-01
2.409873409980430592e-01
2.255075831702544054e-01
2.410714285714285754e-01
2.129938233855185881e-01
2.773513943248532287e-01
2.762047455968688614e-01
2.075051981409001822e-01
1.958246697651663537e-01
2.246208414872798431e-01
2.093245474559686792e-01
2.329378669275929681e-01
2.532947040117417004e-01
2.014585371819960780e-01
1.750015288649706402e-01
2.158375122309197647e-01
2.216395547945205491e-01
2.265777886497064575e-01
1.832650440313111639e-01
1.935695939334637905e-01
2.166019447162426670e-01
1.832344667318982490e-01
1.732815557729941169e-01
1.936536815068493067e-01
1.919642857142857262e-01
1.877293297455968624e-01
1.736102617416829808e-01
1.871330724070450202e-01
2.063203277886496989e-01
2.172975782778865106e-01
2.261114848336595040e-01
2.178785469667318953e-01
1.934090631115459868e-01
1.957558708414872672e-01
1.999755381604696736e-01
1.940358977495107717e-01
1.804519324853229023e-01
1.620291095890410982e-01
1.716991805283757389e-01
1.790453767123287576e-01
1.909705234833659615e-01
2.338551859099804175e-01
2.206228595890410982e-01
2.434488136007827708e-01
1.972618028375733856e-01
2.147825954011741700e-01
1.859176247553815942e-01
2.153406311154598962e-01
1.838460127201565486e-01
1.953660102739726012e-01
2.103106653620352151e-01
2.445954623287671104e-01
1.817285347358121306e-01
2.023987891389432414e-01
1.730140044031311108e-01
2.043175146771037121e-01
1.986377813111545876e-01
2.031173556751467713e-01
2.007399706457925759e-01
2.065496575342465890e-01
2.540897137964774899e-01
2.045468444227005744e-01
2.078491927592955035e-01
1.940741193737769155e-01
2.379525440313111639e-01
2.193309686888454124e-01
2.002430895303326797e-01
1.938753669275929681e-01
1.478565313111545876e-01
1.439197040117416726e-01
1.516557607632093851e-01
1.484375000000000000e-01
1.421385763209393471e-01
1.446841364970645749e-01
1.438203277886496989e-01
1.417945817025440258e-01
1.471456090998043142e-01
1.484375000000000000e-01
1.480782167318982490e-01
1.486438967710371761e-01
1.575113136007827708e-01
1.462053571428571508e-01
1.491866438356164448e-01
1.573813600782778821e-01
1.463658879647749544e-01
1.497141022504892283e-01
1.437515288649706402e-01
1.423449730919765233e-01
1.540637230919765233e-01
1.533222235812133072e-01
1.755824975538160526e-01
1.602097602739726012e-01
1.540025684931506933e-01
1.563952421722113462e-01
1.478259540117416726e-01
1.660500244618395294e-01
1.616774706457925759e-01
1.871865826810176214e-01
1.772642490215264321e-01
1.767138576320939347e-01
1.865673923679060653e-01
1.706136863992172292e-01
1.574960249510763133e-01
1.575495352250489145e-01
1.609053938356164448e-01
1.606378424657534110e-01
1.712405210371819864e-01
1.542854085127201569e-01
1.469009907045009666e-01
1.558830724070450202e-01
1.711335004892367839e-01
1.954577421722113462e-01
1.631451810176125228e-01
1.598581213307240789e-01
1.563723091976516599e-01
1.773636252446184058e-01
1.718597113502935425e-01
1.742676736790606529e-01
1.734497309197651771e-01
1.936536815068493067e-01
2.246284858121330719e-01
1.749633072407044965e-01
1.855889187866927581e-01
1.809564579256359995e-01
1.760793786692759211e-01
1.798786081213307186e-01
1.873012475538160526e-01
1.772489603718199747e-01
1.788848458904109540e-01
1.678770181017612551e-01
2.026969178082191902e-01
1.971624266144814119e-01
1.766297700587084185e-01
1.879968811154598962e-01
1.890517979452054909e-01
1.723642367906066675e-01
1.791600415851271888e-01
1.907335494129158426e-01
1.752002813111545876e-01
1.855583414872798431e-01
2.050895914872798431e-01
1.892887720156555820e-01
1.789230675146770977e-01
1.862769080234833730e-01
1.697728106653620395e-01
1.865750366927592940e-01
1.657671844422700658e-01
2.051048801369863006e-01
1.935619496086105618e-01
1.594376834637964702e-01
1.626253669275929681e-01
1.577329990215264321e-01
1.956106286692759211e-01
1.630381604696673203e-01
1.792441291585127328e-01
1.742753180039138816e-01
1.863992172211350329e-01
1.994251467710371761e-01
1.747034001956947191e-01
1.645364481409001822e-01
1.866056139921722090e-01
1.673342710371819864e-01
1.849085738747553720e-01
1.598504770058708502e-01
1.662869985322896205e-01
1.846792441291585096e-01
1.976669520547945091e-01
1.903284001956947191e-01
1.963979941291585096e-01
1.999526051859099873e-01
2.124434319960861184e-01
1.987600905088062753e-01
2.043557363013698558e-01
2.078186154598825885e-01
1.962603962818003922e-01
2.163726149706458046e-01
1.909170132093933325e-01
2.341991805283757389e-01
2.330754647749510855e-01
2.055864726027397393e-01
2.534399461839530465e-01
2.237493884540117384e-01
1.974070450097847318e-01
1.955188967710371761e-01
2.070618272994129150e-01
1.808570817025440258e-01
1.822483488258317130e-01
2.001207803326810197e-01
1.856042074363992156e-01
1.899003180039138816e-01
1.962451076320939347e-01
2.186429794520547976e-01
1.981256115459882616e-01
1.552638820939334641e-01
1.677929305283757389e-01
1.702467588062622217e-01
1.967649217221134894e-01
2.034919275929549798e-01
1.973764677103718168e-01
2.235506360078277910e-01
1.671813845401174115e-01
2.001666462818003922e-01
2.096991193737769155e-01
1.720584637964774899e-01
1.759723581213307186e-01
1.670743639921722090e-01
2.007323263209393471e-01
1.538191046966732034e-01
1.695740582191780921e-01
2.348565924657534110e-01
1.682974559686888361e-01
1.536279965753424570e-01
1.741377201565557642e-01
1.617156922700587196e-01
1.696046355185910071e-01
1.512429672211350329e-01
1.601027397260273988e-01
1.736561276908023532e-01
1.573507827788649671e-01
1.751391267123287576e-01
1.793970156555773077e-01
1.954500978473581174e-01
1.939135885518591118e-01
1.902290239726027454e-01
1.930497798434442358e-01
1.829669153620352151e-01
1.870948507827788765e-01
1.887230919765166270e-01
1.989435543052837652e-01
1.989053326810176214e-01
2.108763454011741700e-01
2.053494985322896205e-01
2.014432485322896205e-01
1.972006482387475557e-01
1.838613013698630061e-01
1.899844055772994256e-01
1.777458414872798431e-01
1.805665973581213335e-01
1.997385640900195825e-01
1.997767857142857262e-01
2.078568370841487323e-01
2.097526296477495167e-01
2.142474926614481301e-01
2.075128424657534110e-01
2.071841364970645749e-01
1.894875244618395294e-01
2.107540362035225101e-01
2.007323263209393471e-01
1.960234222113503011e-01
2.115796232876712424e-01
2.159598214285714246e-01
1.962298189823874772e-01
2.048526174168297520e-01
2.073599559686888361e-01
1.985919153620352151e-01
1.950755259295499089e-01
2.081855430528375683e-01
2.004724192759295420e-01
1.905806629158512677e-01
1.737631482387475557e-01
1.662411325831702480e-01
1.840065435420743523e-01
1.592312866927592940e-01
1.850920376712328896e-01
2.159751100782778821e-01
1.738395914872798431e-01
1.853825220156555820e-01
1.911616316046966801e-01
1.906953277886496989e-01
1.748715753424657515e-01
1.752232142857142738e-01
2.211350293542074241e-01
1.722495719178082085e-01
1.711029231898238689e-01
1.667838796477495167e-01
1.932179549902152682e-01
1.707130626223092029e-01
1.605843321917808098e-01
1.725094789628180136e-01
1.625565680039138816e-01
1.581763698630136994e-01
2.051278131115459868e-01
1.805360200587084185e-01
1.697957436399217257e-01
1.463276663405088107e-01
1.719590875733855162e-01
2.361714163405088107e-01
1.697728106653620395e-01
1.657213184931506933e-01
2.130167563600782743e-01
2.320205479452054909e-01
1.829439823874755289e-01
1.903131115459882616e-01
1.805130870841487323e-01
1.890288649706458046e-01
2.160974192759295420e-01
1.804825097847358173e-01
2.218306629158512677e-01
1.921324608610567586e-01
1.796263454011741700e-01
1.649110200587084185e-01
1.886542930528375683e-01
1.958093811154598962e-01
1.896251223091976468e-01
1.886619373776907971e-01
1.867279231898238689e-01
1.851302592954990334e-01
2.161967954990215157e-01
2.250642123287671104e-01
1.876605308219178037e-01
2.649752323874755566e-01
2.250183463796477379e-01
2.212114726027397393e-01
2.020012842465753466e-01
1.950678816046966801e-01
1.431552715264187980e-01
1.406250000000000000e-01
1.469392123287671104e-01
1.464958414872798431e-01
1.395395058708414904e-01
1.465569960861056731e-01
1.484986545988258300e-01
1.841059197651663537e-01
1.489190924657534110e-01
1.467633928571428492e-01
1.385610322896281832e-01
1.632216242661448102e-01
1.345477617416829808e-01
1.928051614481408882e-01
1.377889554794520521e-01
1.305880014677103795e-01
1.305574241682974646e-01
1.498593444227005744e-01
1.405103351272015688e-01
1.382246819960861184e-01
1.345095401174168370e-01
1.341120352250489145e-01
1.882338551859099873e-01
1.954730308219178037e-01
2.115566903131115561e-01
2.094239236790606529e-01
1.837848581213307186e-01
1.738548801369863006e-01
1.907717710371819864e-01
1.681904354207436336e-01
1.942652274951076341e-01
1.853825220156555820e-01
2.275409735812133072e-01
1.895563233855185881e-01
1.824318126223092029e-01
2.059151785714285754e-01
2.030409124266144838e-01
2.258133561643835552e-01
1.674718688845401038e-01
1.677852862035225101e-01
1.653543909001956858e-01
2.106087940313111639e-01
2.118624633072407060e-01
1.611958781800391372e-01
2.357127568493150582e-01
2.517352617416829808e-01
2.329760885518591118e-01
2.388698630136986412e-01
2.314013576320939347e-01
2.192698140900195825e-01
2.519645914872798431e-01
2.143927348336595040e-01
2.369129158512720268e-01
2.555039138943248633e-01
2.509555406066535932e-01
2.394126100782778821e-01
2.507032778864970446e-01
2.494954745596868750e-01
2.495872064579256477e-01
2.572850415851272166e-01
2.588291952054794787e-01
2.575984589041095951e-01
2.515976638943248633e-01
2.533099926614481578e-01
2.548159246575342207e-01
2.538756727005870850e-01
2.796829134050880517e-01
2.518346379647749544e-01
2.038817881604696736e-01
1.779063723091976468e-01
1.728076076320939347e-01
2.337405210371819864e-01
2.384876467710371761e-01
2.362249266144814119e-01
2.383347602739726012e-01
1.860399339530332818e-01
2.426538038160469535e-01
2.411784491193737778e-01
2.446183953033267966e-01
2.280837206457925759e-01
2.363090141878669281e-01
2.412090264187866928e-01
2.372798434442270066e-01
2.446719055772994256e-01
2.432882827788649671e-01
2.408420988258317130e-01
2.379907656555773077e-01
2.337175880626223001e-01
2.379066780821917915e-01
2.438998287671232945e-01
1.733427103718199747e-01
1.694058830724070319e-01
1.984084515655577252e-01
2.542120229941291498e-01
2.427837573385518699e-01
2.415912426614481301e-01
2.243456457925636083e-01
2.490138820939334641e-01
2.456198018590998178e-01
2.559396404109589018e-01
2.529659980430528643e-01
2.491744129158512677e-01
2.391679916829745622e-01
2.575602372798434514e-01
2.510625611545988511e-01
2.487998409980430592e-01
2.500458659491193725e-01
2.184595156555773077e-01
2.020165728962818041e-01
2.552516511741683147e-01
2.564212328767123128e-01
2.631864603718199747e-01
2.530500856164383805e-01
1.800391389432485223e-01
2.578889432485322875e-01
2.429595768101761311e-01
1.806048189823874772e-01
1.805742416829745622e-01
1.733885763209393471e-01
1.513958537181996078e-01
1.513194104696673203e-01
2.128485812133072419e-01
2.245902641878669281e-01
1.563723091976516599e-01
1.490949119373776999e-01
1.639401908023483401e-01
1.601562500000000000e-01
1.409231286692759211e-01
1.913145181017612551e-01
2.104788405088062753e-01
1.544459393346379605e-01
2.216166218199608628e-01
1.395395058708414904e-01
2.000978473581213335e-01
1.443630748532289676e-01
1.929351149706458046e-01
1.968642979452054909e-01
1.593841731898238689e-01
1.771037181996086007e-01
1.605155332681017510e-01
1.448905332681017510e-01
2.775577910958904049e-01
2.180543664383561564e-01
2.133683953033267966e-01
2.405516144814089929e-01
1.843199608610567586e-01
2.179779231898238689e-01
1.855812744618395294e-01
2.106852372798434514e-01
2.085218933463796609e-01
2.102036448140900127e-01
2.080785225048923659e-01
2.131849315068493067e-01
2.185512475538160526e-01
1.943951810176125228e-01
2.081778987279843396e-01
1.938830112524461968e-01
2.282977617416829808e-01
2.205540606653620395e-01
1.917043786692759211e-01
2.075892857142857262e-01
2.179320572407044965e-01
2.181002323874755289e-01
2.503057729941291498e-01
1.961610200587084185e-01
1.876834637964774899e-01
2.112967832681017510e-01
2.552287181996086285e-01
2.141939823874755289e-01
3.191046966731898027e-01
2.641114236790606529e-01
2.710295376712328896e-01
2.809900929549902227e-01
2.783222235812133349e-01
3.122706702544031376e-01
2.457879770058708502e-01
2.575143713307240789e-01
2.129403131115459868e-01
2.348565924657534110e-01
2.929763943248532287e-01
2.330907534246575430e-01
2.395349192759295420e-01
2.768086472602739878e-01
2.376620596868884439e-01
2.635304549902152682e-01
2.534093688845401315e-01
2.862264554794520799e-01
2.748746330724070597e-01
2.448859466731898304e-01
2.633469911937377783e-01
2.829317514677103795e-01
2.686980185909980667e-01
2.810741805283757389e-01
3.051614481409001822e-01
1.548434442270058831e-01
1.871101394324853340e-01
2.124892979452054909e-01
1.940282534246575430e-01
2.217083537181996078e-01
2.192392367906066675e-01
2.287793542074363917e-01
1.849544398238747445e-01
1.875993762230919737e-01
1.737631482387475557e-01
1.951825464774951113e-01
2.327467588062622217e-01
1.964667930528375683e-01
1.996162548923678948e-01
1.823859466731898304e-01
1.949073507827788765e-01
2.240322284735812020e-01
1.862998409980430592e-01
1.578935298434442358e-01
1.594147504892367839e-01
1.801079378669275810e-01
1.446382705479452024e-01
1.963827054794520521e-01
1.794734589041095951e-01
1.511894569471624317e-01
1.605384662426614373e-01
1.937377690802348229e-01
3.025929549902152682e-01
2.200724681996086007e-01
2.412090264187866928e-01
3.471975905088062753e-01
2.530500856164383805e-01
4.130075831702543776e-01
2.169306506849315030e-01
2.179244129158512677e-01
2.663206335616438158e-01
3.134555406066535932e-01
2.813340875733855162e-01
2.539215386497064575e-01
2.454898483365949013e-01
1.620902641878669281e-01
2.070083170254403138e-01
1.965126590019569408e-01
1.750091731898238689e-01
3.103519447162426670e-01
3.140288649706458046e-01
3.052531800391389272e-01
3.211610200587083908e-01
2.892612524461839474e-01
2.051813233855185881e-01
2.396342954990215157e-01
3.598871697651663260e-01
1.620520425636007844e-01
1.549581090998043142e-01
1.706901296477495167e-01
1.708659491193737778e-01
1.515640288649706402e-01
1.721731286692759211e-01
1.794352372798434514e-01
1.772260273972602607e-01
1.767597235812133072e-01
1.992111056751467713e-01
1.401204745596868750e-01
1.499969422700587196e-01
1.602174045988258300e-01
1.462130014677103795e-01
1.506314212328767055e-01
1.364435543052837652e-01
1.756360078277886538e-01
1.387292074363992156e-01
1.584744985322896205e-01
1.567851027397260399e-01
1.737478595890410982e-01
1.862233977495107717e-01
1.692300636007827708e-01
1.869190313111545876e-01
1.733350660469667182e-01
2.104329745596868750e-01
1.810481898238747445e-01
2.096838307240704580e-01
2.012368517612524443e-01
2.053189212328767055e-01
1.911616316046966801e-01
1.794352372798434514e-01
1.834790851272015688e-01
1.883943860078277910e-01
1.734726638943248633e-01
1.620673312133072419e-01
1.829363380626223001e-01
1.704837328767123406e-01
1.729910714285714246e-01
1.676706213307240789e-01
2.225262964774951113e-01
2.334041707436399216e-01
2.315542441291585096e-01
2.311185176125244711e-01
2.453828277886496989e-01
2.196290973581213335e-01
2.227479818982387449e-01
2.260809075342465890e-01
2.312561154598825885e-01
2.123593444227005744e-01
2.405974804305283654e-01
2.374097969667318953e-01
2.209056996086105618e-01
2.302776418786692814e-01
2.232525073385518699e-01
1.982020547945205491e-01
2.555650684931506933e-01
2.130396893346379605e-01
2.274874633072407060e-01
2.121835249510763133e-01
2.190710616438356073e-01
2.284812255381604706e-01
1.968872309197651771e-01
1.654919887475538032e-01
2.053571428571428492e-01
1.786937377690802353e-01
1.733962206457925759e-01
1.718979329745596862e-01
1.779522382583170192e-01
1.740077666340508755e-01
2.290469055772994256e-01
1.630840264187866928e-01
1.885166952054794509e-01
2.106699486301369939e-01
2.237264554794520521e-01
1.758347602739726012e-01
1.986148483365949013e-01
1.738013698630136994e-01
2.431201076320939347e-01
2.552516511741683147e-01
2.616805283757338563e-01
2.157457803326810197e-01
2.052577666340508755e-01
2.152871208414872672e-01
3.201443248532289676e-01
2.047303082191780921e-01
2.288634417808219079e-01
2.077421722113503011e-01
2.062285958904109540e-01
2.090493517612524443e-01
2.726807118395303542e-01
2.222281678082191902e-01
2.428296232876712424e-01
2.184518713307240789e-01
2.256298923679060653e-01
2.287411325831702480e-01
1.896327666340508755e-01
