0.000000000000000000e+00
1.076660156250000000e+01
2.153320312500000000e+01
3.229980468750000000e+01
4.306640625000000000e+01
5.383300781250000000e+01
6.459960937500000000e+01
7.536621093750000000e+01
8.613281250000000000e+01
9.689941406250000000e+01
1.076660156250000000e+02
1.184326171874999858e+02
1.291992187500000000e+02
1.399658203125000284e+02
1.507324218750000000e+02
1.614990234375000000e+02
1.722656250000000000e+02
1.830322265625000000e+02
1.937988281250000000e+02
2.045654296874999716e+02
2.153320312500000000e+02
2.260986328125000000e+02
2.368652343749999716e+02
2.476318359374999716e+02
2.583984375000000000e+02
2.691650390625000000e+02
2.799316406250000568e+02
2.906982421875000000e+02
3.014648437500000000e+02
3.122314453125000000e+02
3.229980468750000000e+02
3.337646484375000000e+02
3.445312500000000000e+02
3.552978515625000568e+02
3.660644531250000000e+02
3.768310546875000000e+02
3.875976562500000000e+02
3.983642578125000568e+02
4.091308593749999432e+02
4.198974609375000000e+02
4.306640625000000000e+02
4.414306640625000000e+02
4.521972656250000000e+02
4.629638671875000000e+02
4.737304687499999432e+02
4.844970703125000568e+02
4.952636718749999432e+02
5.060302734375000000e+02
5.167968750000000000e+02
5.275634765625000000e+02
5.383300781250000000e+02
5.490966796875000000e+02
5.598632812500001137e+02
5.706298828125000000e+02
5.813964843750000000e+02
5.921630859375000000e+02
6.029296875000000000e+02
6.136962890625000000e+02
6.244628906250000000e+02
6.352294921875000000e+02
6.459960937500000000e+02
6.567626953125000000e+02
6.675292968750000000e+02
6.782958984375001137e+02
6.890625000000000000e+02
6.998291015624998863e+02
7.105957031250001137e+02
7.213623046875000000e+02
7.321289062500000000e+02
7.428955078125000000e+02
7.536621093750000000e+02
7.644287109375001137e+02
7.751953125000000000e+02
7.859619140624998863e+02
7.967285156250001137e+02
8.074951171875000000e+02
8.182617187499998863e+02
8.290283203125000000e+02
8.397949218750000000e+02
8.505615234375001137e+02
8.613281250000000000e+02
8.720947265625000000e+02
8.828613281250000000e+02
8.936279296875001137e+02
9.043945312500000000e+02
9.151611328125000000e+02
9.259277343750000000e+02
9.366943359374998863e+02
9.474609374999998863e+02
9.582275390625000000e+02
9.689941406250001137e+02
9.797607421875000000e+02
9.905273437499998863e+02
1.001293945312500000e+03
1.012060546875000000e+03
1.022827148437500114e+03
1.033593750000000000e+03
1.044360351562500000e+03
1.055126953125000000e+03
1.065893554687500227e+03
1.076660156250000000e+03
1.087426757812500000e+03
1.098193359375000000e+03
1.108959960937500000e+03
1.119726562500000227e+03
1.130493164062500000e+03
1.141259765625000000e+03
1.152026367187500000e+03
1.162792968750000000e+03
1.173559570312500000e+03
1.184326171875000000e+03
1.195092773437500000e+03
1.205859375000000000e+03
1.216625976562500000e+03
1.227392578125000000e+03
1.238159179687500227e+03
1.248925781250000000e+03
1.259692382812500000e+03
1.270458984375000000e+03
1.281225585937500000e+03
1.291992187500000000e+03
1.302758789062500000e+03
1.313525390625000000e+03
1.324291992187500000e+03
1.335058593750000000e+03
1.345825195312499773e+03
1.356591796875000227e+03
1.367358398437500000e+03
1.378125000000000000e+03
1.388891601562500000e+03
1.399658203124999773e+03
1.410424804687500227e+03
1.421191406250000227e+03
1.431958007812500000e+03
1.442724609375000000e+03
1.453491210937500000e+03
1.464257812500000000e+03
1.475024414062500227e+03
1.485791015625000000e+03
1.496557617187500000e+03
1.507324218750000000e+03
1.518090820312499773e+03
1.528857421875000227e+03
1.539624023437500000e+03
1.550390625000000000e+03
1.561157226562500000e+03
1.571923828124999773e+03
1.582690429687500227e+03
1.593457031250000227e+03
1.604223632812500000e+03
1.614990234375000000e+03
1.625756835937500000e+03
1.636523437499999773e+03
1.647290039062500227e+03
1.658056640625000000e+03
1.668823242187500000e+03
1.679589843750000000e+03
1.690356445312499773e+03
1.701123046875000227e+03
1.711889648437500000e+03
1.722656250000000000e+03
1.733422851562500000e+03
1.744189453125000000e+03
1.754956054687499773e+03
1.765722656250000000e+03
1.776489257812500000e+03
1.787255859375000227e+03
1.798022460937500000e+03
1.808789062500000000e+03
1.819555664062500227e+03
1.830322265625000000e+03
1.841088867187500000e+03
1.851855468750000000e+03
1.862622070312499773e+03
1.873388671874999773e+03
1.884155273437500000e+03
1.894921874999999773e+03
1.905688476562500227e+03
1.916455078125000000e+03
1.927221679687500227e+03
1.937988281250000227e+03
1.948754882812500000e+03
1.959521484375000000e+03
1.970288085937500000e+03
1.981054687499999773e+03
1.991821289062499773e+03
2.002587890625000000e+03
2.013354492187500227e+03
2.024121093750000000e+03
2.034887695312500000e+03
2.045654296875000227e+03
2.056420898437500000e+03
2.067187500000000000e+03
2.077954101562500000e+03
2.088720703125000000e+03
2.099487304687500000e+03
2.110253906250000000e+03
2.121020507812500000e+03
2.131787109375000455e+03
2.142553710937500000e+03
2.153320312500000000e+03
2.164086914062500000e+03
2.174853515625000000e+03
2.185620117187500000e+03
2.196386718750000000e+03
2.207153320312500000e+03
2.217919921875000000e+03
2.228686523437500000e+03
2.239453125000000455e+03
2.250219726562500455e+03
2.260986328125000000e+03
2.271752929687500000e+03
2.282519531250000000e+03
2.293286132812500000e+03
2.304052734375000000e+03
2.314819335937500000e+03
2.325585937500000000e+03
2.336352539062500000e+03
2.347119140625000000e+03
2.357885742187500455e+03
2.368652343750000000e+03
2.379418945312500000e+03
2.390185546875000000e+03
2.400952148437500000e+03
2.411718750000000000e+03
2.422485351562500000e+03
2.433251953125000000e+03
2.444018554687500000e+03
2.454785156250000000e+03
2.465551757812500000e+03
2.476318359375000455e+03
2.487084960937500000e+03
2.497851562500000000e+03
2.508618164062500000e+03
2.519384765625000000e+03
2.530151367187500000e+03
2.540917968750000000e+03
2.551684570312500000e+03
2.562451171875000000e+03
2.573217773437500000e+03
2.583984375000000000e+03
2.594750976562500455e+03
2.605517578125000000e+03
2.616284179687500000e+03
2.627050781250000000e+03
2.637817382812500000e+03
2.648583984375000000e+03
2.659350585937499545e+03
2.670117187500000000e+03
2.680883789062500000e+03
2.691650390624999545e+03
2.702416992187500000e+03
2.713183593750000455e+03
2.723950195312500000e+03
2.734716796875000000e+03
2.745483398437500000e+03
2.756250000000000000e+03
2.767016601562499545e+03
2.777783203125000000e+03
2.788549804687500000e+03
2.799316406249999545e+03
2.810083007812500000e+03
2.820849609375000455e+03
2.831616210937500000e+03
2.842382812500000455e+03
2.853149414062500000e+03
2.863916015625000000e+03
2.874682617187500455e+03
2.885449218750000000e+03
2.896215820312500000e+03
2.906982421875000000e+03
2.917749023437500000e+03
2.928515625000000000e+03
2.939282226562500000e+03
2.950048828125000455e+03
2.960815429687500000e+03
2.971582031250000000e+03
2.982348632812500000e+03
2.993115234375000000e+03
3.003881835937499545e+03
3.014648437500000000e+03
3.025415039062500000e+03
3.036181640624999545e+03
3.046948242187500000e+03
3.057714843750000455e+03
3.068481445312500000e+03
3.079248046875000000e+03
3.090014648437500000e+03
3.100781250000000000e+03
3.111547851562499545e+03
3.122314453125000000e+03
3.133081054687500000e+03
3.143847656249999545e+03
3.154614257812500000e+03
3.165380859375000455e+03
3.176147460937500000e+03
3.186914062500000455e+03
3.197680664062500000e+03
3.208447265625000000e+03
3.219213867187500455e+03
3.229980468750000000e+03
3.240747070312499545e+03
3.251513671875000000e+03
3.262280273437500000e+03
3.273046874999999545e+03
3.283813476562500000e+03
3.294580078125000455e+03
3.305346679687500000e+03
3.316113281250000000e+03
3.326879882812500000e+03
3.337646484375000000e+03
3.348413085937499545e+03
3.359179687500000000e+03
3.369946289062500000e+03
3.380712890624999545e+03
3.391479492187500000e+03
3.402246093750000455e+03
3.413012695312500000e+03
3.423779296875000000e+03
3.434545898437500000e+03
3.445312500000000000e+03
3.456079101562499545e+03
3.466845703125000000e+03
3.477612304687500000e+03
3.488378906250000000e+03
3.499145507812500000e+03
3.509912109374999545e+03
3.520678710937500000e+03
3.531445312500000000e+03
3.542211914062500000e+03
3.552978515625000000e+03
3.563745117187500455e+03
3.574511718750000455e+03
3.585278320312499545e+03
3.596044921875000000e+03
3.606811523437500000e+03
3.617578125000000000e+03
3.628344726562500000e+03
3.639111328125000455e+03
3.649877929687499545e+03
3.660644531250000000e+03
3.671411132812499545e+03
3.682177734375000000e+03
3.692944335937500455e+03
3.703710937500000000e+03
3.714477539062500455e+03
3.725244140624999545e+03
3.736010742187500000e+03
3.746777343749999545e+03
3.757543945312500000e+03
3.768310546875000000e+03
3.779077148437500000e+03
3.789843749999999545e+03
3.800610351562499545e+03
3.811376953125000455e+03
3.822143554687500000e+03
3.832910156250000000e+03
3.843676757812500000e+03
3.854443359375000455e+03
3.865209960937500000e+03
3.875976562500000455e+03
3.886743164062499545e+03
3.897509765625000000e+03
3.908276367187500000e+03
3.919042968750000000e+03
3.929809570312500455e+03
3.940576171875000000e+03
3.951342773437500455e+03
3.962109374999999545e+03
3.972875976562500000e+03
3.983642578124999545e+03
3.994409179687500000e+03
4.005175781250000000e+03
4.015942382812500000e+03
4.026708984375000455e+03
4.037475585937499545e+03
4.048242187500000000e+03
4.059008789062500000e+03
4.069775390625000000e+03
4.080541992187500000e+03
4.091308593750000455e+03
4.102075195312499091e+03
4.112841796875000000e+03
4.123608398437500000e+03
4.134375000000000000e+03
4.145141601562500000e+03
4.155908203125000000e+03
4.166674804687500000e+03
4.177441406250000000e+03
4.188208007812500909e+03
4.198974609375000000e+03
4.209741210937500000e+03
4.220507812500000000e+03
4.231274414062500000e+03
4.242041015625000000e+03
4.252807617187500000e+03
4.263574218750000909e+03
4.274340820312500000e+03
4.285107421875000000e+03
4.295874023437500000e+03
4.306640625000000000e+03
4.317407226562500000e+03
4.328173828125000000e+03
4.338940429687499091e+03
4.349707031250000000e+03
4.360473632812500000e+03
4.371240234375000000e+03
4.382006835937500000e+03
4.392773437500000000e+03
4.403540039062500000e+03
4.414306640625000000e+03
4.425073242187500000e+03
4.435839843750000000e+03
4.446606445312500000e+03
4.457373046875000000e+03
4.468139648437500000e+03
4.478906250000000909e+03
4.489672851562500000e+03
4.500439453125000909e+03
4.511206054687500000e+03
4.521972656250000000e+03
4.532739257812500000e+03
4.543505859375000000e+03
4.554272460937500000e+03
4.565039062500000000e+03
4.575805664062499091e+03
4.586572265625000000e+03
4.597338867187500000e+03
4.608105468750000000e+03
4.618872070312500000e+03
4.629638671875000000e+03
4.640405273437500000e+03
4.651171875000000000e+03
4.661938476562500000e+03
4.672705078125000000e+03
4.683471679687500000e+03
4.694238281250000000e+03
4.705004882812500000e+03
4.715771484375000909e+03
4.726538085937500000e+03
4.737304687500000000e+03
4.748071289062500000e+03
4.758837890625000000e+03
4.769604492187500000e+03
4.780371093750000000e+03
4.791137695312499091e+03
4.801904296875000000e+03
4.812670898437500000e+03
4.823437500000000000e+03
4.834204101562500000e+03
4.844970703125000000e+03
4.855737304687500000e+03
4.866503906250000000e+03
4.877270507812500909e+03
4.888037109375000000e+03
4.898803710937500000e+03
4.909570312500000000e+03
4.920336914062500000e+03
4.931103515625000000e+03
4.941870117187500000e+03
4.952636718750000909e+03
4.963403320312500000e+03
4.974169921875000000e+03
4.984936523437500000e+03
4.995703125000000000e+03
5.006469726562500000e+03
5.017236328125000000e+03
5.028002929687499091e+03
5.038769531250000000e+03
5.049536132812500000e+03
5.060302734375000000e+03
5.071069335937500000e+03
5.081835937500000000e+03
5.092602539062500000e+03
5.103369140625000000e+03
5.114135742187500000e+03
5.124902343750000000e+03
5.135668945312500000e+03
5.146435546875000000e+03
5.157202148437500000e+03
5.167968750000000000e+03
5.178735351562500000e+03
5.189501953125000909e+03
5.200268554687500000e+03
5.211035156250000000e+03
5.221801757812499091e+03
5.232568359375000000e+03
5.243334960937500000e+03
5.254101562500000000e+03
5.264868164062499091e+03
5.275634765625000000e+03
5.286401367187500000e+03
5.297167968750000000e+03
5.307934570312500909e+03
5.318701171874999091e+03
5.329467773437500000e+03
5.340234375000000000e+03
5.351000976562500000e+03
5.361767578125000000e+03
5.372534179687500909e+03
5.383300781249999091e+03
5.394067382812500000e+03
5.404833984375000000e+03
5.415600585937500000e+03
5.426367187500000909e+03
5.437133789062500000e+03
5.447900390625000000e+03
5.458666992187500000e+03
5.469433593750000000e+03
5.480200195312499091e+03
5.490966796875000000e+03
5.501733398437500000e+03
