2.427136163813209679e-01
2.835757496147761625e-01
4.330196745311051254e-01
2.824672890467907482e-01
6.060986971312649629e-01
2.746368591344666710e-01
3.765460343079339856e-01
4.309346559228713902e-01
6.283217008969510520e-01
3.040028564999968097e-01
3.466153892391942160e-01
2.959777959325715080e-01
6.377051266460561640e-01
2.253446683769490255e-01
4.638117956756900306e-01
4.407034617004939037e-01
6.812705455574157298e-01
2.889150242941709856e-01
7.263179750411202784e-01
3.379912861895576492e-01
2.885614715861988810e-01
2.314081348167045249e-01
4.447551853836149149e-01
2.956800846645598613e-01
1.991105815604261031e-01
2.927983223364533649e-01
1.983365561535879729e-01
3.129898112270589339e-01
2.799884179678590601e-01
3.628591108192877890e-01
4.158440734060531163e-01
3.578371075227003151e-01
2.064304745465681545e-01
3.309222984506799969e-01
6.853520453059847028e-01
7.030465038505323561e-01
6.383380092280421803e-01
5.710977983030176564e-01
4.352437804871446270e-01
4.609950699592917367e-01
4.489478187149882338e-01
5.981533656811320876e-01
6.345180192924756435e-01
5.358926992044715787e-01
5.030589109590642982e-01
7.165840848464202217e-01
7.078652015662929564e-01
6.544886365059769950e-01
6.736515847727924111e-01
6.570013185264833577e-01
4.896007538270037984e-01
5.532557428089042162e-01
6.929895031678555695e-01
4.652367741721677996e-01
3.787735055978259102e-01
6.472880653648378502e-01
6.465976895215372888e-01
6.214552054090817235e-01
6.408526053909813225e-01
4.523585781031559394e-01
5.568018242400942786e-01
6.092798732655316796e-01
4.373106745126690287e-01
5.136251844821446699e-01
7.087140009135791674e-01
6.522493460742916360e-01
6.477982349760571523e-01
4.511377412016585597e-01
5.220695487465587536e-01
6.547224766366112059e-01
6.681470306293095796e-01
6.884341326919717341e-01
6.379023406080379655e-01
6.621778681258460031e-01
6.541930158747277790e-01
6.703191871476746888e-01
6.676591008512926528e-01
6.089912893426203677e-01
6.852488727095016330e-01
6.528285933809989672e-01
6.582989502428626682e-01
6.204952083037649224e-01
6.189308432770210811e-01
6.762062184980881518e-01
6.217067950539781895e-01
5.794943794301881113e-01
6.428329093932472205e-01
6.857188430606553364e-01
6.544539291461961561e-01
6.281888517751829104e-01
6.331103628670452510e-01
7.060456541142308140e-01
6.051714654444675379e-01
6.098480413258118293e-01
6.115621324272676462e-01
5.719005111097894556e-01
6.211313184439980484e-01
5.631966912619769117e-01
6.376989084512522110e-01
6.933867155917430303e-01
6.809736026138846210e-01
6.795388384414834393e-01
6.607214485671729642e-01
6.399408587975010665e-01
6.056382679686646009e-01
6.218443244306920414e-01
5.157714647868589797e-01
4.457008860114292093e-01
6.566234138887678817e-01
5.297446926426971903e-01
6.316042697808862405e-01
5.908559741489373129e-01
6.347435753394509161e-01
3.882798998569040316e-01
5.586110274434996636e-01
6.992048881985295505e-01
6.831148716742809768e-01
6.126748832669546285e-01
4.213718341378431820e-01
5.523432482634691443e-01
3.948208738562273834e-01
3.936232631711198415e-01
5.845378485887977593e-01
5.516112231189482795e-01
6.557633483815303865e-01
5.227998228790365909e-01
5.926015035622153038e-01
5.868133410170127684e-01
6.030884703468908370e-01
5.120533372959591434e-01
5.349520427542056034e-01
3.945196104362532763e-01
4.002210242240824001e-01
4.367089134264424688e-01
4.886231310054960919e-01
6.055687783506292776e-01
6.729246934957261450e-01
5.846871048369894908e-01
6.126396003979996951e-01
4.615401103666976756e-01
4.780209967962513185e-01
4.504918671682742737e-01
4.539634148115761492e-01
4.789221664031330650e-01
4.824328692367684246e-01
4.147066307263285734e-01
3.748375405918184522e-01
4.808597019288480268e-01
5.755871585862923911e-01
4.688718056237148324e-01
4.778690004407644132e-01
2.986247108922074900e-01
2.295111842953540537e-01
2.679788577328284793e-01
2.576155265167405228e-01
2.610514830913352458e-01
2.860294156313973324e-01
3.984706835440173234e-01
4.500305852125988104e-01
5.062747794124777823e-01
4.337354201047896041e-01
3.542481631200768422e-01
5.733148818186863949e-01
3.399952739813272840e-01
4.534558997385332857e-01
4.567357412308058473e-01
4.411826570257310065e-01
4.747914304378064720e-01
4.537641944456392573e-01
4.330444330592959079e-01
3.942786187164521450e-01
4.238886834452198493e-01
4.627692832969825254e-01
5.346120859996166264e-01
4.117065033046772293e-01
4.097595302179719567e-01
5.095183316220979197e-01
5.507100665844182341e-01
4.477791585837387900e-01
5.561835843379652200e-01
5.250789915680745823e-01
5.604839965403104474e-01
4.517323720369357254e-01
5.274013236894629086e-01
5.848683663167556501e-01
5.546072761413951557e-01
4.972643898840295451e-01
6.670797166529610633e-01
4.855395388810653245e-01
5.405308163355612150e-01
4.651853272556314423e-01
5.690221746716648266e-01
7.221280602395303561e-01
5.913940609727085240e-01
4.422919143957588783e-01
6.563409497883185839e-01
5.647685368810647644e-01
6.688686687001521580e-01
6.902676707891350905e-01
6.863765554678558090e-01
6.875223919774869907e-01
7.154985161278630823e-01
7.105290978110061495e-01
6.611331557071470355e-01
5.901623637322683802e-01
6.677881281009117043e-01
5.742943329360249427e-01
6.297073823220645794e-01
5.876060418817348197e-01
6.716622754060941336e-01
6.206072024298706635e-01
7.367087065865499662e-01
6.963272819585861750e-01
7.036840120011692568e-01
6.784904653050998213e-01
6.718396291205060988e-01
6.868995792632552888e-01
6.468383685410994399e-01
7.177849523676927967e-01
6.334841840796288093e-01
6.208694703285764227e-01
6.068221795262553897e-01
5.999218061590541051e-01
6.045806416707377728e-01
6.405158797459434838e-01
6.112094811370800684e-01
5.682401919574538995e-01
6.282181019647976594e-01
6.177528020939897502e-01
6.360818601793102323e-01
6.181414635356076159e-01
6.349802808142508415e-01
6.562038090022407344e-01
6.067716728475380794e-01
5.828058488939960036e-01
6.004416876593211549e-01
6.113089632759197700e-01
5.900242997875745354e-01
5.607464286239089990e-01
6.623580641690767212e-01
6.745576287731342990e-01
5.813739104577231309e-01
6.499959899507125050e-01
6.351942540108094226e-01
6.549563465316687871e-01
6.719171841714789428e-01
6.580840306136367390e-01
6.211148030947351018e-01
5.673126294551673610e-01
5.931180952810241047e-01
5.822911531776844285e-01
6.787898133785519317e-01
5.738340201020156739e-01
6.754639064370722146e-01
6.699238455253573310e-01
5.708795071181098635e-01
5.418408240543974852e-01
6.665204037283893879e-01
6.271806770576093815e-01
6.756850613679566964e-01
5.693325736028644890e-01
6.208083707741297586e-01
5.480479496002981232e-01
5.620605606006146004e-01
6.139015122398087110e-01
6.755882504500850816e-01
6.737104286196915481e-01
6.108134182884183971e-01
6.638899767641146532e-01
6.309975515948506031e-01
6.210322261072638295e-01
6.999266669209426306e-01
6.514790745405860672e-01
4.873872876065036275e-01
5.626831191510711649e-01
5.542481306650205441e-01
5.682308225797786383e-01
6.244508077229580234e-01
6.127935387092799946e-01
5.530710785434899135e-01
6.409781847415944034e-01
6.449602882982551355e-01
5.797538353508974174e-01
4.647795766559588149e-01
6.113555787224723703e-01
6.419651198027641614e-01
6.459595803117393897e-01
6.323287223115507949e-01
5.728733525421279005e-01
5.909921776347354383e-01
6.525808033671138819e-01
6.180433696069640437e-01
4.804312726270498213e-01
5.657871393400095705e-01
5.736519413534034717e-01
6.388012272005778591e-01
5.263282834339979566e-01
5.901267861113623781e-01
6.591395046496862919e-01
5.754747309739608463e-01
7.458435842923636372e-01
7.454087811294587418e-01
7.577037467252289993e-01
7.445006497184242233e-01
7.618862862503894551e-01
7.549998676972219380e-01
7.623433441160081259e-01
7.549034740055129422e-01
7.531180240602011189e-01
7.516844140171650146e-01
7.555058316008953501e-01
7.248570484585720175e-01
7.598979039832497451e-01
7.449608735146371341e-01
7.260698567665859748e-01
7.131977277691966544e-01
7.608948809352181764e-01
7.495395293546085469e-01
7.087663654485528708e-01
7.627583991274934361e-01
7.416313274853195692e-01
7.621964393550971772e-01
6.851390138282168474e-01
7.469676525809835210e-01
6.924858736721782870e-01
7.010399541099248122e-01
7.394570795984377609e-01
7.149012980280206042e-01
7.128949628064761290e-01
7.313366311339303261e-01
7.174287126673438708e-01
7.126223523857803110e-01
7.151432382334866888e-01
6.592886159457402862e-01
7.292160861740130118e-01
6.825838573201958859e-01
7.274280014024543384e-01
7.193082477684705767e-01
6.747450469291147446e-01
7.020689738096242971e-01
6.636152551991030268e-01
7.100627788518825145e-01
7.465748635390887511e-01
6.719025130774558541e-01
6.830027500336983692e-01
7.223966731613773451e-01
7.058763948593118620e-01
7.128134086363425714e-01
7.010865500315720533e-01
6.354088223457554641e-01
6.391733466242944806e-01
6.612788287258806186e-01
6.339777317488229924e-01
6.688475654696378614e-01
6.359682975072207256e-01
6.632910071472450930e-01
6.646464303434204135e-01
6.626035669369759740e-01
6.609812797845164845e-01
6.419862702931056209e-01
6.574876030438490115e-01
6.201818092731005150e-01
6.660457482346535674e-01
6.251181678867568925e-01
6.565463788312031479e-01
6.628661430352639217e-01
6.431206003601297461e-01
6.279065789485692717e-01
6.497647842639689975e-01
6.506854520989951984e-01
6.339223088059412481e-01
6.200252735839992813e-01
6.231972531199327925e-01
6.482736767017727164e-01
6.065911495871038062e-01
6.513309686201379511e-01
6.338306913307731882e-01
6.293871481292473424e-01
6.951874591065856368e-01
6.622328080591450838e-01
6.627989556708659968e-01
6.985066351209864299e-01
6.536766710649161150e-01
6.435016284075882886e-01
6.944924821966291795e-01
6.868742080171440501e-01
6.264699503556787619e-01
6.505312978074693220e-01
6.058547211224196705e-01
6.371584626035382559e-01
6.810922694112497844e-01
7.260696482571793453e-01
6.962328665900255897e-01
6.431923509319512622e-01
7.123776418257179444e-01
6.946058359225674161e-01
7.105134894332302276e-01
6.981209663004271926e-01
6.940308227181084533e-01
6.307404714891668984e-01
6.379606081433323306e-01
6.214229841746466976e-01
6.111052411406528995e-01
6.497047665716473297e-01
6.266953191059897454e-01
6.073465595261265948e-01
6.371334910372333793e-01
6.253373121243067656e-01
6.337630563496429170e-01
5.367146477735367238e-01
5.822655202803752594e-01
6.456847007044377307e-01
5.663433919780084258e-01
6.461413656461657551e-01
6.585833169225594474e-01
6.766224482143280428e-01
6.376192661827811969e-01
6.839525327635619378e-01
6.406376415276452407e-01
6.232229877839576826e-01
6.911594226745085834e-01
6.800795584085299605e-01
6.732200585986301000e-01
5.990679987098093129e-01
6.919794370560238272e-01
7.176034760794058887e-01
7.749176529802148661e-01
7.593245617168415951e-01
6.298095533060568130e-01
6.689863501736603713e-01
6.314348929099210528e-01
5.429826749904833605e-01
7.184034174170895737e-01
5.626379214683610019e-01
6.516301628710939875e-01
7.535260847088106617e-01
7.490917711414768476e-01
7.100803174920793381e-01
6.126264857871677183e-01
7.588407007385155056e-01
7.594685971323167362e-01
5.618939258305715168e-01
7.617870050227080192e-01
6.781025310322014166e-01
6.613914385876743518e-01
7.163787848309409734e-01
6.973160833066847086e-01
7.610877011267637160e-01
7.091808557404486457e-01
7.168117371628900392e-01
7.480168753697891137e-01
6.708786410715139592e-01
6.809080433632990204e-01
6.933218667371684463e-01
6.243320212083554033e-01
6.922768585200581581e-01
6.822852080720025469e-01
6.883424177022852142e-01
6.719576061541608913e-01
7.290941927385987675e-01
7.015138868357015944e-01
6.413567550769497805e-01
6.874083154985658473e-01
6.969480142553934332e-01
7.028715251626754812e-01
7.032133294190162642e-01
6.536732517900334383e-01
6.709436891084302745e-01
6.344050869035451345e-01
6.511485087647586045e-01
6.777057113718559789e-01
6.829700455802636405e-01
6.373263852654477146e-01
6.454132208573641893e-01
6.388714555127215089e-01
6.599683316709851200e-01
6.646276317934418643e-01
6.708507678761206350e-01
6.686676865258990299e-01
6.532989457863421778e-01
6.269151146203688629e-01
5.886623796683758680e-01
5.819017570288369523e-01
6.543490602989092686e-01
6.048853952645784071e-01
6.191255453393054164e-01
6.807476845588893433e-01
6.566340255046563268e-01
6.383837781038759207e-01
6.739852995408036618e-01
6.902338746625740207e-01
6.929215825401081608e-01
7.070439960429913961e-01
7.142285446074382316e-01
7.566163642351764196e-01
6.248311729552429306e-01
6.206503258628408570e-01
6.768238861173873078e-01
6.893937221215148403e-01
6.372710134704091534e-01
6.160781954298282237e-01
6.262392621864195652e-01
6.457775480754103237e-01
6.177422655469911872e-01
6.685715135368286433e-01
7.318451076825073232e-01
6.978923091462710948e-01
6.700144105858785171e-01
6.965867463467708687e-01
7.029718794145805028e-01
6.997456007029707603e-01
6.919454385499258509e-01
7.121088003447245685e-01
6.638710555711001549e-01
6.557204232425808410e-01
7.336867037443384199e-01
6.636770560154654497e-01
6.164339154965706724e-01
4.136327789695144475e-01
6.757108396556599228e-01
6.464787469107584617e-01
6.067246703805539987e-01
5.543270867602939633e-01
6.049110443403783455e-01
5.757583907667722656e-01
6.557941605914709982e-01
6.603264350818234263e-01
4.823096411452112431e-01
6.636943351486217502e-01
6.202335739562186978e-01
6.474190018116248169e-01
7.195387754943257663e-01
6.124839952658728270e-01
6.616375896233314124e-01
6.737872326708702619e-01
6.358797261996178563e-01
6.880609459099159553e-01
6.720423166231664913e-01
6.469149146675590156e-01
5.457369938825326061e-01
4.172996675279506684e-01
6.090604091687521482e-01
3.536751529174539943e-01
5.865530494610449175e-01
6.560531340090959285e-01
6.394803801122221909e-01
6.414943173740743632e-01
7.390240805710334149e-01
5.640522417448869952e-01
6.898795325228704867e-01
7.206116771641114527e-01
6.911230504084716619e-01
7.095525937488205148e-01
6.839997573094650507e-01
5.338674332302202341e-01
6.984226576166061573e-01
7.303068821993533577e-01
7.202942587976579603e-01
5.878879959054186255e-01
6.928752472831237741e-01
5.019741065997961327e-01
6.763402286468362945e-01
7.061630317209617314e-01
7.254422770196347070e-01
6.701308680180155797e-01
6.696653274094443997e-01
6.119402047213764462e-01
7.005268368097671283e-01
6.835223389348316081e-01
6.174290932769858076e-01
6.061419254540327817e-01
6.151899889754692818e-01
5.949155015708034178e-01
6.397041311346270964e-01
6.567956164151055320e-01
6.457161269967535144e-01
6.113649151694326989e-01
5.954517701340046321e-01
6.415356154849413128e-01
6.269366139089449508e-01
5.907918111088168445e-01
6.315777874259450586e-01
6.370327359186090943e-01
6.383583320486058144e-01
6.380336750050080719e-01
6.776297015997551076e-01
6.352036940592160619e-01
6.344297731498323989e-01
6.100746997196593302e-01
6.362374799628794930e-01
6.481758456170966243e-01
5.955516082832488234e-01
5.517292112444743823e-01
5.801858407054018008e-01
5.711712789761914655e-01
5.860368010949849049e-01
5.988941678141211922e-01
5.480284501187629997e-01
5.775478128099865716e-01
5.742511538191679143e-01
5.684621325387476665e-01
5.393203964431078079e-01
5.820105559299026954e-01
5.708589174470138916e-01
5.672356757888419310e-01
5.764027565084227644e-01
5.636049143315775556e-01
5.373298764708723807e-01
5.772778757834832186e-01
5.757506934109896113e-01
5.519081890630773701e-01
5.599621395404335011e-01
5.683383631428895466e-01
5.209508676766883006e-01
5.629711970308097779e-01
6.021746485880344890e-01
5.550363824252513290e-01
5.826466515639759924e-01
5.862452664715916972e-01
5.717687638217556767e-01
5.534569280902592592e-01
5.630680553515859943e-01
5.752164208720009775e-01
5.589571232462111627e-01
5.560825088343659406e-01
5.661723286132811506e-01
5.901069100329213724e-01
5.814497355677460400e-01
5.768389331188717994e-01
5.740969033554975676e-01
5.949437241790286324e-01
5.881078367353711478e-01
5.698031281477928811e-01
5.694950071527954405e-01
5.843586280089445584e-01
5.530141967249412316e-01
5.907845573482998214e-01
6.085281633148825753e-01
6.395595803897432541e-01
5.946152241548718909e-01
5.764055290871754611e-01
5.673409265571762727e-01
5.577278976364276053e-01
5.883282435535179822e-01
5.519694132850043733e-01
5.601685336539445892e-01
5.376943281551249676e-01
5.450186224854434158e-01
5.332921280950855270e-01
5.358486108269715498e-01
5.599486460510554320e-01
5.539273247793713439e-01
5.569272223276260370e-01
5.718609285288830391e-01
5.816233401456583074e-01
5.745784372305490217e-01
5.528947798030946492e-01
5.422723664285739043e-01
5.586386137125191054e-01
5.280678845259920706e-01
6.468560546918267207e-01
5.485732132048318777e-01
5.455614511626691865e-01
6.251105156572767108e-01
5.808460828391190933e-01
6.631372370775194813e-01
7.115857928358679807e-01
6.540339592211936726e-01
6.165179589390855641e-01
4.896653507639851521e-01
6.345076917764985724e-01
6.351120745682422575e-01
6.447430052734268724e-01
7.428076978706011912e-01
7.477497616774027023e-01
6.258873764318714228e-01
5.318007990005226837e-01
6.642161357832546686e-01
6.429247171527366911e-01
7.356017275380801745e-01
6.118051742137854410e-01
6.858804649941128151e-01
5.941896275913058911e-01
6.340559662878008096e-01
7.043214257371082088e-01
6.402071548219253616e-01
6.881108697519632278e-01
7.056871479240061085e-01
5.098213456406508470e-01
5.659949503833300311e-01
4.822240565145536340e-01
5.616101062084832840e-01
5.971170821694071762e-01
5.591708385590560271e-01
6.201362474306135741e-01
5.963853211211355143e-01
6.123829569893390889e-01
5.615153870367107780e-01
5.840697508693147855e-01
5.842906050169862642e-01
5.676425898541954673e-01
5.908259733604419583e-01
6.292775696416871289e-01
6.162526455805713566e-01
5.565838269534181260e-01
5.281278938494852193e-01
5.652593464177712024e-01
5.969967047291567797e-01
6.612832448525056694e-01
5.607285451530719111e-01
5.260524120133179826e-01
6.918428824799696120e-01
5.888855406844382134e-01
5.928332280320067760e-01
5.564769880785951361e-01
5.417706710970698891e-01
5.439679893175376479e-01
5.296770372014801831e-01
5.385768418103386024e-01
5.398188876454480534e-01
5.432326926382197163e-01
5.288222178942274532e-01
5.903290323272788465e-01
5.878035450936540673e-01
5.670197848504792137e-01
4.514680140309244583e-01
5.504559345639487011e-01
5.183527546032464794e-01
5.521470505283869734e-01
5.568400031621755231e-01
5.248294330335744329e-01
5.437478206399507519e-01
5.758140765158599184e-01
5.733036365388006761e-01
5.623424947778142835e-01
5.427938621350939519e-01
5.799969611624512522e-01
5.507148089457438722e-01
5.575511720749721789e-01
5.547205738087271909e-01
5.346786185723151341e-01
6.420421171212274958e-01
6.111642687630116644e-01
4.176836322792705225e-01
4.242484311006676778e-01
4.369330169116054652e-01
4.847917481214341628e-01
5.010525539741427226e-01
5.084600328127174551e-01
5.532522153808012710e-01
5.597329812315776643e-01
4.633524678289986376e-01
3.619904836359327249e-01
5.122553309871943350e-01
5.291416355619723566e-01
6.559915135352885063e-01
5.688922612778857246e-01
4.727865680243852342e-01
5.322292751703181501e-01
6.261861695884378687e-01
6.221729898740485654e-01
5.775630000307625522e-01
6.822528353791204037e-01
6.002511613678132019e-01
6.240334840929757654e-01
6.417645946863248518e-01
6.133101504770290813e-01
4.694728082618523923e-01
2.024475029009255023e-01
3.464540374918213539e-01
4.234780903748383007e-01
2.513247522313720728e-01
2.775967933648530450e-01
1.470552616931806167e-01
3.309512944568622217e-01
3.567919175757496841e-01
3.555598160497048243e-01
3.037907868427274782e-01
3.029535943553461341e-01
3.370649859668128356e-01
3.361151927739027268e-01
4.381934237812208921e-01
5.119524320957216101e-01
4.171733835109039945e-01
4.182866337572465620e-01
2.078851698463359821e-01
2.661964142566479730e-01
3.410706651924317878e-01
3.255387095879184733e-01
3.619318824336586471e-01
3.858163121174953969e-01
2.675197789124654224e-01
2.224899376023830311e-01
7.118925986434005981e-01
7.334460251934177277e-01
7.378265311036977803e-01
7.218611968861333716e-01
7.603101599603707683e-01
7.233084200594257496e-01
7.269156079402406823e-01
6.939686378953668910e-01
7.016545916598700972e-01
5.205498292210725131e-01
7.112737846399092012e-01
6.876119134778491127e-01
7.526506444535504547e-01
7.564723484866884284e-01
7.339355429144202025e-01
7.807580939299491041e-01
7.329419276248535509e-01
7.585873305735046923e-01
7.491130816898592393e-01
7.399149384503068694e-01
7.549740035587293452e-01
5.987186537401337771e-01
7.157966357369306420e-01
6.741623516552016637e-01
6.873670894877400572e-01
6.657433742292647727e-01
6.663372725260232610e-01
6.728593852857681634e-01
6.806322524438384036e-01
6.922976311306229258e-01
7.043821491729027606e-01
6.708469156878342776e-01
6.645066513948602038e-01
6.473506185892009546e-01
6.870757855148034166e-01
6.721070554217316584e-01
6.879626150888259462e-01
6.968045270344676023e-01
6.853621038477739624e-01
7.025290571599576150e-01
4.595866063655772993e-01
5.318979909779621984e-01
5.268165512911952009e-01
5.688570365236839121e-01
6.101716661328985269e-01
5.460778264090816458e-01
5.510250902104110171e-01
5.034503205098431744e-01
5.285310999224478445e-01
4.712640165892562072e-01
6.190681043738229805e-01
5.018604398138696299e-01
4.842575211412864511e-01
5.583369677452877378e-01
4.950611779408798929e-01
6.156394617898984789e-01
5.929427372185795964e-01
5.278950888574468481e-01
5.395592783584634011e-01
5.736317739765969259e-01
5.482999962726520238e-01
5.432053990264384957e-01
5.962167059275211844e-01
7.032550416078739985e-01
5.946952405534364772e-01
6.469500861888333176e-01
6.881560868456954028e-01
6.384019778115269661e-01
6.771182224453367038e-01
6.665074868865912272e-01
5.621659648185460822e-01
6.756599244034945384e-01
6.278891396302681560e-01
6.040946374190312440e-01
5.683756296889092008e-01
6.827691899876073833e-01
6.431792639067088757e-01
6.815582369501708149e-01
5.838886647892278514e-01
5.695486329777931234e-01
3.994537358694157381e-01
6.155916934601348700e-01
6.389797067656606266e-01
6.451086988569059155e-01
4.660843777851668701e-01
6.115235823939813020e-01
5.988823125810682768e-01
6.092774061116368323e-01
6.059498039607684738e-01
5.674563278194013627e-01
6.462114669394037891e-01
6.004578491902695658e-01
6.085505465739882158e-01
6.137905663772268428e-01
6.003101677933927460e-01
5.804100971079700910e-01
6.100616613523626164e-01
