7.889623018573259372e-03
3.467047606054784320e-02
8.659350389763015299e-02
3.380173417700515354e-02
9.858737130472403076e-02
1.698703479655545162e-02
1.175722226310960544e-01
1.165317705564837408e-01
5.048092259832626799e-02
4.843105757399593370e-02
4.296887229956343132e-03
2.130077183486482617e-02
3.012972291793535561e-03
1.643787947517958044e-04
3.720753556737533413e-02
1.315008392166993993e-02
3.542500526293725083e-02
4.196790846775832334e-02
5.605958026705126079e-02
2.066774706440198395e-02
1.516808848874098836e-02
1.933937471445502237e-02
2.765983202361170165e-02
4.607388555301954181e-02
4.696023190267435699e-02
