2.207114406430239067e-02
5.638661505603655838e-02
8.371787799541270669e-02
5.414196319944583613e-02
8.845514847675284287e-02
3.676794965528560472e-02
8.426402296572400863e-02
9.105411221364301255e-02
5.493288640462400813e-02
6.186134734427778392e-02
1.564978245382082911e-02
4.029190297222454836e-02
1.262172614739706135e-02
9.423303334921969776e-04
5.307294866164994490e-02
2.944254547846723510e-02
4.717427701847964200e-02
5.573812067023117822e-02
6.789473089053595090e-02
3.400946140183402910e-02
3.161331551979074117e-02
3.259964382882889894e-02
4.418127518501259454e-02
6.050435804433060283e-02
5.593288896113474823e-02
