0.000000000000000000e+00
5.911428571428569562e-02
3.571428571428558957e-04
0.000000000000000000e+00
0.000000000000000000e+00
6.571428571428450816e-04
1.131428571428572116e-02
5.428571428571227209e-04
0.000000000000000000e+00
0.000000000000000000e+00
0.000000000000000000e+00
0.000000000000000000e+00
0.000000000000000000e+00
0.000000000000000000e+00
0.000000000000000000e+00
0.000000000000000000e+00
0.000000000000000000e+00
0.000000000000000000e+00
7.677142857142855992e-02
2.654999999999998334e-02
