1.350345453183330602e-01
1.244592676258396702e-01
8.059093268297562451e-02
1.960812219334769069e-01
1.276901578908539170e-01
4.154535964326312447e-01
5.851454742471878800e-02
1.793981549279008991e-01
1.264082443047400139e-01
1.571525109096497119e-02
1.867248607760474410e-02
2.360839900889226683e-01
2.240934241039709007e-02
5.705202554127136727e-02
2.910375405795140660e-02
2.190638827132631097e-02
5.313525121209925622e-02
9.567090790185782401e-02
2.834609284963009457e-01
2.241584857620333437e-01
