1.568518015773947769e-02
3.111421203816893896e-02
1.655965854315540400e-02
2.707677000239260695e-02
3.476724805800075063e-02
3.990109384870033082e-02
1.852335969581002037e-02
2.173560634074205022e-02
2.509714809964997892e-02
3.152415055464347516e-03
8.506857491198119769e-04
2.582375605388169057e-02
5.647412488458040600e-03
7.730978556981502048e-03
6.788131380781523699e-03
5.084891581705369874e-03
5.229970964446817132e-03
1.484990956851438108e-02
2.512114144407699701e-02
3.187843604120160768e-02
