2.221320506114430465e-02
2.281030272188783528e-02
5.869529830458894426e-02
1.057990849429520444e-02
5.558797099899415173e-02
2.999596948769895494e-02
1.047010776110994940e-01
8.259698105532135848e-02
2.524615065374457082e-02
3.817245876164283153e-02
5.296864674552422903e-04
3.289673056278170221e-02
6.889079412818101093e-03
6.968861068273291340e-03
7.761085884172465310e-02
1.526746627085766653e-02
5.947512984760197630e-02
2.123977307896030356e-02
6.141629365624882292e-02
1.988389763487785275e-02
1.301453350206355393e-02
3.231620715660196708e-02
4.048838316833212186e-02
6.122468254656469877e-02
1.001790936344204019e-01
