3.139382716961174047e-02
4.423684609238921067e-02
7.820839081188829534e-02
6.933228480063913235e-02
6.026769886341992039e-02
3.612149645888510646e-02
7.757328478085892542e-02
7.282752456490995674e-02
4.251323530331267003e-02
5.632818971890648369e-02
1.579364689662198645e-02
6.704605753867033668e-02
1.073184566134107419e-02
1.536019103527795724e-03
5.136155881785370303e-02
8.754139206793498315e-03
3.225095050485586590e-02
4.575297606951270885e-02
4.607121443914291570e-02
3.333408075962934064e-02
1.679049571924930845e-02
4.218259659760059677e-02
3.375362536770143418e-02
5.661072844124985515e-02
6.075877667188835790e-02
