0.000000000000000000e+00
7.572142857142856454e-02
0.000000000000000000e+00
2.857142857144445781e-05
2.061428571428570652e-02
2.428571428571557611e-04
3.888571428571428734e-02
0.000000000000000000e+00
0.000000000000000000e+00
0.000000000000000000e+00
0.000000000000000000e+00
0.000000000000000000e+00
0.000000000000000000e+00
0.000000000000000000e+00
0.000000000000000000e+00
0.000000000000000000e+00
0.000000000000000000e+00
0.000000000000000000e+00
0.000000000000000000e+00
3.866428571428572047e-02
