1.258022753472441170e-02
2.966084840336022377e-02
1.267241940666310844e-02
3.439468916518775843e-02
3.360292136918862499e-02
4.189586621823919443e-02
1.815997261255752199e-02
2.254831215505262096e-02
2.880468662923265158e-02
3.392413549299855974e-03
1.545252480488243157e-03
3.047091675574437747e-02
5.040509595581611248e-03
1.060725203956882669e-02
8.903676320154870621e-03
2.865418321012055264e-03
7.589411798055026477e-03
1.740468400517276859e-02
1.429422120112448617e-02
2.953028938730846778e-02
