7.123922295867191057e-02
1.040286886717637360e-01
6.166191102980831534e-02
2.277954713119643426e-01
1.658299622412542362e-01
5.965956383847277333e-01
5.952913169148134342e-02
8.654116514222884304e-02
1.416414492172742845e-01
2.227187042319939830e-02
2.077455733505985044e-02
3.502347925418319297e-01
2.499800197687036818e-02
1.179332228399185972e-01
5.532941069773848058e-02
2.104150489013770220e-02
4.963943509158996042e-02
6.023520985241777315e-02
1.095658799078558093e-01
2.042173027121952644e-01
