4.631499356564826309e-02
6.965359422876638007e-02
3.284786837207510912e-02
7.109260010930028295e-02
7.067586347576679251e-02
6.246262871794157345e-02
4.653553766817013215e-02
7.128313418340175012e-02
6.937691182308594606e-02
2.339781918864115157e-02
4.996808823521181088e-03
7.044997833666064024e-02
3.034728901907743012e-02
4.678563362409639270e-02
5.195937096706898517e-02
1.643415596226065895e-02
3.082006525891256565e-02
5.437758114813543570e-02
5.821034840276190919e-02
6.237688822583503656e-02
