6.272323841957197325e-03
4.433122518875204365e-02
6.860384350910984919e-02
3.996002191894673650e-02
8.263457135120504116e-02
2.458415680981910004e-02
1.078291836900455020e-01
6.523909069015096374e-02
2.561614848202765568e-02
5.842889186641128663e-02
6.937639108451797675e-03
5.860041034317654135e-02
1.837101613615950207e-03
1.390920092626948346e-03
8.099230500474352556e-02
8.327948458920046010e-03
1.744047711720959903e-02
3.952081724717521755e-02
5.769914595890244385e-02
2.516839363182381620e-02
3.445962560277283232e-03
1.903347743402847986e-02
1.937557247610346284e-02
5.559406362322596995e-02
8.113630798129353727e-02
