0.000000000000000000e+00
0.000000000000000000e+00
0.000000000000000000e+00
2.142857142858334421e-05
4.022142857142857464e-02
1.071428571428612031e-04
8.597857142857141810e-02
1.977857142857143355e-02
0.000000000000000000e+00
0.000000000000000000e+00
0.000000000000000000e+00
7.857142857143894772e-05
0.000000000000000000e+00
0.000000000000000000e+00
0.000000000000000000e+00
0.000000000000000000e+00
0.000000000000000000e+00
0.000000000000000000e+00
4.357142857142726308e-04
3.785714285714280930e-04
