6.518097837238175096e-02
7.203676145929324703e-02
3.625343093578252407e-02
1.374203933187508608e-01
2.235207978741070300e-01
3.785363976045147960e-01
6.056417692510294992e-02
1.443267820468568108e-01
8.785930346504429445e-02
3.956864935961044299e-02
2.178038118386443553e-02
4.004632148460464114e-01
4.724544624610009513e-02
1.446986122167464583e-01
6.029612295681851392e-02
2.363174102432759327e-02
4.084269461167206600e-02
1.049758674789635082e-01
1.115073740539703068e-01
1.124256643076493173e-01
