9.510193427136040198e-03
2.203490410417401416e-02
9.561718505326770312e-03
2.135344925630523402e-02
3.920510229486404846e-02
3.612752026126247323e-02
1.979847246435191901e-02
3.276625245714330503e-02
2.528284552199149340e-02
3.903240599074953802e-03
1.023405502846183547e-03
3.600082598400017320e-02
7.123301950451118268e-03
1.662764246227552839e-02
1.205734678930560008e-02
3.496481480749256444e-03
5.026592844503299622e-03
1.600857659873944350e-02
1.648503668215723500e-02
2.840310639445238483e-02
