1.691177074749202966e-02
7.794955515568791071e-02
1.800707502285456979e-02
4.811114885517164819e-02
8.463740175174774838e-02
9.131450794065465448e-02
1.529210448811274894e-02
6.461029215642444257e-02
5.982673122493838147e-02
3.151794140435800612e-02
1.035482049935271091e-02
1.055937700367692439e-01
4.278405127895265614e-02
2.852597082449804394e-02
4.220814096184657971e-02
2.047577168728687350e-02
4.054736109989279247e-02
3.017307756689485004e-02
8.310565882971751583e-02
8.805284846734640070e-02
