2.786063628080817298e-02
3.766782262364098272e-02
5.402803992771289948e-02
3.199475275645721067e-02
8.475315375593159284e-02
1.937675271366301119e-02
6.956236549181150919e-02
6.778634858255214168e-02
3.627733393210245960e-02
4.804956348822380513e-02
2.306163266661038699e-03
6.314166400196598306e-02
2.204766518184968910e-02
1.096241355598815900e-02
7.236641479534473842e-02
2.681497135293059095e-02
4.293049333682789209e-02
4.055729849631324602e-02
5.457915279112903612e-02
3.293035540138717493e-02
3.365473542422825481e-02
5.856922372252309356e-02
5.996958328163345953e-02
5.775819087702867283e-02
6.382053472155287122e-02
