1.147180119324235116e-02
1.069065734744319325e-02
7.236591296615375868e-02
9.697403470104495535e-03
4.399164963339680795e-02
2.017340915021698447e-02
1.432029666434551929e-01
5.523560275013787019e-02
5.461721608597061572e-02
4.333644157542397568e-02
1.118592178697893139e-03
4.070600596659067205e-02
4.477906822299418908e-03
3.379574150389688756e-03
8.693660160669727799e-02
2.693906354529436442e-02
4.785523771334230375e-02
4.011535624550959661e-02
3.921081084643616987e-02
2.079377910521504683e-02
1.256076865638123229e-02
2.795074261974422880e-02
5.079528167424249979e-02
5.273061108475817632e-02
7.964660696885600411e-02
