4.800742255654053686e-03
2.215309903041036074e-02
4.420821203255772582e-03
2.656675046482299615e-02
3.349568078432832441e-02
2.881687314969625865e-02
1.437776546822773852e-02
3.185981755368217511e-02
2.600782919909219726e-02
2.970363391766992281e-03
8.789590483719379775e-04
4.197100260765945778e-02
1.374025863088099153e-02
5.077559090987104722e-03
1.449259265991543512e-02
3.718034682009918861e-03
5.318315257557386551e-03
1.700431495179516306e-02
3.141033833386614599e-02
3.020626746440332674e-02
