2.959029543226188511e-02
5.779846763798131282e-02
2.454489227229529266e-02
1.606104602587706820e-01
1.351689400402898977e-01
2.755911694040911186e-01
6.232075534446636367e-02
2.555065781267612524e-01
1.363316157099667969e-01
2.054474612608452391e-02
1.929340438176523412e-02
5.725413831917962604e-01
8.110395568696367186e-02
4.498710755056221922e-02
3.979654483661353159e-02
1.716130891791815133e-02
3.095598209712884311e-02
1.249661716146893836e-01
2.657621977024829940e-01
1.126468991436700984e-01
