1.600914072779910727e-02
4.666495093334255273e-02
9.798582844687571750e-03
6.476266242178932431e-02
7.805949309361344401e-02
1.000986269369155690e-01
5.681204149989645819e-02
6.323523576967235438e-02
5.694528429386749857e-02
2.088104328822564318e-02
2.928278375990299096e-03
7.219739182807070887e-02
4.837934283139265490e-02
3.501618573206886909e-02
5.382379176909273671e-02
3.080705012134937401e-02
1.722103745514235590e-02
5.252148715916659522e-02
6.776713711591059175e-02
1.060712358020062390e-01
