5.706113200518121709e-03
1.583544170310334856e-02
4.213288928515495323e-03
1.714675972911468629e-02
3.627204484777026006e-02
4.886141712405474985e-02
1.617666258294700801e-02
2.263447620174393465e-02
2.093042055995925771e-02
4.758418257697578924e-03
1.676990175540374285e-03
2.766409111293403195e-02
1.654948639203544097e-02
1.447625556342067160e-02
1.573623816815015314e-02
1.137186472702632345e-02
6.066157975072956378e-03
2.329947258129203697e-02
1.891056681795105776e-02
4.270140540137902507e-02
