6.095672684793210228e-02
3.204738396108475218e-02
1.667877243082173389e-02
5.757675559512265978e-02
6.035276729313526073e-02
4.763931208307027598e-02
3.275203146319807801e-02
5.905114500544426936e-02
9.586412102803147650e-02
9.528839664279977265e-03
7.139304688601920239e-03
1.403860125636895162e-01
3.094896928656673193e-02
3.178557057975379962e-02
4.820022812283172170e-02
1.542838636458701909e-02
4.251908574484679348e-02
9.469498006333086637e-02
5.687821248824433823e-02
5.957139472542673231e-02
