4.866382637626347207e-02
3.589685504081226858e-02
2.341142870431917739e-02
5.101979308247790723e-02
4.809318142292190457e-02
4.042309858436186204e-02
3.030208336508934813e-02
6.386749970930209741e-02
7.080947514445577740e-02
1.196084708411887174e-02
9.957444070336760045e-03
4.748979863069294205e-02
3.440824788092426006e-02
2.888807281976527377e-02
5.334528246693756581e-02
2.462258190851730755e-02
4.889718634384552370e-02
6.955299034207641784e-02
6.632001484406727099e-02
6.341298015640048358e-02
