2.834462596214772784e-02
9.815899018838399048e-03
4.430163905933377777e-03
1.894408616633590572e-02
1.953554926146016876e-02
1.999105946916733198e-02
8.813349425145791671e-03
2.069996609644025182e-02
3.652228223156869791e-02
4.457675882668098687e-03
2.383442328474211745e-03
6.045827923381342367e-02
9.928095067167864649e-03
1.222907806912622124e-02
1.491944001170805896e-02
7.137845088919830133e-03
1.174326603817591429e-02
3.094353258549298671e-02
2.491606957898478275e-02
2.021068848465674625e-02
