1.602776886542707779e-01
3.381465034888082866e-02
1.286630877924801845e-02
9.798426084920519585e-02
8.751721538901564845e-02
1.114650529467755696e-01
3.621611338305168182e-02
8.788354650495135145e-02
3.335200722012849339e-01
3.474753672355496842e-02
1.917974968191213381e-02
9.610354195729631233e-01
4.876703209283381191e-02
5.182516283858173284e-02
2.765233306190268900e-02
3.111089885383732170e-02
2.542623288637575751e-02
1.801552245899454563e-01
2.610321848128938638e-01
1.153270893652764417e-01
