5.848733944542105351e-02
5.694978728506788768e-02
2.269646212819939959e-02
1.020267391778507116e-01
6.608726616299120948e-02
7.222310373814873341e-02
3.096899079717585143e-02
5.197296825387426322e-02
5.372481075040719256e-02
2.359246119963639282e-02
1.360598894140796142e-02
6.658388766074628540e-02
8.331929352877066874e-02
5.064971189427888709e-02
6.399366091699025538e-02
2.394506772012714585e-02
3.371878120507009607e-02
4.871531492335057223e-02
6.940155639211791072e-02
7.185879483303175830e-02
