6.914849941113362930e-02
1.043894710078280691e-01
6.352628995417128333e-02
7.093581981245214267e-03
7.341906609871498568e-02
4.559841072113530319e-02
2.683730823099677448e-02
8.618026871179199078e-02
3.213755734613559650e-02
4.923494697102721862e-02
6.514809245036279339e-03
8.815896783539892145e-02
6.115685960449990244e-02
2.850008997367377978e-02
7.034484088818664105e-02
5.276619432474987867e-04
3.141150135944285882e-02
3.612657874396137114e-02
1.095905257511431939e-02
2.608922845392434506e-02
6.322396280344776565e-04
4.689148145357946787e-03
3.192124162965188916e-02
2.516020363567330470e-02
2.024217590461639335e-02
