3.569640017548054989e-02
2.519821284071795814e-02
1.085659929674084780e-03
2.701409174646101849e-02
1.125179310320288499e-02
4.234560169196062429e-02
8.528686247567147938e-03
8.747184200267385870e-03
3.270146892790583293e-02
1.289371572512953285e-02
1.234315367124102364e-02
1.412046946995135742e-02
8.368120857447789579e-03
1.125615867750575337e-02
4.938530284525050225e-03
1.361498602310606647e-02
2.597879692585987679e-03
2.440600045315854255e-02
8.002366496204598584e-03
1.444008479548818634e-02
