1.230938996313034051e-01
1.552669272655225474e-01
1.843583254264722499e-02
1.357037441667763022e-01
8.126849783521886139e-02
6.712680211564161503e-01
3.911420632141140996e-02
6.052158966104372734e-02
2.496231290392431357e-01
9.659795374435667381e-02
4.470655928401409684e-02
1.153285086111684038e-01
1.735929409079200320e-02
9.580792898294643312e-02
2.590595055324590792e-02
1.206340931369841163e-01
1.839286226442389885e-02
2.422839766769240288e-01
3.486317669771357014e-02
5.743453042295873501e-02
