4.594654092036626336e-02
3.550650722115069463e-02
4.417185307447234199e-02
7.070492706423282814e-02
4.395095085244109939e-02
6.157877243160315289e-02
1.310012284621043729e-02
6.783354174683009497e-02
5.083046466143958247e-02
2.279732884870961859e-02
1.090452865023242707e-02
9.937204380563810502e-02
4.721052767319915827e-02
6.015869022069426919e-02
7.907666677263683330e-02
2.969105691640767930e-02
3.062984181541991702e-02
7.380500397047241867e-02
8.502202949844317459e-02
9.110607491087646670e-02
