2.535771130436588819e-02
2.655174051903048255e-02
2.944375893814521819e-02
6.081381553701926262e-02
2.847902094196854209e-02
5.188210511095524280e-02
5.079428469962665553e-03
6.955846531190544579e-02
3.753002558995015281e-02
1.051163364663862919e-02
6.092536299895861575e-03
1.739563948029753948e-01
3.101718920396769399e-02
5.125382149955920452e-02
6.377640080940601142e-02
1.435628530379330983e-02
1.512590940017904083e-02
8.115886806849512136e-02
9.486097414677134576e-02
1.231939150950155798e-01
