1.048388808641811075e-02
6.986679880362079223e-03
8.568358127561223614e-03
1.919029259741828961e-02
8.014405419516432497e-03
1.503149923617949288e-02
1.041782902139314201e-03
1.953364729397599406e-02
1.086400856741328615e-02
2.788415070603983414e-03
1.734320521885944098e-03
6.072225489688311967e-02
9.804043490689853466e-03
1.502376720871491204e-02
1.801913155138605907e-02
4.555523687289630280e-03
4.094889680179780549e-03
2.823718559231563896e-02
2.770640647074605611e-02
2.690571956163522599e-02
