4.932678775351637124e-02
7.142284688155872696e-02
4.343522577126858464e-02
1.987023234551216905e-02
7.168149094357532947e-02
2.622613640804539667e-02
3.108358744711926108e-02
6.686676812724466623e-02
2.947597273255942243e-02
4.373060580084622145e-02
6.371555041486088970e-03
7.875056963705616420e-02
3.308254634465468413e-02
7.953963680299888997e-03
7.899440755869628628e-02
1.198064533788448412e-02
3.054772685268367094e-02
3.150700342632232337e-02
5.263259019608563377e-02
2.733905570322411188e-02
1.208398557619313855e-02
4.051258289445310717e-02
5.246406826371609322e-02
6.230024850649420326e-02
6.588296233691370851e-02
