5.839282682038966776e-02
4.975617969167089177e-02
1.337546554233697872e-02
7.172199764959481805e-02
6.613085710368624137e-02
4.715476605580781744e-02
3.995243006151160542e-02
6.444931990333438443e-02
1.127188601499522908e-01
2.685674220316544222e-02
4.121501740530589611e-03
1.453452177251797206e-01
1.426120900914031736e-02
1.065890829682311983e-02
5.082247442031111867e-02
9.977729425464343729e-03
2.493580567716612365e-02
4.983462025105304949e-02
6.835070066111076370e-02
7.118238761177074492e-02
