1.232374830880243327e-01
3.192475789350365800e-02
2.333555072310153009e-02
1.466732601916981849e-01
1.084208616649869061e-01
1.539795501144277379e-01
6.619402153429604363e-02
9.363290390974172983e-02
1.060108774425608247e-01
1.066408865588176630e-01
1.726329393593519293e-02
8.332919043453763663e-01
2.216905582354689389e-02
2.989014721668533520e-02
5.609999197904597806e-02
1.980259491310616335e-02
3.045995998617902906e-02
1.229701846177368857e-01
1.418251717915691157e-01
5.761644209350163387e-02
