1.795071207682696901e-02
1.329590172816265230e-02
4.573672326089375968e-03
2.054641648104375828e-02
1.693973949034308438e-02
1.336866360568538144e-02
1.302201539852502338e-02
2.040470315264360929e-02
2.816197230106673097e-02
8.872804167711002832e-03
1.081071859767691575e-03
5.793701904572859385e-02
3.616439647948320804e-03
3.418774460558405507e-03
1.401737191394492217e-02
3.913226259944732090e-03
8.737565691671446769e-03
1.674977714241224214e-02
2.287233405080031992e-02
1.869669278047767641e-02
