8.111110021166452466e-02
5.360480872132052099e-02
5.437565375695108810e-02
1.048764134478834403e-01
4.864949068594604659e-02
4.128847399614077318e-02
2.384807699577134316e-02
3.726390979101999734e-02
8.793824336558338228e-02
3.094779477652826252e-02
2.731271793995949243e-03
1.125240934022109229e-01
2.924752853430238192e-02
6.488741133941646096e-03
7.670716387290417437e-02
9.851380510280283165e-03
1.735309936673397682e-02
6.609337376931727348e-02
7.760957376260843588e-02
3.748980810489554311e-02
