5.732094654168250897e-02
4.774889494635754100e-02
4.880346919513110782e-02
7.524776841047904619e-02
6.040727419597941017e-02
4.810463472729008261e-02
3.277354622789106081e-02
4.168985398536246417e-02
6.576510800351249852e-02
4.071222512726963005e-02
7.248767547905643309e-03
7.590744221632637900e-02
3.428078556932064730e-02
2.067696115197882947e-02
7.783440232959522309e-02
1.988609185521150735e-02
2.718872684150680508e-02
6.540879999888458973e-02
7.754057612859861781e-02
4.893251481077898896e-02
