1.486525871281117739e-01
2.791839108930417243e-02
5.851319740739395481e-02
4.244219845699715443e-01
7.261870033918933764e-02
1.379526278769920844e-01
2.333896481018729943e-02
3.534016354334765242e-02
1.080713753076217309e-01
9.455976806650995270e-02
1.582852577565860633e-02
5.037873451419925264e-01
5.317204290218074947e-02
1.950306082662683210e-02
1.856655797368042538e-01
2.412920765031682097e-02
1.828840393508276291e-02
1.529196996682776200e-01
5.246932157396536067e-02
6.896810783454891680e-02
