2.270743082076402339e-02
1.429080771993536218e-02
1.570172286405461387e-02
3.995646897679168419e-02
1.364337312152872142e-02
1.237265660257731714e-02
7.362693581689657395e-03
1.265280772814920442e-02
2.990055004470118516e-02
1.103383627121407896e-02
8.560015270569283803e-04
4.588045502877179105e-02
9.109467669963398559e-03
2.922107699284840279e-03
2.707488265568689864e-02
3.131010649269115511e-03
5.246035458617659929e-03
2.265478800508397006e-02
2.109501191543834350e-02
1.307796030774392021e-02
