3.104179698691432801e-02
2.504522596157366873e-02
5.342594200339997879e-02
1.353699101654223455e-02
4.283231623362959706e-02
1.213116455022861945e-02
1.017423666505227337e-01
7.004305375143381196e-02
4.352809184727197273e-02
7.203201622999667875e-02
1.010358684246535996e-03
4.746520544347823667e-02
9.915296144641143339e-03
1.077255538264861772e-03
9.161675657022139152e-02
1.011046671708330617e-02
4.411507043881049417e-02
2.116145874234204305e-02
5.220668066155639830e-02
2.245784226508509840e-02
1.172673805638703957e-02
2.939089609804072453e-02
3.679377320911150079e-02
6.686995588547980929e-02
8.872328031373787061e-02
