4.489261351229556496e-02
3.387181110416447732e-02
5.752775756989226413e-02
2.350713732959188937e-02
4.855632310713567379e-02
2.726414620073722497e-02
8.796236847183008800e-02
7.075102250995368713e-02
5.022136558756386260e-02
7.048808668924969045e-02
3.152119301010044249e-03
5.094203963367120030e-02
1.649641424428312242e-02
5.032009721290059412e-03
6.578837365090764444e-02
2.044509484271851349e-02
6.403175657521137376e-02
3.755917558494956121e-02
6.282964429006011875e-02
3.991952222375221015e-02
3.083232028250181694e-02
4.623855234175179574e-02
5.113854521323007302e-02
6.599483580667102334e-02
8.197771779741952480e-02
