3.739135064768712990e-02
4.047073443149992733e-02
5.144453426256491435e-02
3.807428046730597371e-02
5.785429450808519253e-02
3.362355744968027055e-02
7.771642907769819864e-02
7.375370731149695491e-02
2.759650204416366770e-02
5.784303976101726891e-02
1.203119165320520618e-03
4.890572863057757180e-02
1.579168017340404004e-02
6.634666365909141529e-03
6.795967015769067976e-02
4.049515337435385248e-02
5.421026191549766643e-02
6.844695241145809517e-02
5.647973642764488739e-02
2.540469458833067781e-02
3.736582208898830970e-02
6.049473821840613275e-02
5.462190722795740028e-02
7.468461787052300960e-02
7.280782949353307998e-02
