3.514779761855756773e-02
1.912455430614091317e-02
7.028577128699133036e-02
4.496280661026122796e-03
5.312321467384733403e-02
8.963805206131993455e-03
9.229633080066752815e-02
8.250119062706805229e-02
1.491666500919941116e-02
3.603068764124216922e-02
1.524031736131938736e-03
4.194961531680972688e-02
8.769045979292953638e-03
6.940113341524114035e-03
1.051007464130795932e-01
1.362338745965910314e-02
6.154728568117030091e-02
3.883550255640987048e-02
3.340916649325174209e-02
1.297865201893413228e-02
1.084314896712765264e-02
3.690535790886452505e-02
1.553992096935137047e-02
8.725641660243364794e-02
1.078913107250869946e-01
