3.635788636659324780e-02
5.913831659966181653e-02
3.044058043731706284e-02
6.465067318440999300e-02
6.500476246845875161e-02
7.350636265514125245e-02
2.234530181395963724e-02
6.345944329519324911e-02
4.965065774710203383e-02
2.309179879090704837e-02
6.562688635579541803e-03
7.325087648605335677e-02
6.679186387080345011e-02
5.661098718381753908e-02
5.699569417183612124e-02
5.197784577922592852e-02
6.117490413722206227e-02
5.298487368072483245e-02
8.532125771984212792e-02
7.694731696399904897e-02
