4.504473225168046518e-02
4.888496393898670439e-02
2.429974388867261678e-02
8.168788331714409157e-02
5.543633210417839297e-02
6.041189694049522302e-02
2.761329267723692735e-02
5.829805091572461129e-02
6.282305738988244737e-02
3.534503352262962500e-02
5.575187804961095721e-03
6.481603879688478675e-02
5.850621592470941351e-02
2.955334231909209977e-02
4.798090370143077293e-02
2.709887077788334167e-02
3.929013865526315152e-02
5.499637819732242083e-02
6.202274201771835332e-02
6.276268780441435213e-02
