2.825277016777794081e-02
7.248055508399854630e-02
1.744264887846213100e-02
7.284784064031044060e-02
5.853643388068437842e-02
6.909858001337783329e-02
1.833694212264526391e-02
5.895792794489890243e-02
7.939884748502781808e-02
2.397269046911072038e-02
2.281047578455517449e-03
1.049727056053028768e-01
5.521192076242368435e-02
1.902328090636705091e-02
3.718943120247174966e-02
1.647049307500260060e-02
3.188032689978780032e-02
5.142816253978599317e-02
7.544295481247435819e-02
1.067744399316343518e-01
