4.292355380127493153e-02
4.722103076212412487e-02
6.182113912467976369e-02
3.850241225393032096e-02
8.723259685465475921e-02
2.915172426034733782e-02
8.440597968140967078e-02
7.102207942528791784e-02
1.795321341485291849e-02
3.618754124913653447e-02
0.000000000000000000e+00
5.739255979274321406e-02
2.935930653045894234e-02
6.084180430587960049e-03
6.518235417702944456e-02
4.189898803911003278e-02
5.701977383111371533e-02
3.545288904330824026e-02
5.833763782373816570e-02
3.028201852525410145e-02
4.748243090310403508e-02
4.926579816942646545e-02
6.602984642910199320e-02
6.869832014582133439e-02
6.804066801428862443e-02
