1.993611934880471295e-02
2.607832988103641822e-02
5.146583513342303101e-02
4.737220789260546128e-03
5.039090548454247531e-02
2.101133797107681417e-02
1.224184280440422101e-01
8.395707395564196152e-02
3.041883933355182205e-03
4.039956822016969873e-02
1.213191905613440161e-04
8.863362794172002790e-02
4.285544923580920582e-03
1.912567392943960096e-02
7.052776589586826073e-02
1.168221052320100005e-02
3.332003710645284333e-02
5.463677531939074850e-02
6.781127352066451675e-02
3.617432962214846975e-02
1.310405833439339668e-02
4.488372154055372126e-02
2.683913777762408914e-02
3.589985923623503772e-02
6.951796237681301394e-02
