0.000000000000000000e+00 4.459424669902973398e-02 1.248598199579239489e-02 0.000000000000000000e+00 1.643354543801912038e-01 1.223398379521975082e-01 6.640151501606238486e-04 0.000000000000000000e+00 8.146195895342841706e-03 1.890903227763428285e-02 8.252089906207543679e-02 3.024082528169449446e-01 3.006131393225116438e-02 0.000000000000000000e+00 3.717941057343421025e-03 0.000000000000000000e+00 1.046449780050912742e-02 1.347634023024906480e-01 8.648293169785107454e-03 5.594063550825157521e-02
1.180501774897425721e-01 2.463532253657245864e-03 1.976622886194552130e-03 6.243210846299403205e-02 0.000000000000000000e+00 7.918833404445353719e-02 3.136638232538549475e-04 6.560378282466759574e-03 9.535758628805519888e-02 0.000000000000000000e+00 0.000000000000000000e+00 1.641982690423880176e-01 0.000000000000000000e+00 4.027986016962631366e-02 0.000000000000000000e+00 2.611655645717382828e-03 1.497343981016402079e-02 3.307039460986901241e-02 6.626662724794711405e-03 3.718973144666228303e-01
3.574037890532542894e-02 4.312973322344404101e-03 1.662346791186675721e-01 1.427977913762532199e-02 2.004627570558467284e-02 2.441012438167367016e-02 2.471750279482490958e-02 3.841414827563940926e-02 2.625600135562272848e-03 0.000000000000000000e+00 0.000000000000000000e+00 0.000000000000000000e+00 2.083654348334946713e-02 1.396570267883352201e-01 2.197427951413714192e-02 0.000000000000000000e+00 5.999613637259218479e-03 2.482804225564787803e-01 1.904851432578802684e-01 4.198550898531213521e-02
1.027452395749543362e-01 1.012786795918583921e-01 4.149742775746807777e-02 0.000000000000000000e+00 1.389141888052292939e-01 3.539425055617282517e-02 3.642793138445788587e-02 8.088138207805554980e-02 0.000000000000000000e+00 4.106778933111162287e-03 1.807730208629736504e-02 8.124050587803541279e-02 2.064962350101946439e-02 7.839542569827670504e-02 0.000000000000000000e+00 8.448432876233060579e-03 6.727847411101059438e-02 0.000000000000000000e+00 1.530987635232526067e-01 3.156559364456750644e-02
8.411627194595257902e-05 1.152077037422973294e-01 1.851075939951082883e-03 0.000000000000000000e+00 1.531817138106106591e-01 1.684710983040012267e-01 0.000000000000000000e+00 1.083699185639326254e-02 1.112026891126124094e-02 0.000000000000000000e+00 0.000000000000000000e+00 2.378318795631832461e-01 0.000000000000000000e+00 3.639661470547085435e-03 3.247267605014509534e-02 2.093990807468030374e-02 6.080819709747768698e-03 2.852692132724168189e-02 1.800263490684645210e-02 1.917525300611474803e-01
1.993446544385001420e-02 9.430403644849473521e-02 1.254532691902743302e-01 1.253903290319185182e-01 1.225244543891711342e-02 2.503394188576489876e-01 0.000000000000000000e+00 1.140902139388784431e-01 0.000000000000000000e+00 1.420099645871711162e-02 0.000000000000000000e+00 1.802091870888403724e-01 0.000000000000000000e+00 0.000000000000000000e+00 0.000000000000000000e+00 0.000000000000000000e+00 1.342522876389413977e-02 0.000000000000000000e+00 5.040040933856625160e-02 0.000000000000000000e+00
8.372067465344150416e-02 2.207025450082863820e-03 0.000000000000000000e+00 2.072961359741341478e-02 9.007872495296080639e-02 2.101821667945793504e-01 0.000000000000000000e+00 0.000000000000000000e+00 0.000000000000000000e+00 2.025122664603012934e-02 5.883271409539470725e-03 2.136259064909216410e-01 5.214941128976786910e-02 7.647751592883599014e-02 0.000000000000000000e+00 0.000000000000000000e+00 0.000000000000000000e+00 1.415063141259114976e-01 4.044557096595177877e-03 7.914359156392011818e-02
3.365859288524366416e-02 2.115560313743709668e-03 1.156724726030615019e-01 5.806250945704895250e-03 8.359285854402473404e-02 1.248922892365974258e-01 0.000000000000000000e+00 1.232900922651492537e-01 9.209117602527263496e-03 0.000000000000000000e+00 0.000000000000000000e+00 1.780339314957831431e-01 5.268989853088977549e-02 8.257189435033256142e-02 1.920221583590695988e-02 0.000000000000000000e+00 0.000000000000000000e+00 1.000687816835253881e-02 1.046842955388747332e-01 5.457365168380798326e-02
8.368219593665740530e-02 0.000000000000000000e+00 3.004945267612343582e-02 2.107349648065657832e-01 1.240305681499948021e-01 1.356525331200731932e-01 0.000000000000000000e+00 1.106679756143668786e-01 5.375386143026991519e-03 1.767683672840242651e-02 0.000000000000000000e+00 1.576092734831381903e-01 2.897188477100492640e-02 0.000000000000000000e+00 4.225505178038621232e-04 0.000000000000000000e+00 4.191995509042673040e-03 0.000000000000000000e+00 6.704788886709324436e-02 2.388649367670600543e-02
6.645406570703901727e-02 0.000000000000000000e+00 2.235614609232678546e-02 8.562705056624893285e-02 1.796675765567649907e-01 6.985606887059753883e-03 0.000000000000000000e+00 1.537856519513443494e-02 7.142958005379132502e-03 3.112403179898785496e-02 6.525357267081112467e-02 5.771386259435948990e-02 3.844453382260231995e-03 1.468831737985519803e-01 0.000000000000000000e+00 1.494390416770933483e-01 0.000000000000000000e+00 0.000000000000000000e+00 0.000000000000000000e+00 1.621298950679829209e-01
