4.740298921684063527e-02
4.494153410229997231e-02
6.191358650253281359e-02
3.803393428288421446e-02
8.613521852730798845e-02
4.217056314613116391e-02
8.312551051548525138e-02
6.417967296585083692e-02
3.893015302666876475e-03
4.498384636212000853e-02
1.342733904969733473e-02
1.973476882759758744e-02
7.949432517785175178e-03
6.550065578561536928e-02
8.634947843687321156e-02
5.378202036337807745e-02
3.068257724486632421e-02
6.664907445736595326e-02
8.297355450473764549e-02
3.499001889056451570e-02
1.127554134170147097e-02
6.147996120202156578e-02
5.268112597861136087e-02
8.122651004132382113e-02
7.706434972383657822e-02
