3.120076595767084029e-02
2.915338261637464429e-02
5.162289211698582042e-02
1.823312309435610318e-02
8.328255674793835772e-02
1.762399872987683788e-02
7.144336559919348129e-02
3.328732495677219627e-02
9.347174177445788943e-04
2.297022902026164826e-02
4.098752886464726922e-03
6.399447440618129604e-03
4.544352895527467920e-03
5.002373280878377043e-02
1.616448255396932543e-01
3.894448592256377628e-02
1.948885476745408282e-02
5.265598680092148376e-02
5.806281211630261174e-02
1.850009918513333129e-02
2.743748615318343867e-03
4.034519798821219194e-02
3.855253843477839115e-02
6.906631591962744676e-02
7.517649242142648847e-02
