2.370140900934915307e-02
1.220143898722272913e-02
1.946679345772808767e-02
1.324228709962057236e-02
2.819029333705988516e-02
4.122292913824063265e-02
1.529096385358856992e-03
1.638975031805296398e-02
4.618132071890960685e-03
2.932491545951453494e-03
4.870209958499988924e-03
5.463470944938392249e-02
7.263546166288978312e-03
2.013053389761233075e-02
4.701690149280671714e-03
1.010142659892973235e-02
5.690264041397997442e-03
2.450037647262563734e-02
2.255852078648558703e-02
3.035716164220591054e-02
