8.330919745561144937e-03
7.188857643676666020e-02
4.031753197365495200e-02
5.289719120661598439e-02
8.182974461716549519e-02
3.765499386070714216e-02
3.296702353407266611e-02
6.636868619859173646e-02
1.444505226676064472e-02
4.964540084282903498e-02
1.491562395711716615e-02
2.885788054301634264e-02
2.169499660769549573e-02
5.748164736227277805e-02
8.519913861101717500e-02
3.915303512830757560e-02
2.877219373381433368e-02
3.639129782904366311e-02
7.971343095361363429e-02
9.971895852525086701e-03
1.641845499412226961e-02
1.297329685655740882e-02
4.330404902625689667e-02
8.163895015216916795e-02
6.352375669348646336e-02
