4.419133448240445197e-03
7.978143007632601535e-02
3.865554679261441751e-02
4.542994724933732686e-02
1.174823299663461801e-01
2.046539646685693534e-02
2.929218305763769264e-02
5.520815231851002036e-02
7.351110770178898197e-03
4.153385949131176147e-02
5.676252799678834990e-03
2.625120591071156140e-02
1.319971306803806657e-02
4.971326971558114732e-02
1.379834977187926470e-01
2.853846712902759902e-02
1.646817934380609763e-02
2.627291877856894470e-02
7.011634497244489950e-02
8.178559812078238164e-03
9.713634811871070876e-03
4.167759761874131538e-03
3.398169657205559607e-02
7.067997461060690489e-02
5.943943535750458029e-02
