1.071428571428612031e-03
9.135714285714325103e-03
6.357142857143172282e-04
3.941428571428574890e-02
1.496428571428575285e-02
1.909285714285717875e-02
1.192857142857184274e-03
-2.571428571428335699e-04
3.042857142857180452e-03
3.357142857143280423e-04
6.271428571428594445e-03
1.291142857142857370e-01
5.571428571428782128e-04
2.142857142861664954e-05
5.735714285714321389e-03
3.071428571428946874e-04
6.857142857143005543e-04
7.907142857142900744e-03
8.342857142857174405e-03
2.001428571428576220e-02
