9.244678049193740324e-03
1.228085119188568504e-02
1.364083909607353290e-02
2.549126006205139003e-02
1.584198507324050681e-02
1.898288170733002100e-02
2.121322097733362340e-03
1.096670491248818123e-02
7.338820242780790502e-03
2.962568828724136249e-03
1.718528241058831299e-02
5.736297680999761367e-02
5.434555314675556213e-03
1.493203632635966204e-03
2.525505172502014173e-02
4.467956426635253525e-03
6.444172710306236319e-03
1.339806449006029909e-02
2.268711856948271363e-02
2.168421290721538747e-02
