4.614964707625113932e-02
4.431033753553153404e-02
3.042661640611780960e-02
2.793847501124016031e-01
1.312280016841753660e-01
2.406628584910642243e-01
1.664428721089654395e-02
2.695120830400264678e-02
4.150380541578217036e-02
2.865873540715311446e-02
1.384682818145330785e-01
8.726281019515357285e-01
3.235415281920521469e-02
1.006858545519835960e-02
8.665271925203305026e-02
1.794840897229694685e-02
2.732005880946241153e-02
6.992629567884660335e-02
6.028077837692534524e-02
5.117616340181854045e-02
