2.044985567833497095e-02
7.009534758159008394e-02
1.951391484460623590e-02
5.354126399004379561e-02
9.987109031989156727e-02
9.458918641425044516e-02
1.665271527484520064e-02
6.084655745403998173e-02
6.500193384359444215e-02
9.653079118484843638e-03
9.890907777313382929e-03
1.079304162923408750e-01
4.669514569922903618e-02
3.592651562012023209e-02
4.880380751843559073e-02
2.069220365930616798e-02
5.645186854667173099e-02
2.743036234525711090e-02
5.658907226654023848e-02
7.937475575510420656e-02
