3.597087969367494809e-02
1.951755480171057239e-02
4.669090440403578929e-02
1.961375195647456493e-02
5.438609196089155134e-02
1.166087672881619026e-02
6.521619130945119358e-02
6.432789019423117149e-02
1.938561345712312006e-02
3.871167779387144070e-02
7.947710068276344839e-03
7.095342067688956145e-02
3.085183440721636985e-02
8.001262835537944693e-03
6.665734090594037375e-02
2.881811224458587922e-02
4.280607626636159097e-02
4.646355369359025933e-02
5.441142740570203973e-02
3.942981662161865186e-02
2.556052798306349128e-02
3.744829577440023094e-02
4.391162428885077990e-02
5.832134095570083027e-02
5.995460657951530437e-02
