1.543710937500000000e+02
1.157226562500000000e+02
1.156406250000000000e+02
1.229804687500000000e+02
1.050312500000000000e+02
1.183906250000000000e+02
1.144218750000000000e+02
1.084062500000000000e+02
9.043359375000000000e+01
1.318671875000000000e+02
1.338593750000000000e+02
1.173007812500000000e+02
1.216992187500000000e+02
1.276718750000000000e+02
1.037500000000000000e+02
1.117031250000000000e+02
8.134375000000000000e+01
1.299648437500000000e+02
8.687109375000000000e+01
1.271289062500000000e+02
1.180703125000000000e+02
1.199960937500000000e+02
9.507812500000000000e+01
1.366132812500000000e+02
1.371601562500000000e+02
1.296757812500000000e+02
1.352343750000000000e+02
1.296406250000000000e+02
1.332382812500000000e+02
1.128359375000000000e+02
1.090468750000000000e+02
1.299453125000000000e+02
1.262187500000000000e+02
1.348554687500000000e+02
9.133593750000000000e+01
9.449609375000000000e+01
1.187187500000000000e+02
1.128046875000000000e+02
1.372812500000000000e+02
1.184140625000000000e+02
1.181718750000000000e+02
1.212421875000000000e+02
1.065585937500000000e+02
1.025507812500000000e+02
1.240820312500000000e+02
9.882812500000000000e+01
1.007031250000000000e+02
1.070546875000000000e+02
1.190546875000000000e+02
9.617578125000000000e+01
1.159648437500000000e+02
1.298554687500000000e+02
9.914843750000000000e+01
1.464414062500000000e+02
1.728554687500000000e+02
1.171914062500000000e+02
1.234882812500000000e+02
1.010273437500000000e+02
1.232031250000000000e+02
1.438476562500000000e+02
1.195703125000000000e+02
1.161445312500000000e+02
1.315898437500000000e+02
1.329023437500000000e+02
9.070703125000000000e+01
1.033203125000000000e+02
1.155664062500000000e+02
1.416992187500000000e+02
1.217226562500000000e+02
1.094609375000000000e+02
1.074765625000000000e+02
9.908203125000000000e+01
9.794140625000000000e+01
9.754687500000000000e+01
1.002656250000000000e+02
1.022031250000000000e+02
9.716406250000000000e+01
1.011992187500000000e+02
1.006875000000000000e+02
1.058437500000000000e+02
1.038203125000000000e+02
1.292265625000000000e+02
1.177031250000000000e+02
1.167578125000000000e+02
1.207265625000000000e+02
1.456640625000000000e+02
1.314882812500000000e+02
1.166796875000000000e+02
1.109648437500000000e+02
1.212500000000000000e+02
1.312265625000000000e+02
1.067109375000000000e+02
1.286562500000000000e+02
1.272851562500000000e+02
1.161015625000000000e+02
1.307421875000000000e+02
1.004023437500000000e+02
1.318984375000000000e+02
1.244062500000000000e+02
1.001015625000000000e+02
9.730078125000000000e+01
9.842187500000000000e+01
1.004960937500000000e+02
1.105000000000000000e+02
1.305351562500000000e+02
9.698046875000000000e+01
1.224648437500000000e+02
1.339531250000000000e+02
9.864843750000000000e+01
1.244609375000000000e+02
1.078789062500000000e+02
8.661718750000000000e+01
1.021718750000000000e+02
1.322421875000000000e+02
1.140429687500000000e+02
8.050781250000000000e+01
8.210546875000000000e+01
1.107148437500000000e+02
1.191640625000000000e+02
1.231640625000000000e+02
1.434531250000000000e+02
1.347382812500000000e+02
1.103984375000000000e+02
1.142734375000000000e+02
8.436328125000000000e+01
1.131562500000000000e+02
1.039648437500000000e+02
1.099531250000000000e+02
1.068398437500000000e+02
1.112460937500000000e+02
1.021015625000000000e+02
1.396367187500000000e+02
1.176328125000000000e+02
1.337265625000000000e+02
1.069492187500000000e+02
1.070078125000000000e+02
8.053906250000000000e+01
1.100117187500000000e+02
1.080195312500000000e+02
1.096445312500000000e+02
1.192148437500000000e+02
1.453789062500000000e+02
1.156757812500000000e+02
1.124023437500000000e+02
1.081210937500000000e+02
1.129023437500000000e+02
1.378046875000000000e+02
1.198671875000000000e+02
9.673046875000000000e+01
1.312148437500000000e+02
1.338203125000000000e+02
1.490742187500000000e+02
1.561054687500000000e+02
1.482031250000000000e+02
1.701562500000000000e+02
1.577851562500000000e+02
1.457851562500000000e+02
1.324921875000000000e+02
1.324921875000000000e+02
1.314531250000000000e+02
1.369335937500000000e+02
1.273046875000000000e+02
9.051953125000000000e+01
1.580078125000000000e+02
1.173125000000000000e+02
1.121015625000000000e+02
1.352031250000000000e+02
1.411796875000000000e+02
1.200429687500000000e+02
1.440507812500000000e+02
1.191562500000000000e+02
1.242539062500000000e+02
1.272343750000000000e+02
1.096757812500000000e+02
1.224101562500000000e+02
1.473398437500000000e+02
1.108867187500000000e+02
9.579296875000000000e+01
1.341914062500000000e+02
1.003242187500000000e+02
1.030742187500000000e+02
9.389843750000000000e+01
9.552343750000000000e+01
9.861718750000000000e+01
8.235156250000000000e+01
1.070039062500000000e+02
9.971875000000000000e+01
9.243359375000000000e+01
1.333554687500000000e+02
1.106367187500000000e+02
1.263281250000000000e+02
8.276953125000000000e+01
7.079296875000000000e+01
7.733984375000000000e+01
8.287890625000000000e+01
9.406250000000000000e+01
1.185000000000000000e+02
8.717578125000000000e+01
9.806640625000000000e+01
8.303125000000000000e+01
8.046875000000000000e+01
8.519921875000000000e+01
8.283984375000000000e+01
9.599609375000000000e+01
9.965625000000000000e+01
8.881250000000000000e+01
9.520312500000000000e+01
9.728906250000000000e+01
1.080117187500000000e+02
7.865625000000000000e+01
8.009375000000000000e+01
8.060156250000000000e+01
7.959375000000000000e+01
8.153515625000000000e+01
8.496875000000000000e+01
8.699218750000000000e+01
7.985156250000000000e+01
8.443359375000000000e+01
7.716406250000000000e+01
1.095664062500000000e+02
1.255781250000000000e+02
1.201718750000000000e+02
1.385507812500000000e+02
1.360390625000000000e+02
1.279531250000000000e+02
1.285234375000000000e+02
1.096953125000000000e+02
1.123007812500000000e+02
9.861328125000000000e+01
1.039726562500000000e+02
1.138398437500000000e+02
9.595312500000000000e+01
1.209921875000000000e+02
1.121054687500000000e+02
1.091875000000000000e+02
1.119335937500000000e+02
1.030429687500000000e+02
1.421953125000000000e+02
1.206835937500000000e+02
1.062109375000000000e+02
1.002382812500000000e+02
1.145546875000000000e+02
1.076093750000000000e+02
1.190156250000000000e+02
1.058359375000000000e+02
1.028398437500000000e+02
8.931640625000000000e+01
1.121367187500000000e+02
1.062929687500000000e+02
1.154335937500000000e+02
9.343750000000000000e+01
9.929296875000000000e+01
1.056992187500000000e+02
9.208593750000000000e+01
8.870703125000000000e+01
9.822265625000000000e+01
1.136132812500000000e+02
9.289453125000000000e+01
8.764453125000000000e+01
9.653906250000000000e+01
9.175781250000000000e+01
9.326171875000000000e+01
1.154023437500000000e+02
1.114843750000000000e+02
9.909375000000000000e+01
8.730859375000000000e+01
1.022617187500000000e+02
9.531640625000000000e+01
9.197656250000000000e+01
7.864453125000000000e+01
8.552343750000000000e+01
8.295312500000000000e+01
9.371093750000000000e+01
1.205000000000000000e+02
1.130703125000000000e+02
1.156132812500000000e+02
9.811328125000000000e+01
1.186445312500000000e+02
9.110156250000000000e+01
1.119726562500000000e+02
8.348437500000000000e+01
9.775390625000000000e+01
1.038867187500000000e+02
1.192109375000000000e+02
9.311328125000000000e+01
1.034882812500000000e+02
8.840234375000000000e+01
1.048281250000000000e+02
9.667968750000000000e+01
1.017500000000000000e+02
1.027421875000000000e+02
9.674218750000000000e+01
1.346484375000000000e+02
1.109843750000000000e+02
9.436718750000000000e+01
9.873828125000000000e+01
1.215312500000000000e+02
1.146015625000000000e+02
1.030664062500000000e+02
1.000937500000000000e+02
7.613671875000000000e+01
7.364062500000000000e+01
7.948828125000000000e+01
7.735546875000000000e+01
7.414062500000000000e+01
7.425390625000000000e+01
7.363671875000000000e+01
7.226953125000000000e+01
7.589062500000000000e+01
7.660546875000000000e+01
7.962109375000000000e+01
8.296093750000000000e+01
8.024218750000000000e+01
7.772656250000000000e+01
7.674609375000000000e+01
8.020703125000000000e+01
7.512500000000000000e+01
7.653125000000000000e+01
7.246093750000000000e+01
7.240625000000000000e+01
7.980468750000000000e+01
7.817968750000000000e+01
8.963281250000000000e+01
8.070703125000000000e+01
7.940234375000000000e+01
7.992578125000000000e+01
7.767578125000000000e+01
9.458593750000000000e+01
8.260937500000000000e+01
8.085937500000000000e+01
9.603906250000000000e+01
1.020507812500000000e+02
8.597656250000000000e+01
8.718750000000000000e+01
8.017968750000000000e+01
8.038671875000000000e+01
8.139062500000000000e+01
8.200781250000000000e+01
8.210546875000000000e+01
7.671484375000000000e+01
7.165234375000000000e+01
8.081640625000000000e+01
9.087109375000000000e+01
9.935156250000000000e+01
8.358593750000000000e+01
8.047265625000000000e+01
7.821875000000000000e+01
8.398828125000000000e+01
8.778906250000000000e+01
8.865234375000000000e+01
9.183203125000000000e+01
9.950781250000000000e+01
1.147148437500000000e+02
8.949218750000000000e+01
9.546484375000000000e+01
9.257812500000000000e+01
9.069921875000000000e+01
9.181640625000000000e+01
9.552734375000000000e+01
9.125390625000000000e+01
9.165234375000000000e+01
8.788281250000000000e+01
9.928125000000000000e+01
9.980468750000000000e+01
9.028125000000000000e+01
9.579687500000000000e+01
1.020117187500000000e+02
8.898828125000000000e+01
9.096093750000000000e+01
9.568359375000000000e+01
8.910156250000000000e+01
9.649218750000000000e+01
9.925000000000000000e+01
9.726171875000000000e+01
9.253125000000000000e+01
9.379296875000000000e+01
8.695703125000000000e+01
9.439843750000000000e+01
8.450390625000000000e+01
1.047460937500000000e+02
9.844921875000000000e+01
8.107421875000000000e+01
8.233593750000000000e+01
8.081250000000000000e+01
9.868359375000000000e+01
8.469921875000000000e+01
9.134375000000000000e+01
9.108593750000000000e+01
9.295703125000000000e+01
9.953906250000000000e+01
7.769921875000000000e+01
8.406640625000000000e+01
9.283203125000000000e+01
8.470703125000000000e+01
8.750390625000000000e+01
8.190625000000000000e+01
8.474218750000000000e+01
8.861328125000000000e+01
9.635937500000000000e+01
9.714453125000000000e+01
9.909765625000000000e+01
1.015507812500000000e+02
1.077578125000000000e+02
1.016523437500000000e+02
1.046953125000000000e+02
1.062734375000000000e+02
1.003320312500000000e+02
1.086523437500000000e+02
1.073867187500000000e+02
1.207031250000000000e+02
1.194609375000000000e+02
1.056757812500000000e+02
1.232773437500000000e+02
1.016328125000000000e+02
1.007421875000000000e+02
1.001054687500000000e+02
1.047031250000000000e+02
9.217968750000000000e+01
9.256640625000000000e+01
9.826562500000000000e+01
9.439062500000000000e+01
9.707421875000000000e+01
1.010468750000000000e+02
1.093828125000000000e+02
9.754687500000000000e+01
8.234765625000000000e+01
8.120312500000000000e+01
7.826953125000000000e+01
9.090234375000000000e+01
9.383984375000000000e+01
1.009609375000000000e+02
9.371875000000000000e+01
8.614843750000000000e+01
1.018476562500000000e+02
1.072304687500000000e+02
8.727343750000000000e+01
7.850390625000000000e+01
8.438671875000000000e+01
9.901171875000000000e+01
7.974218750000000000e+01
8.760546875000000000e+01
1.113945312500000000e+02
8.837109375000000000e+01
7.612500000000000000e+01
8.957031250000000000e+01
8.304296875000000000e+01
8.536718750000000000e+01
7.820703125000000000e+01
8.156640625000000000e+01
8.741796875000000000e+01
8.182812500000000000e+01
8.370312500000000000e+01
8.669531250000000000e+01
9.165625000000000000e+01
9.252343750000000000e+01
9.700781250000000000e+01
9.753906250000000000e+01
9.323046875000000000e+01
9.412500000000000000e+01
9.541406250000000000e+01
9.858984375000000000e+01
1.023281250000000000e+02
1.077421875000000000e+02
1.033867187500000000e+02
9.012500000000000000e+01
1.005273437500000000e+02
9.298046875000000000e+01
9.837890625000000000e+01
8.837500000000000000e+01
9.340234375000000000e+01
1.014609375000000000e+02
9.200781250000000000e+01
1.013828125000000000e+02
1.089531250000000000e+02
1.098593750000000000e+02
9.746093750000000000e+01
9.640625000000000000e+01
9.117578125000000000e+01
1.079023437500000000e+02
1.052226562500000000e+02
9.543750000000000000e+01
1.084765625000000000e+02
1.121718750000000000e+02
9.884375000000000000e+01
9.413671875000000000e+01
1.064882812500000000e+02
1.014062500000000000e+02
9.744921875000000000e+01
1.062695312500000000e+02
1.029101562500000000e+02
9.352343750000000000e+01
8.726953125000000000e+01
8.237890625000000000e+01
7.675781250000000000e+01
7.458593750000000000e+01
9.715234375000000000e+01
9.248437500000000000e+01
8.487109375000000000e+01
8.139843750000000000e+01
9.808984375000000000e+01
9.875390625000000000e+01
8.978906250000000000e+01
8.314453125000000000e+01
1.029804687500000000e+02
8.768359375000000000e+01
8.785937500000000000e+01
8.641015625000000000e+01
9.528906250000000000e+01
8.896093750000000000e+01
8.228125000000000000e+01
8.850781250000000000e+01
8.328906250000000000e+01
8.168750000000000000e+01
1.019453125000000000e+02
8.242968750000000000e+01
8.574609375000000000e+01
6.956640625000000000e+01
9.903125000000000000e+01
1.230078125000000000e+02
8.312890625000000000e+01
8.839062500000000000e+01
1.129101562500000000e+02
1.207343750000000000e+02
9.431640625000000000e+01
8.272656250000000000e+01
9.498046875000000000e+01
1.035078125000000000e+02
9.515625000000000000e+01
8.854296875000000000e+01
1.165000000000000000e+02
9.805078125000000000e+01
9.143750000000000000e+01
8.418359375000000000e+01
9.434375000000000000e+01
1.018046875000000000e+02
9.472265625000000000e+01
9.387890625000000000e+01
9.442578125000000000e+01
8.979687500000000000e+01
1.099960937500000000e+02
1.090664062500000000e+02
9.073828125000000000e+01
1.382812500000000000e+02
1.035546875000000000e+02
1.042968750000000000e+02
1.008046875000000000e+02
1.019062500000000000e+02
7.327343750000000000e+01
6.739843750000000000e+01
6.664062500000000000e+01
7.089062500000000000e+01
7.126953125000000000e+01
7.665625000000000000e+01
7.587109375000000000e+01
7.002734375000000000e+01
7.100781250000000000e+01
7.546484375000000000e+01
6.825781250000000000e+01
7.526171875000000000e+01
7.095312500000000000e+01
7.404687500000000000e+01
6.901171875000000000e+01
6.569921875000000000e+01
6.625781250000000000e+01
6.845703125000000000e+01
6.454296875000000000e+01
6.718359375000000000e+01
6.508984375000000000e+01
6.860156250000000000e+01
9.786328125000000000e+01
9.705078125000000000e+01
1.092968750000000000e+02
1.043398437500000000e+02
9.476171875000000000e+01
9.114843750000000000e+01
9.783984375000000000e+01
8.583203125000000000e+01
9.664453125000000000e+01
8.998437500000000000e+01
1.020000000000000000e+02
8.867578125000000000e+01
8.721875000000000000e+01
9.579296875000000000e+01
9.528906250000000000e+01
1.012109375000000000e+02
8.548828125000000000e+01
8.208984375000000000e+01
8.406250000000000000e+01
9.851953125000000000e+01
1.029257812500000000e+02
8.402734375000000000e+01
1.163242187500000000e+02
1.295312500000000000e+02
1.190156250000000000e+02
1.212226562500000000e+02
1.199609375000000000e+02
1.133554687500000000e+02
1.278515625000000000e+02
1.057851562500000000e+02
1.227382812500000000e+02
1.301484375000000000e+02
1.279179687500000000e+02
1.234609375000000000e+02
1.280351562500000000e+02
1.280703125000000000e+02
1.253437500000000000e+02
1.313554687500000000e+02
1.366718750000000000e+02
1.320976562500000000e+02
1.286875000000000000e+02
1.283007812500000000e+02
1.291445312500000000e+02
1.322851562500000000e+02
1.381718750000000000e+02
1.300820312500000000e+02
1.035156250000000000e+02
8.540234375000000000e+01
8.830078125000000000e+01
1.192226562500000000e+02
1.215820312500000000e+02
1.142578125000000000e+02
1.215351562500000000e+02
9.303125000000000000e+01
1.202851562500000000e+02
1.165625000000000000e+02
1.257812500000000000e+02
1.167148437500000000e+02
1.204921875000000000e+02
1.228359375000000000e+02
1.213359375000000000e+02
1.237148437500000000e+02
1.211132812500000000e+02
1.230820312500000000e+02
1.142773437500000000e+02
1.186171875000000000e+02
1.005625000000000000e+02
1.227109375000000000e+02
8.866015625000000000e+01
8.514453125000000000e+01
9.958203125000000000e+01
1.308359375000000000e+02
1.265664062500000000e+02
1.265078125000000000e+02
1.285976562500000000e+02
1.268984375000000000e+02
1.249804687500000000e+02
1.308593750000000000e+02
1.286562500000000000e+02
1.282500000000000000e+02
1.243789062500000000e+02
1.224296875000000000e+02
1.292773437500000000e+02
1.218515625000000000e+02
1.350664062500000000e+02
1.084375000000000000e+02
1.023867187500000000e+02
1.179921875000000000e+02
1.117265625000000000e+02
1.338203125000000000e+02
1.315312500000000000e+02
9.681640625000000000e+01
1.318046875000000000e+02
1.282265625000000000e+02
8.891796875000000000e+01
1.018125000000000000e+02
8.848437500000000000e+01
7.139843750000000000e+01
7.913281250000000000e+01
9.910937500000000000e+01
1.156093750000000000e+02
8.023437500000000000e+01
7.563671875000000000e+01
8.360156250000000000e+01
7.490234375000000000e+01
7.220312500000000000e+01
9.555468750000000000e+01
8.797656250000000000e+01
7.550781250000000000e+01
8.198828125000000000e+01
6.823437500000000000e+01
1.030429687500000000e+02
7.375000000000000000e+01
1.015507812500000000e+02
9.807812500000000000e+01
7.666406250000000000e+01
9.016015625000000000e+01
9.528515625000000000e+01
7.371093750000000000e+01
1.404765625000000000e+02
9.751562500000000000e+01
1.083320312500000000e+02
1.213554687500000000e+02
9.137890625000000000e+01
9.418750000000000000e+01
9.704296875000000000e+01
1.008203125000000000e+02
9.977734375000000000e+01
1.094765625000000000e+02
1.021640625000000000e+02
1.075781250000000000e+02
1.074023437500000000e+02
9.390625000000000000e+01
1.062226562500000000e+02
8.437109375000000000e+01
1.080976562500000000e+02
9.800781250000000000e+01
9.803515625000000000e+01
1.083320312500000000e+02
1.120703125000000000e+02
1.119492187500000000e+02
1.278125000000000000e+02
1.000976562500000000e+02
9.698828125000000000e+01
1.033750000000000000e+02
1.298437500000000000e+02
1.092695312500000000e+02
1.644218750000000000e+02
1.083710937500000000e+02
1.372226562500000000e+02
1.418984375000000000e+02
1.067656250000000000e+02
1.615390625000000000e+02
1.256054687500000000e+02
1.287539062500000000e+02
1.085078125000000000e+02
1.210195312500000000e+02
1.443828125000000000e+02
1.117968750000000000e+02
1.188554687500000000e+02
1.385312500000000000e+02
1.139648437500000000e+02
1.343007812500000000e+02
1.301875000000000000e+02
1.463085937500000000e+02
1.414960937500000000e+02
1.184101562500000000e+02
1.180273437500000000e+02
1.263710937500000000e+02
1.157890625000000000e+02
1.272421875000000000e+02
1.593046875000000000e+02
7.989062500000000000e+01
8.975000000000000000e+01
1.137187500000000000e+02
9.917187500000000000e+01
1.066796875000000000e+02
9.487890625000000000e+01
9.157812500000000000e+01
8.683984375000000000e+01
8.721484375000000000e+01
8.773437500000000000e+01
9.044140625000000000e+01
9.578515625000000000e+01
8.719140625000000000e+01
9.167187500000000000e+01
7.663671875000000000e+01
7.840625000000000000e+01
9.708593750000000000e+01
8.886718750000000000e+01
8.602343750000000000e+01
8.108593750000000000e+01
9.243750000000000000e+01
7.257031250000000000e+01
8.628125000000000000e+01
8.868750000000000000e+01
7.785937500000000000e+01
7.401953125000000000e+01
9.444531250000000000e+01
1.388710937500000000e+02
1.125234375000000000e+02
1.230156250000000000e+02
1.543398437500000000e+02
1.251640625000000000e+02
2.191757812500000000e+02
1.087578125000000000e+02
9.530859375000000000e+01
1.361718750000000000e+02
1.598789062500000000e+02
1.640390625000000000e+02
1.424179687500000000e+02
1.227500000000000000e+02
8.249218750000000000e+01
1.067578125000000000e+02
1.023281250000000000e+02
8.785937500000000000e+01
1.151093750000000000e+02
1.606054687500000000e+02
1.474023437500000000e+02
1.308789062500000000e+02
1.340781250000000000e+02
1.041445312500000000e+02
1.189062500000000000e+02
1.413359375000000000e+02
8.159375000000000000e+01
7.845312500000000000e+01
8.609375000000000000e+01
8.874218750000000000e+01
8.655468750000000000e+01
7.692187500000000000e+01
8.041406250000000000e+01
8.750390625000000000e+01
9.056250000000000000e+01
1.030703125000000000e+02
6.977343750000000000e+01
7.227734375000000000e+01
8.288281250000000000e+01
7.458203125000000000e+01
7.472265625000000000e+01
6.922656250000000000e+01
8.898437500000000000e+01
7.151953125000000000e+01
7.925781250000000000e+01
8.025000000000000000e+01
8.858593750000000000e+01
9.296484375000000000e+01
8.565625000000000000e+01
9.548046875000000000e+01
8.787890625000000000e+01
1.085312500000000000e+02
9.392578125000000000e+01
1.049648437500000000e+02
9.599218750000000000e+01
9.228125000000000000e+01
9.766015625000000000e+01
9.169921875000000000e+01
9.445703125000000000e+01
9.875000000000000000e+01
8.773046875000000000e+01
8.132812500000000000e+01
9.282812500000000000e+01
8.716796875000000000e+01
8.630078125000000000e+01
8.550781250000000000e+01
1.144218750000000000e+02
1.194257812500000000e+02
1.155390625000000000e+02
1.139296875000000000e+02
1.235234375000000000e+02
1.122890625000000000e+02
1.047539062500000000e+02
1.155664062500000000e+02
1.142656250000000000e+02
1.086796875000000000e+02
1.227226562500000000e+02
1.248125000000000000e+02
1.110976562500000000e+02
1.173906250000000000e+02
1.135898437500000000e+02
1.013867187500000000e+02
1.296328125000000000e+02
1.104531250000000000e+02
1.168906250000000000e+02
1.070078125000000000e+02
1.124570312500000000e+02
1.159140625000000000e+02
1.003085937500000000e+02
8.523828125000000000e+01
1.039453125000000000e+02
9.180859375000000000e+01
8.866406250000000000e+01
8.964453125000000000e+01
9.199609375000000000e+01
8.889453125000000000e+01
1.163632812500000000e+02
8.413281250000000000e+01
9.717187500000000000e+01
1.071796875000000000e+02
1.160742187500000000e+02
8.906250000000000000e+01
1.011054687500000000e+02
8.889453125000000000e+01
1.209570312500000000e+02
1.086796875000000000e+02
1.131757812500000000e+02
1.091171875000000000e+02
9.775000000000000000e+01
1.096328125000000000e+02
1.364531250000000000e+02
1.071523437500000000e+02
1.153671875000000000e+02
1.091250000000000000e+02
1.133242187500000000e+02
1.138632812500000000e+02
1.315468750000000000e+02
9.574609375000000000e+01
1.145195312500000000e+02
1.086250000000000000e+02
1.185859375000000000e+02
9.946484375000000000e+01
9.678125000000000000e+01
