2.690978167808219190e+00
2.543152213796477490e+00
2.460127201565557531e+00
2.984741927592954980e+00
2.942201259784735790e+00
3.521503485812133238e+00
2.598328950587084130e+00
3.468902886497064575e+00
3.281915056262231012e+00
3.830089591487279677e+00
2.928456763698630283e+00
3.243211839530332874e+00
2.704241071428571619e+00
2.926079378669276032e+00
3.650677287181995911e+00
3.078537793542074574e+00
3.516083659491193725e+00
2.978527091487279677e+00
2.922241927592954980e+00
2.573905332681017732e+00
2.705869312622309231e+00
2.792166095890411093e+00
3.172654721135029554e+00
2.658887292074363806e+00
3.126406555772994089e+00
2.847419275929549798e+00
2.891786937377690769e+00
2.608755809686888583e+00
2.322567575831702591e+00
3.038557974559686681e+00
3.200923434442270121e+00
3.174596379647749433e+00
3.257162732387475668e+00
2.879212022994129150e+00
3.036035347358121417e+00
3.367951932485322875e+00
3.006375366927592996e+00
4.339507399706457491e+00
3.732960799902152793e+00
3.285790728962818097e+00
3.964782595401174170e+00
3.191199853228962713e+00
3.230124755381604817e+00
3.221922394814090040e+00
3.573423740215264210e+00
3.235116499510763077e+00
4.724582619863014088e+00
3.668419765166340607e+00
3.118081886007827652e+00
3.689625122309197813e+00
2.356393713307240567e+00
2.861469545009784898e+00
4.141771648727984534e+00
3.067315924657534332e+00
3.620765044031311053e+00
4.618938050391389716e+00
3.210792257827788543e+00
4.197445266634050931e+00
3.951099253913894493e+00
3.035981837084148705e+00
3.148873226516633927e+00
3.197980369373776721e+00
2.856768285225049109e+00
3.745245229941291498e+00
2.856149094911937247e+00
3.158237524461839474e+00
2.879617172211350162e+00
2.744144447162426559e+00
3.547532411937377894e+00
3.488464713796477490e+00
3.064479880136986356e+00
2.547494190313111417e+00
2.756115459882582996e+00
3.762223275440313319e+00
3.294581702544031376e+00
2.952215325342465668e+00
3.662411325831702591e+00
2.799084209882582996e+00
2.837695694716242834e+00
3.080005503913894493e+00
3.155936582681017732e+00
2.729421477495107773e+00
2.319754464285714413e+00
2.800551920254402916e+00
2.459378057729941336e+00
2.473229574363992267e+00
2.576366805283757166e+00
2.584469789628180081e+00
2.498341181506849473e+00
2.477732081702543887e+00
2.569494557240704413e+00
2.872255687377690769e+00
2.573568982387475668e+00
2.418144569471624372e+00
3.833430161448140971e+00
2.873478779354207369e+00
3.041936766144814008e+00
2.555566597358121417e+00
2.534001956947162348e+00
3.051056445694716235e+00
2.468574180528375628e+00
3.025103962818004089e+00
2.864878913894324697e+00
2.593872309197651660e+00
2.500588613013698502e+00
2.531808035714285587e+00
2.891274767612524332e+00
2.645869006849315141e+00
2.914437071917808098e+00
2.398353412426614373e+00
2.820473030821917693e+00
2.495910286203522510e+00
2.905875428082191902e+00
2.218146098336594818e+00
2.983312438845401093e+00
2.866499510763209191e+00
2.840715203033268299e+00
2.719850782778864939e+00
2.357754403131115506e+00
2.576236851761252389e+00
2.325480063600782632e+00
2.494511374755381539e+00
2.618701076320939514e+00
2.859191536203522510e+00
2.848007888943248744e+00
2.832199425146771254e+00
2.329011741682974534e+00
2.509486607142857206e+00
3.079592710371819919e+00
2.907679488747553886e+00
3.156196489726027288e+00
3.041332864481408826e+00
2.552822284735812186e+00
2.334974315068492956e+00
2.805054427592954980e+00
2.530493211839530243e+00
2.959752629647749433e+00
3.371475966242661659e+00
3.151074792074363806e+00
2.342030026908023643e+00
2.193913588551859029e+00
2.497561460371819919e+00
2.115559258806262388e+00
2.221096807729941336e+00
1.997209821428571397e+00
2.251177226027397449e+00
1.951275073385518644e+00
2.015724376223091863e+00
2.392574302837573441e+00
2.196703767123287854e+00
1.982463918786692814e+00
1.902603657045009777e+00
2.234199180528375628e+00
1.859963613013698724e+00
1.868158329256360162e+00
1.839889615949119372e+00
1.995558647260273988e+00
2.122018713307240567e+00
2.027664811643835829e+00
2.466257950097847207e+00
1.992967221135029332e+00
1.991346624266144838e+00
2.503439946183953158e+00
2.155959515655577086e+00
2.136764615949119595e+00
2.119832436399217368e+00
2.181155210371819919e+00
2.073049168297456113e+00
2.042494801859099596e+00
2.060329011741683036e+00
2.132002201565557531e+00
2.298014004403130972e+00
2.326244496086105507e+00
3.444792685909980445e+00
4.047731164383561620e+00
2.945801736790606640e+00
4.696566169275929958e+00
4.671607448630137327e+00
2.767635457436399271e+00
3.103343627690802187e+00
3.434289383561643927e+00
2.397879464285714413e+00
3.742844911937377894e+00
3.780340325342465668e+00
3.797662365459882672e+00
3.069792685909980445e+00
3.358801675636007733e+00
3.257460861056751256e+00
3.145104574363992267e+00
2.675421966731898138e+00
3.006612340998043198e+00
2.743777519569471579e+00
2.817858671722113684e+00
3.875405149217221012e+00
3.219973091976516599e+00
2.787174351761252389e+00
3.047861117906066397e+00
3.012834821428571619e+00
2.609482020547945424e+00
4.415117416829745345e+00
3.202230613992172348e+00
3.102449241682974534e+00
2.984864236790606640e+00
2.870505136986301498e+00
3.044627568493150527e+00
2.853894019080234656e+00
3.227059381115459757e+00
2.941169275929549798e+00
3.383982081702543887e+00
2.821199241682974534e+00
2.709928449119373806e+00
3.511672884050880405e+00
3.808868945694716235e+00
3.582726883561643927e+00
2.997125733855185992e+00
3.128669275929549798e+00
2.944272871819960891e+00
2.798075159001956802e+00
3.279881665851271944e+00
2.689372859589040932e+00
3.226088551859099596e+00
2.738304182974559797e+00
2.427034919275929514e+00
2.983228351272015466e+00
2.629242600293542065e+00
2.877866621819960891e+00
2.712496942270058664e+00
2.484833659491193725e+00
2.892895364481408826e+00
2.952505809686888583e+00
3.177868150684931337e+00
2.627461472602739878e+00
2.703254953522504778e+00
3.523873226516633927e+00
2.980996208414872672e+00
3.488724620841487489e+00
3.267398483365949069e+00
2.812240092954990001e+00
2.981523666829745789e+00
2.844246881115459757e+00
2.841533145792563442e+00
2.593551247553815831e+00
3.088284307729941336e+00
3.451580846379647571e+00
2.585906922700587085e+00
2.744832436399217368e+00
2.590248899217221012e+00
2.970622859589040932e+00
2.982402764187866762e+00
2.568164444716242834e+00
2.778895547945205546e+00
2.503845095401174170e+00
2.568003913894324697e+00
3.206014554794520688e+00
2.520257460861056842e+00
3.041799168297456113e+00
2.141213613013698502e+00
2.726883561643835829e+00
2.854207436399217368e+00
2.909261863992172348e+00
2.765181629158512511e+00
2.984489664872798542e+00
2.639279598825831741e+00
2.369251467710371983e+00
2.703339041095890405e+00
2.609818370841487489e+00
2.976799474070450202e+00
2.812591731898238745e+00
3.092503975048923603e+00
2.395968383072407004e+00
3.111714163405088218e+00
2.601669520547945424e+00
2.692254770058708502e+00
2.565351333170254211e+00
2.673426797945205546e+00
2.504242600293542065e+00
2.723573568982387449e+00
2.738541157045009999e+00
2.816436827299412915e+00
2.537044398238747611e+00
2.513545743639921781e+00
2.638362279843444291e+00
2.369572529354207369e+00
2.341127996575342429e+00
2.479138637475537976e+00
2.745222296966731701e+00
2.548357999021526599e+00
2.437882216242661659e+00
2.480873899217221012e+00
2.837359344422700769e+00
2.764012047455968624e+00
2.601547211350293320e+00
2.415018040606653482e+00
2.487990765655577086e+00
2.479023972602739878e+00
2.597029415362035021e+00
2.428533206947162348e+00
2.698125611545988178e+00
2.733419459393346518e+00
2.976027397260273766e+00
3.366820572407045020e+00
3.330204256360078219e+00
3.090585249510763077e+00
3.976050330234833563e+00
4.476669520547945424e+00
3.896855124755381539e+00
3.721379647749510688e+00
4.354926002935420648e+00
3.443997676125244656e+00
3.818003913894324697e+00
5.394210188356164615e+00
5.021725171232876761e+00
5.140456824853228746e+00
4.335662304305283321e+00
5.884983488258317408e+00
3.506490031800391538e+00
4.143774461839530687e+00
3.875703277886497045e+00
4.719468566536203724e+00
4.140632644324853118e+00
4.747653192270059108e+00
4.001085494129158704e+00
4.105438172700586641e+00
3.971532534246575263e+00
4.173128669275929958e+00
4.256306568003913604e+00
3.440099070450097773e+00
3.409284796966731701e+00
4.066612646771036843e+00
4.503264126712328341e+00
4.219415056262231012e+00
3.526304121819960891e+00
2.804435237279843562e+00
3.148567453522504778e+00
3.560367233365949069e+00
3.062652886497064575e+00
3.610965019569471579e+00
3.007522015655577086e+00
3.357777336105675303e+00
3.891267123287671215e+00
4.187943370841487045e+00
3.649186643835616639e+00
4.068798923679060486e+00
3.494060359589040932e+00
3.751337756849315141e+00
4.062836350293542509e+00
4.176981409001957246e+00
3.333361362524462024e+00
3.853381849315068663e+00
4.217381665851272388e+00
3.474659063111546153e+00
3.721066230430528421e+00
3.963337818003914048e+00
3.463314885029354251e+00
2.900004586594911782e+00
3.123142429060665304e+00
3.625084087573385627e+00
4.546324608610567530e+00
4.139638882093933603e+00
2.988571734344422914e+00
3.067033084637964979e+00
3.370902641878669392e+00
3.420621330724070486e+00
2.918847847358121417e+00
3.357387475538160526e+00
4.107914933953033199e+00
3.463788833170254211e+00
3.270265105185909960e+00
2.978221318493150527e+00
3.073202054794520688e+00
4.227770303326810364e+00
3.385732632093933603e+00
3.823095034246575263e+00
3.642581947162426559e+00
3.519653559197651660e+00
4.036975599315068663e+00
2.981470156555773077e+00
3.725163588551859029e+00
3.772925330234833563e+00
2.869037426614481578e+00
4.469797272504892227e+00
4.337886802837573441e+00
4.360040056262231012e+00
4.390227495107631661e+00
3.847021771037181903e+00
3.952888025929549798e+00
2.641481164383561620e+00
3.358809319960860851e+00
4.517864787181996356e+00
4.708713001467710768e+00
3.658764982876712146e+00
4.156502262720156438e+00
3.922517123287671215e+00
5.443195022015655304e+00
3.802241316046966801e+00
3.466219728473581174e+00
2.789490582191780810e+00
5.215547027886497489e+00
3.954844973091976357e+00
2.758928571428571619e+00
3.328430772994129150e+00
2.606959393346379716e+00
3.571497370352250567e+00
2.349368578767123239e+00
2.964308647260273766e+00
2.832161203522504778e+00
2.556170499021526599e+00
2.540277947651663482e+00
2.735353473581213279e+00
2.443661325831702591e+00
2.332245291095890405e+00
2.416386374755381539e+00
2.115169398238747611e+00
2.527496636497064575e+00
2.928143346379647571e+00
2.989297945205479312e+00
2.640342159980430647e+00
3.177164872798434292e+00
2.629762414383561620e+00
2.677944593933463846e+00
2.958269630626223279e+00
2.560527764187866762e+00
2.470317086594911782e+00
2.291722725048923603e+00
3.015196917808219190e+00
2.832474620841487489e+00
2.870971440802348340e+00
3.030661386986301498e+00
3.645058708414872672e+00
2.713857632093933603e+00
3.165216793052837652e+00
2.727036448140900404e+00
3.171309319960860851e+00
3.153284001956947247e+00
2.756291279354207369e+00
2.819593933463796276e+00
2.986309014187866762e+00
2.884394875244618461e+00
2.700755259295498867e+00
2.784430039138943158e+00
3.146289444716242834e+00
2.670957681017612551e+00
3.146213001467710324e+00
2.903253424657534332e+00
3.240865031800391538e+00
3.699471012720156438e+00
3.648804427592954980e+00
3.731821795499021377e+00
2.851944716242661659e+00
2.911234099804305142e+00
3.553449119373776721e+00
3.149056690313111417e+00
3.152748899217221012e+00
3.275417380136986356e+00
3.471708353718199636e+00
3.169497614970645749e+00
3.144042013209393360e+00
2.928036325831702591e+00
3.012659001956947247e+00
3.147000366927592996e+00
3.435711227984344251e+00
3.313478473581213279e+00
2.826749021526418826e+00
3.223596501956947247e+00
4.166929121819960891e+00
3.306254586594911782e+00
3.473038466242661659e+00
4.429542257827788987e+00
3.017260885518591174e+00
3.298228045499021377e+00
2.814204684442270121e+00
3.129854146281800364e+00
3.623333537181995911e+00
3.171790912426614373e+00
2.736469545009784898e+00
2.936460371819960891e+00
3.098596501956947247e+00
3.066123409980430647e+00
3.152045621330723968e+00
3.703507216242661659e+00
2.998753975048923603e+00
3.626979880136986356e+00
3.326703155577299231e+00
3.957230002446184169e+00
3.339484466731898138e+00
3.625504525440313319e+00
3.008691597358121417e+00
2.797822896281800364e+00
3.060443676614481578e+00
3.682936338062622106e+00
4.446680834148727612e+00
3.761986301369863117e+00
2.974811949608610728e+00
2.910263270547945424e+00
3.334500366927592996e+00
2.544138331702543887e+00
2.604360322896281943e+00
2.692636986301369717e+00
2.716601944716242834e+00
3.490329929060665304e+00
3.126299535225049109e+00
2.802279537671232834e+00
2.817766939823874939e+00
2.418572651663405182e+00
2.707711594911937247e+00
2.838483060176125061e+00
3.394722358121330608e+00
3.475851577788649838e+00
2.997332130626223279e+00
3.071245107632094129e+00
3.015625000000000000e+00
3.221196183953033199e+00
3.452268835616438380e+00
2.914696978962818097e+00
3.672004953522504778e+00
3.486867049902152793e+00
3.374931201076321052e+00
2.523995535714285587e+00
2.184579867906066397e+00
2.423281555772994089e+00
2.864764249021526599e+00
2.865712145303326963e+00
2.419604635518591174e+00
2.473298373287671215e+00
2.353894019080234656e+00
2.678334454500978623e+00
2.889745902641878583e+00
2.447292380136986356e+00
2.478534735812133238e+00
2.833086166829745789e+00
2.409277152641878583e+00
2.659743456457925426e+00
3.127591426125244656e+00
2.487799657534246478e+00
2.662900562622309231e+00
2.225079500978473401e+00
3.014623593444226923e+00
2.504578950587084130e+00
2.504724192759295587e+00
2.115758011252446114e+00
2.497347419275929514e+00
2.530485567514677125e+00
2.023147015655577086e+00
3.078751834637964979e+00
2.798709637964774899e+00
2.835096624266144616e+00
2.444364603718199636e+00
4.054955051369862673e+00
2.934625733855185992e+00
3.197934503424657571e+00
3.942942759295498867e+00
3.940542441291585263e+00
3.927493578767123239e+00
3.723741744129158704e+00
3.267612524461839474e+00
3.388507522015655749e+00
4.722855002446183725e+00
5.037717098825831741e+00
4.459049351761252389e+00
3.914161876223091863e+00
3.871300146771037287e+00
6.778895547945205102e+00
5.599101027397260566e+00
6.463765900195694414e+00
3.969223948140900404e+00
4.110972663894324697e+00
3.661937377690802187e+00
5.953782411937377894e+00
5.346555467221135061e+00
3.770960738747553886e+00
3.406838613013698502e+00
4.434518713307240567e+00
4.095424107142856762e+00
4.506895181017612551e+00
3.718230185909980445e+00
3.419696367416829919e+00
4.143147627201565264e+00
3.894332497553815831e+00
4.249877690802348340e+00
3.673365643346379716e+00
4.360192942759295143e+00
4.359848948140900404e+00
4.123822773972602995e+00
4.199211105675146882e+00
3.912518346379647571e+00
3.905386191291585263e+00
4.614252079256360162e+00
4.344934870352250122e+00
3.327016572896281943e+00
3.839102250489236923e+00
3.735437561154598907e+00
3.783948446673189636e+00
3.011206580234833563e+00
3.552539444716242834e+00
3.920139738258316964e+00
4.367585004892368339e+00
4.196917808219177815e+00
3.081801920254402916e+00
3.901854513209393360e+00
4.372775501467710768e+00
3.782893529843444291e+00
3.978527091487279677e+00
4.692766939823874495e+00
4.271381176614481134e+00
4.179618701076321052e+00
5.339805528375733523e+00
3.783979023972602551e+00
4.460180711839530687e+00
3.988571734344422914e+00
4.831947162426614817e+00
3.610712756849315141e+00
4.909193065068492956e+00
4.081159796966732145e+00
3.626375978473581174e+00
6.539696978962817653e+00
4.319334026418786721e+00
3.910974192759295587e+00
3.450510640900195547e+00
3.406800391389432470e+00
3.669038955479452024e+00
2.855690435420743523e+00
3.255029965753424737e+00
3.712474009295498867e+00
3.777993517612524332e+00
3.549825709393346518e+00
3.824623899217221012e+00
3.893124694227005911e+00
3.041646281800391538e+00
3.281609283268101862e+00
3.076030454990215102e+00
3.474735506360078219e+00
4.173442086594912226e+00
3.442361790606653482e+00
3.505343383072407004e+00
4.095278864970645749e+00
2.846112096379647571e+00
3.265724376223091863e+00
3.142444349315068663e+00
3.605866254892367895e+00
3.232647382583170081e+00
3.089988992172211457e+00
3.682959271037181903e+00
4.116782350782778543e+00
3.297975782778864939e+00
3.564525746086105507e+00
3.342633928571428381e+00
3.247890166340508866e+00
3.821099865459882672e+00
3.617493272994129150e+00
4.000489236790606640e+00
3.534835188356164171e+00
3.429939762720156438e+00
2.809969728473581174e+00
3.417984038649706680e+00
2.964025807240704413e+00
2.972426920254402916e+00
3.315901724559686681e+00
3.050253791585127328e+00
4.029056078767123239e+00
3.010373348825831741e+00
2.963100843933463846e+00
3.172853473581213279e+00
3.074081152152641661e+00
5.628814518101760811e+00
3.027053265655577086e+00
3.179228840508806275e+00
3.237104023972602551e+00
3.207635151663405182e+00
3.482463918786692592e+00
3.062140716731898138e+00
3.072231225538160526e+00
3.038986056751467490e+00
6.905133928571428825e+00
5.534116621819960891e+00
3.873983304794520688e+00
3.004326687866927692e+00
3.389226088551859029e+00
3.612677348336594818e+00
3.123371758806262388e+00
4.297173128669276032e+00
3.013041218199608462e+00
2.993372370352250567e+00
3.740291707436399271e+00
2.922111974070450202e+00
3.247018713307240567e+00
3.448530760763209191e+00
2.974529109589040932e+00
3.053097480430528421e+00
2.715745780332681214e+00
2.916416952054794454e+00
2.933761925146771254e+00
3.131834026418786721e+00
3.197407045009784898e+00
3.234948324363992267e+00
3.141335922211350162e+00
3.678747248043052753e+00
4.254601883561643483e+00
2.837351700097847207e+00
3.256788160469667126e+00
2.473665300880626194e+00
3.324478657045009999e+00
2.953025623776908137e+00
3.210020181017612551e+00
3.532679488747553886e+00
3.595424107142857206e+00
2.814846807729941336e+00
2.775914261252446114e+00
3.006054305283757166e+00
2.794872186888453847e+00
3.736706519080234656e+00
3.478641756360078219e+00
3.019026724559686681e+00
3.386764615949119595e+00
2.881245413405088218e+00
3.008928571428571619e+00
4.162235506360078219e+00
2.792234894814090040e+00
2.384356653620352429e+00
2.193875366927592996e+00
2.453545437866927692e+00
3.300467832681017732e+00
2.821520303326810364e+00
3.019431873776908137e+00
3.126956947162426559e+00
3.206641389432485223e+00
2.998685176125244656e+00
4.094575587084149149e+00
2.397069165851271944e+00
2.858021954500978623e+00
2.695564762720156438e+00
2.904208965264187814e+00
3.497806078767123239e+00
2.893873838062622106e+00
2.700212512230919959e+00
3.573370229941291498e+00
2.888408145792563442e+00
2.709171660958904049e+00
2.437721685420743523e+00
2.846043297455968624e+00
2.913183402641878583e+00
2.875833231409001822e+00
3.185015594422700769e+00
3.296760335127201458e+00
2.639829990215264210e+00
2.434358182485322875e+00
2.534575281311154615e+00
3.207658084637964979e+00
3.220477617416829919e+00
2.810267857142857206e+00
3.573431384540117328e+00
2.833468383072407004e+00
2.737256910469667126e+00
3.478534735812133238e+00
3.185940557729941336e+00
3.292510090508806275e+00
3.764119068003914048e+00
2.860712756849315141e+00
2.942927470645792631e+00
3.116048495596869028e+00
3.271885702054794454e+00
2.946497370352250567e+00
3.180214958414872672e+00
3.130656800391389272e+00
2.962703339041095951e+00
3.210983365949119595e+00
3.207864481409001822e+00
2.492332742172211457e+00
2.410721930039139149e+00
2.224223336594911782e+00
2.325266022504892227e+00
2.227281066536203724e+00
2.261848703522504778e+00
2.343872309197651660e+00
2.064028864970645749e+00
2.132392062133072308e+00
2.657641267123287854e+00
2.213460127201565708e+00
2.024545927103718057e+00
2.172792318982387449e+00
2.326664933953033199e+00
2.308838368395303320e+00
2.376635885518591174e+00
2.628944471624266033e+00
2.532748287671232834e+00
2.456121575342465668e+00
1.929641634050880628e+00
2.244297333659491134e+00
2.210547639432485223e+00
2.339438600782778988e+00
2.310833537181995911e+00
3.001077849804305142e+00
2.552187805772994089e+00
2.013431078767123239e+00
3.239771893346379716e+00
3.436651479941291498e+00
3.514310176125244656e+00
3.517757766634050931e+00
3.829760885518591174e+00
3.338161998532289676e+00
3.738502935420743523e+00
4.374656005381604373e+00
3.951718444227005911e+00
2.935474253913894493e+00
3.126949302837573441e+00
2.707512842465753522e+00
4.184381115459882672e+00
3.704462756849315141e+00
3.020035775440313319e+00
3.773819716242661659e+00
3.276357632093933603e+00
3.091273238747553886e+00
4.024056690313111417e+00
3.268698018590998178e+00
4.168198079745597084e+00
4.948507827788649394e+00
4.601279659980430203e+00
4.212978534735811742e+00
5.324050574853228746e+00
3.866346624266144616e+00
4.118020731409002266e+00
4.889294887475537976e+00
4.271098336594912226e+00
4.927898727984344696e+00
5.095898055283757166e+00
5.006834026418786721e+00
5.005389249021526155e+00
4.447131849315068663e+00
7.619320266634050931e+00
4.244610750978473845e+00
5.901671049412915870e+00
5.092825036692759433e+00
6.239313233855185992e+00
5.174458781800391094e+00
4.758317025440312875e+00
3.671301675636007733e+00
3.924840998043052753e+00
3.600477005870841296e+00
4.029988686399216924e+00
3.794696367416829919e+00
3.870734466731898138e+00
8.745994373776907693e+00
4.659995719178081863e+00
4.738686399217221457e+00
3.528765594422700769e+00
3.866033206947162348e+00
4.369037426614481134e+00
3.723099620841487489e+00
3.361301369863013644e+00
3.425192636986301498e+00
3.274759968199608462e+00
3.633424045988258300e+00
3.888224681996085952e+00
4.222511007827788987e+00
3.041386374755381539e+00
2.573408451565557531e+00
3.365360506360078219e+00
3.438837756849315141e+00
3.608457681017612551e+00
4.100408206947162348e+00
3.866407778864970446e+00
2.986286081213307408e+00
3.065167869373776721e+00
3.403582130626223279e+00
3.381505320450097773e+00
3.446795499021526599e+00
4.155638454011741700e+00
3.224162181996085952e+00
3.614435543052837652e+00
3.636367111056751256e+00
2.983167196673189636e+00
4.045177959882582996e+00
2.729910714285714413e+00
2.479589652641878583e+00
5.229337389921721702e+00
3.277641878669276032e+00
3.277909430039139149e+00
3.130809686888453847e+00
2.834072284735812186e+00
2.843711778375733967e+00
2.973680589530332874e+00
2.645425636007827652e+00
2.776839224559686681e+00
3.093306629158512511e+00
2.694953216731898138e+00
3.109841303816046842e+00
2.986538343933463846e+00
2.885289261252446114e+00
3.022092098825831741e+00
2.641488808708414737e+00
2.626750550391389272e+00
