9.094249705186878696e-01
8.828250887421693616e-01
8.642860709249862161e-01
8.574436140875583146e-01
9.330563745691146105e-01
8.618652244971927168e-01
8.750571323522160494e-01
8.744962154869999615e-01
8.833254896425477565e-01
8.626430878517588052e-01
8.182058955263615818e-01
8.512026587084443596e-01
9.745564079847571781e-01
8.719466094025307701e-01
8.714109101080599329e-01
8.824158217473935251e-01
8.764351618953770684e-01
8.099786827386377119e-01
9.282791266345158387e-01
8.591355951347695585e-01
8.694324237690685964e-01
8.553075734914716843e-01
8.515453583159950934e-01
8.432407875723095803e-01
8.393894608046879036e-01
8.430497221325636836e-01
8.433113857271531399e-01
8.666508253952651675e-01
8.625697658170663473e-01
8.187976078764791499e-01
8.521185767135806000e-01
8.595880374259152745e-01
8.653642748819670993e-01
8.565231769311041354e-01
8.732758765641805976e-01
9.420377381817125473e-01
9.401308008351578760e-01
9.073564889688416901e-01
8.838913845674629677e-01
8.229844340130283431e-01
8.462351361011920536e-01
9.320629998810470163e-01
8.565591721434646644e-01
9.160913494324400830e-01
8.858939989144251070e-01
9.462544586155725579e-01
9.609086559330366484e-01
9.153148955520680197e-01
9.593263630282515830e-01
9.361258709384263632e-01
9.152160492345959852e-01
9.047390612189532000e-01
9.578937977970508610e-01
9.092976718072706133e-01
9.498115959415699416e-01
9.615063943183687067e-01
9.754597257440541513e-01
8.449994641328419931e-01
9.809571481123018355e-01
8.892955436233199729e-01
8.979500724737836670e-01
8.948380499590057324e-01
8.981694740567680579e-01
8.896280946854187022e-01
8.830211107997696374e-01
9.013005235491847733e-01
9.417857257847199737e-01
9.001102169132122466e-01
8.926749137626720509e-01
9.613737011005670796e-01
9.483645793800818957e-01
9.565723064113305085e-01
9.001774505345219168e-01
9.068299985691969933e-01
9.033104761725028187e-01
9.348913849577709101e-01
9.197192909099940472e-01
8.890010902818153982e-01
9.062707842253281409e-01
9.459060635141827156e-01
9.444070898226928357e-01
9.265710484631763943e-01
8.903615524660292158e-01
9.367455026310151922e-01
9.174465555415821649e-01
9.219583967167057637e-01
9.509758445992642084e-01
9.474487285152555227e-01
9.362035828403509896e-01
9.178848298952124729e-01
9.306223825091614055e-01
9.456590533197346549e-01
9.525034750251272220e-01
9.520195204329759964e-01
8.890264547852065879e-01
9.201964643488866891e-01
8.947628218106349340e-01
9.358211653616261838e-01
9.446067985270557577e-01
9.389755086131490458e-01
9.396815961976674458e-01
9.577489365155990031e-01
9.299087143440399883e-01
9.361341555483617682e-01
9.500563410682729693e-01
9.153677055359263903e-01
9.495774173806286189e-01
8.574689929342831363e-01
9.219109691706590670e-01
9.369775707781093921e-01
9.684383610589883951e-01
9.308000873794508578e-01
8.715759787108667833e-01
8.744291046637850950e-01
9.241332018568868545e-01
9.144863869450472471e-01
9.280669495136528724e-01
9.173835524153557408e-01
8.439238812187783711e-01
9.554666787993790766e-01
8.676750154431689399e-01
8.537839532321784830e-01
9.557570778506224718e-01
9.454403964923616677e-01
8.545812403513678435e-01
9.491687018129078002e-01
9.039032788271430530e-01
9.534940284894959373e-01
9.602902227043987882e-01
9.023543316922228996e-01
8.980434487169965951e-01
8.924348182479547864e-01
8.840158560223065898e-01
8.672646107651056369e-01
8.778289099601425116e-01
8.909071100202727855e-01
8.670289127714834176e-01
9.068340011268116729e-01
9.532420826356324817e-01
8.785835954406588932e-01
8.600488171336093668e-01
9.542757405784332292e-01
8.479825628726266329e-01
8.254936803599197681e-01
8.465825790536940509e-01
8.385785148774134168e-01
8.222855715514896247e-01
8.591054117183878347e-01
8.421569039186727057e-01
8.443761211033226077e-01
8.746533122915947089e-01
7.958736399666002104e-01
8.117726160271163671e-01
8.316067893716314607e-01
7.943233978912923599e-01
7.808543014861739628e-01
9.041734259432435694e-01
8.572653201573543491e-01
8.894190292511204854e-01
8.952260970801644291e-01
8.283194189460656442e-01
8.399652000743929037e-01
9.227276854826822472e-01
8.752911877962874510e-01
8.509927949897746480e-01
8.748263013337345129e-01
8.349432440315145421e-01
8.822131695869610546e-01
8.508455389685849468e-01
7.995504480670609926e-01
7.837450499535417725e-01
8.552142914210061342e-01
8.412281657067821605e-01
9.092731713009717387e-01
9.005136845616330543e-01
9.717367132029570698e-01
9.137138538981856017e-01
8.896449268925498144e-01
9.304789263782629050e-01
8.634607788198296330e-01
8.938440743572789726e-01
8.121538781675128327e-01
8.759188417460656018e-01
8.473584150153296024e-01
8.231478566151470000e-01
8.957270043049971875e-01
8.420523460459954368e-01
9.011852834413596192e-01
9.568943888059071590e-01
9.259237647577266417e-01
8.754900403790863983e-01
8.829384130968970235e-01
8.771129615554796866e-01
8.291274928730330007e-01
8.607490509499869935e-01
8.973281337378982148e-01
8.643657224535581385e-01
8.907369584778155325e-01
9.242573446540489623e-01
9.333751559678509224e-01
8.958210219034397070e-01
9.199470998464124305e-01
8.946101766432265068e-01
8.809457156204577588e-01
9.082480919771592776e-01
8.595435969808772336e-01
8.884740525621410701e-01
9.017700468754950016e-01
9.486581702473735334e-01
9.218184432033965647e-01
8.752012486611855380e-01
9.075116520117589847e-01
9.104996642150732233e-01
9.243920045747804348e-01
9.104748732685292723e-01
8.819997787627744668e-01
9.056907864985025425e-01
8.400464829597951155e-01
9.112683057532743325e-01
9.198383488947918796e-01
9.617473139145367167e-01
8.620668962290054527e-01
9.811469542217399198e-01
9.702797230254802674e-01
9.651577233046593207e-01
9.260532660308883335e-01
8.869246143387305992e-01
9.193392455780807770e-01
9.089915466530020804e-01
9.169491726026677281e-01
9.263009012139794551e-01
9.003807422613128164e-01
9.168420141749640262e-01
9.239771166175448913e-01
9.125602130513799093e-01
9.096788845329424333e-01
8.988079297312312477e-01
9.682503323142144236e-01
9.284823010207373661e-01
9.252482843278974078e-01
9.190342288960744455e-01
9.302639607767271279e-01
9.306394701649562951e-01
9.631048993982544992e-01
9.007527256496326018e-01
9.461014961179838867e-01
8.948423963234752865e-01
9.554067383314556183e-01
9.302156916209890491e-01
9.287144821916416548e-01
9.059268009044116887e-01
9.166370672019638066e-01
9.181178788511894506e-01
8.932981772257408970e-01
9.286401634566801011e-01
8.958855144936357373e-01
8.108561545935411008e-01
8.962832199672751132e-01
8.948555508880654541e-01
9.187829962247868743e-01
8.555686209904989070e-01
8.919361453655831884e-01
9.207862453253234936e-01
8.976538347284404029e-01
8.450145917164519904e-01
9.049263950079343699e-01
9.354263496455814675e-01
8.639526613651371534e-01
9.371822831903812157e-01
8.532447312910962367e-01
8.877074581514440288e-01
8.688031105212957739e-01
8.787035704771450906e-01
7.779509862734131920e-01
9.025168752097054714e-01
8.335180915381665834e-01
8.491746972005882466e-01
9.198286831410427133e-01
8.515529958517855658e-01
8.788201228627222639e-01
8.627517856042825617e-01
8.997114013301985569e-01
9.070128514759540073e-01
8.816700407326889533e-01
8.467218465861875432e-01
8.862750761397473198e-01
8.753942737904891747e-01
8.115509060606806990e-01
8.277888448189691939e-01
8.425869841151475415e-01
8.944201003670394501e-01
8.196499517838603532e-01
8.785631540111521476e-01
8.032693014495955186e-01
8.439287520895759620e-01
9.080381733701627933e-01
8.633099541375084396e-01
8.903109190278237772e-01
8.823028222736415405e-01
8.312928856060368688e-01
9.274316939034137341e-01
9.088596257589578453e-01
9.445173531603883177e-01
8.998176153968495683e-01
8.882121734501327026e-01
9.379992611303307193e-01
9.394108482428348283e-01
9.234112047285667479e-01
9.367394965467132906e-01
9.402442638310881673e-01
9.293055156977780840e-01
9.081568781260280776e-01
9.304040198211434021e-01
9.186860872672650835e-01
9.131557028521176678e-01
8.839283196763825234e-01
9.325896274530032226e-01
9.308012768271425319e-01
8.915919902650983886e-01
9.351501078206879702e-01
9.315247881889421322e-01
9.364817606292205054e-01
9.121534216467576117e-01
9.191382410389128399e-01
9.011224672851998463e-01
8.934061083664903702e-01
8.997901977512114957e-01
9.414233479287649198e-01
9.314093805531624692e-01
9.051026382567517459e-01
9.437258425698810127e-01
9.695172037078532146e-01
9.191560406905265879e-01
8.550328752423422829e-01
9.302178466329497075e-01
9.212857980151964998e-01
9.477240257342187668e-01
9.415292945264515101e-01
8.998710399677639638e-01
8.785540007899859116e-01
8.722231403723377241e-01
9.258551527017049310e-01
9.329537365144447980e-01
9.531135189240032002e-01
9.263002408870990578e-01
9.400675318069581232e-01
9.094375744055995803e-01
9.043274143778976537e-01
9.163552344048081499e-01
9.256295336837101484e-01
9.147333048208198258e-01
9.695744825988519278e-01
9.637485261719063168e-01
9.577679848849367517e-01
9.374238984641506400e-01
9.677659994437517454e-01
9.643563292006621657e-01
9.276605775379496155e-01
9.408030977071590861e-01
9.631175956276127881e-01
9.551125651286216378e-01
9.412323362164305429e-01
9.358155198850219847e-01
9.376353585461282281e-01
9.406450154838987832e-01
9.535546279395338276e-01
9.450439051211748653e-01
9.332163983783334782e-01
9.326800584693299978e-01
9.594303665138788073e-01
9.087510541807533038e-01
9.255913451478294807e-01
8.943701010355640246e-01
9.483134638766307356e-01
8.673267996776918842e-01
8.584761895334314108e-01
9.168986861185590698e-01
8.774671266194259411e-01
9.227373060998579346e-01
9.136903358454939728e-01
9.103008200276133666e-01
9.171653512161301869e-01
8.929043712308297742e-01
8.661109237111774828e-01
9.314233850199192810e-01
9.362929384267223432e-01
8.632883412204476192e-01
9.129208870533118692e-01
9.022277869684353080e-01
9.230830162408500961e-01
8.847564639037770462e-01
9.069028970651635824e-01
9.322929081339335067e-01
9.108827509046228954e-01
9.030427107430027966e-01
8.998594803252784047e-01
8.639154355494844673e-01
8.795148834840506025e-01
9.123245827250806572e-01
8.877465884259539974e-01
9.252791832250533144e-01
9.213317962625886537e-01
9.292031574081456302e-01
9.409878260689559237e-01
9.428679683371348208e-01
9.158474221979087115e-01
9.407832398863762435e-01
9.352259541026162193e-01
9.078764530207937833e-01
9.192957865790729599e-01
9.335005214340832413e-01
8.831188346851968074e-01
8.681325238716637305e-01
9.199175582173491073e-01
9.419538729999362703e-01
9.737915878897560606e-01
9.515841968347550361e-01
9.459889356813115935e-01
9.247488867003269553e-01
9.397331995307304231e-01
9.632870368570595199e-01
9.561412323667222157e-01
9.239732765563608563e-01
9.284337378665301621e-01
9.268637075511372281e-01
9.167405818441939358e-01
9.226159170728845949e-01
9.577015159966728586e-01
8.471078675322579743e-01
9.360099227270850530e-01
9.049727161961405031e-01
8.331307552603917088e-01
9.283850515225388067e-01
8.876937004752813998e-01
9.698372373869228458e-01
9.361538109476079672e-01
9.132742041602724958e-01
9.298062954537604785e-01
8.988836716633077373e-01
9.529851640759898768e-01
9.560001724633101494e-01
9.208807869404955770e-01
9.669367243509872090e-01
9.033658811571538827e-01
9.326112560048813727e-01
9.273835699093002649e-01
8.903645463662908099e-01
9.381966382899049606e-01
9.171405469292133184e-01
9.215721858331160643e-01
9.545791376681507234e-01
8.936915017491074975e-01
9.370766986774787810e-01
9.105002498399424882e-01
9.123130351780472935e-01
9.417064019741139269e-01
8.979698061910457163e-01
9.025375262088196626e-01
9.359126105066095658e-01
9.505678456527861808e-01
9.384102561677456489e-01
9.524270515969466278e-01
9.767096723604145048e-01
9.664791086756454597e-01
9.252185765441545140e-01
9.618005556377116072e-01
9.088419859485330488e-01
9.184614975550746685e-01
9.132484829159379647e-01
9.372958996777087659e-01
9.428888629953561251e-01
9.340119107560694856e-01
9.031547867585870693e-01
9.498929236646358465e-01
9.533741568570039959e-01
9.332552695328677483e-01
9.345173383290378277e-01
9.431023482342358877e-01
9.656940777806846121e-01
9.376645462310326806e-01
8.964421442767720460e-01
9.127490554157857705e-01
8.914798818942788472e-01
9.493168096560438141e-01
9.162360498700802269e-01
9.282812600542981185e-01
9.547350928233615530e-01
9.272655772244356998e-01
9.592715905345805538e-01
9.454005139046052220e-01
9.259693694154986776e-01
9.259609675863161860e-01
9.005700268917709028e-01
9.195333590183949468e-01
9.137321885342575278e-01
9.329786446689755097e-01
8.909481498131748278e-01
9.238736241267109239e-01
9.277983024841429671e-01
9.067234363329829128e-01
8.965441973856118629e-01
9.053612329138422954e-01
9.216060938022381244e-01
8.974469329791119332e-01
9.211810212081827931e-01
9.757871306629728458e-01
9.447263452474028433e-01
9.170871602645964682e-01
9.520488183286479611e-01
9.185661528091997319e-01
9.433094415390169685e-01
9.316641311651393531e-01
9.567947028453183123e-01
9.626148221978472197e-01
9.123832725891500850e-01
9.739998035244837871e-01
8.290869364842770040e-01
8.895425694510268322e-01
7.482156099568012531e-01
8.826812111167599006e-01
8.465696386953078800e-01
9.115663032840735092e-01
8.123130450773792255e-01
8.369550658259070630e-01
8.241448745391765085e-01
9.275978898188077526e-01
9.274105968939754252e-01
8.089011371122343252e-01
8.623742876046324168e-01
9.230042804570028903e-01
9.011933069874602520e-01
9.346038767375385303e-01
9.261084204526386365e-01
8.674436090232167107e-01
8.768152714240613488e-01
8.815697418643078098e-01
9.136549765294122993e-01
9.101059936285208485e-01
8.948837606172762582e-01
8.304974969530567463e-01
7.488509753150065507e-01
8.773606191181991809e-01
7.252273530756663256e-01
8.809242754600729031e-01
8.698859143592629906e-01
9.231595874104682187e-01
9.066323208103317377e-01
8.706998360753479549e-01
8.629569189998252954e-01
8.374002043108172977e-01
8.462359210992371761e-01
8.493349664478304639e-01
8.573535183940613758e-01
8.641724474206291529e-01
8.237501815176879738e-01
8.551914435533616299e-01
8.658152427546416119e-01
8.606471591241525720e-01
7.947773548076655370e-01
8.557644135090586301e-01
8.367099958093058287e-01
8.382066458904577910e-01
8.292705633654697817e-01
8.393575350996727025e-01
8.228750538848794704e-01
8.086943382005227221e-01
8.422486742522852232e-01
8.247067995397854290e-01
8.224300887473223742e-01
9.010230848681739513e-01
8.946879493943431516e-01
9.103764301124424030e-01
8.889712185093894270e-01
9.115547289231088479e-01
9.057541416465746398e-01
8.972196043804421262e-01
8.709259148971839615e-01
8.936806438250550766e-01
9.056555082795515466e-01
8.785681237008740041e-01
8.584030148293236850e-01
8.676267923248550673e-01
8.764384235972328963e-01
8.924165624681450470e-01
8.899671916446311171e-01
8.856918550209296193e-01
8.656908156137333998e-01
8.800143947468159755e-01
8.908838305528113954e-01
9.036518793409292760e-01
8.915805784071344497e-01
8.942937309993750361e-01
9.139260734577123735e-01
9.113058362571362370e-01
8.562554020640008590e-01
8.862729477859747629e-01
8.800437100061118123e-01
9.278723440732380423e-01
8.662915489068910846e-01
9.243115299592220557e-01
9.473377459385885491e-01
9.022682889021140795e-01
9.264034497771811427e-01
9.388871044290265644e-01
9.307832332699514932e-01
9.274954241769995944e-01
9.425780845279149167e-01
8.782675711392680107e-01
9.455460819588528132e-01
9.455693411129699744e-01
9.359112153070299200e-01
9.305061262391156607e-01
9.505912724140774817e-01
8.955747710000263595e-01
9.267355304629085744e-01
8.685515778729608893e-01
8.373294282153093127e-01
8.246790978968234764e-01
9.074900171794378911e-01
9.233710772531379396e-01
8.857272533652457147e-01
9.052159353108464312e-01
8.610164747076451963e-01
9.050081232726443492e-01
9.246890093822998091e-01
9.179547087745709710e-01
9.191417493625166912e-01
9.454071146520518498e-01
9.399160778164399321e-01
9.487722657107289237e-01
9.076175305635145740e-01
9.453565351707535758e-01
9.475318843481153053e-01
9.306798715512967224e-01
9.574863642155658772e-01
9.033494280310201408e-01
9.213561319688744478e-01
8.909657557660247695e-01
8.803692139963946728e-01
8.898426889283777008e-01
9.323251414039970264e-01
9.402495289042402948e-01
9.246317562425411252e-01
9.267700238312606142e-01
9.120888033666687544e-01
9.125078426030621692e-01
9.243738338444690283e-01
9.340546357667343091e-01
8.855838608629349462e-01
8.895938965759195849e-01
8.793208922313537901e-01
9.345231609874797840e-01
9.074721532781155897e-01
8.836792432853872725e-01
8.486354935902297170e-01
8.346726642769128901e-01
8.776654608779517197e-01
8.836952361104724041e-01
8.942172264310889185e-01
8.881347896234967898e-01
9.095105160220717799e-01
9.200786541036074517e-01
8.909001510285248226e-01
8.671567275141003339e-01
8.733129031118613828e-01
8.928363035574182760e-01
8.799920067043870420e-01
8.515278207442696923e-01
8.971281091264720065e-01
8.380671877625942567e-01
8.923366787217777985e-01
8.821602268656808521e-01
8.189555419354084265e-01
8.878655483128634618e-01
8.727968105661134679e-01
8.882737992102855973e-01
8.644149312740836422e-01
8.830845563010545352e-01
8.319281987975052362e-01
8.934952662314779026e-01
8.744776752970047085e-01
8.809682699042418186e-01
8.245551684985117369e-01
8.438105909749570310e-01
8.780452543841009705e-01
8.758605529577805360e-01
9.086230976228755196e-01
8.683260228751051857e-01
8.014577850035229378e-01
8.527007294435553497e-01
8.719012277717554937e-01
8.433032342376913792e-01
8.565192191437526192e-01
8.867285769819357455e-01
8.819195494059363094e-01
8.803091296944847155e-01
8.977266660555189848e-01
9.036980579948439285e-01
9.022418322401706270e-01
9.153880418754491988e-01
8.966597694683174913e-01
8.500801240142683568e-01
9.294554359056710346e-01
8.542818783024110907e-01
8.418869740129600876e-01
8.916164755142357290e-01
8.802928770006457349e-01
9.290677519994094968e-01
9.569455337101203662e-01
9.046075032337093091e-01
9.176502829450150500e-01
9.116267451777082531e-01
8.672467005648480942e-01
8.746537182767578633e-01
8.901420697314492703e-01
8.819802331621180436e-01
9.101033265008966477e-01
8.709885800405033907e-01
9.151395430261539676e-01
8.468479511932286430e-01
8.862325014273324530e-01
8.738743371367529988e-01
9.364888863324167811e-01
9.426038921938464377e-01
9.144989628046393815e-01
9.215704845275319856e-01
9.458590481688022855e-01
8.780490519994170739e-01
8.986907263956347425e-01
9.450443285303373742e-01
8.978765317878878438e-01
9.266346766035401528e-01
9.274876084709606783e-01
9.699581686116278689e-01
9.192090815346669608e-01
9.207717709832741182e-01
8.981501020658679835e-01
8.923241212943757716e-01
8.915341729645869240e-01
8.875019669349171192e-01
9.390995299953186493e-01
7.975670146640405633e-01
8.297132494584150697e-01
7.545449077872552479e-01
7.378454923349073713e-01
7.667575108797344274e-01
7.972383952565114118e-01
8.097474552429408945e-01
7.500503635663866575e-01
7.656498800769757640e-01
7.494266911200555548e-01
7.290494259003176269e-01
7.873580387657918012e-01
7.721055300581829428e-01
7.999801366163175054e-01
8.301450508634493630e-01
7.804854180669912322e-01
7.388362454635779564e-01
7.325732446977295531e-01
8.339765815711450703e-01
8.212821631870987904e-01
8.197722714261350685e-01
8.237971372507457701e-01
7.955401711423817357e-01
8.033291281021681662e-01
8.064532126778920507e-01
7.791355354424145396e-01
7.126466411892802277e-01
7.161363900309092312e-01
7.336677958246611286e-01
7.756499210288929635e-01
6.946270031711956339e-01
7.012375249979654335e-01
7.360725047453570147e-01
7.187910580629637280e-01
6.999283542610142961e-01
7.440797334363398186e-01
7.390110873043111983e-01
7.856943924695083403e-01
7.333251132929597960e-01
6.814049591160052932e-01
7.163582515820325902e-01
8.126851720458428963e-01
6.790676160513001713e-01
7.037256935031668270e-01
6.738036741540225361e-01
7.000135776223188611e-01
7.345189314073667930e-01
6.566183837860453121e-01
7.150030000734100000e-01
7.109314211713317899e-01
7.345666168791584738e-01
6.892759964470458467e-01
8.711939351585221702e-01
9.030465749230829342e-01
9.148657086890858992e-01
9.154177191495291854e-01
9.134165646552450113e-01
8.382995835427410336e-01
8.688864768625201851e-01
8.447190093631380403e-01
9.002998174986379665e-01
8.107838940300354791e-01
8.394709602441871032e-01
8.482135373970375314e-01
9.105496438520024327e-01
8.916158382573855512e-01
8.886153514291874611e-01
8.859201995139250885e-01
9.355623747723277317e-01
8.716711945334024714e-01
8.995764900224715310e-01
9.115333709538802065e-01
9.518745644328840960e-01
8.858059909347986149e-01
9.002694966366554530e-01
8.954833659859066097e-01
9.170741909838628914e-01
9.365008744906722082e-01
8.650129353626249129e-01
9.243723859319709080e-01
9.012571039621832814e-01
9.072971944000989275e-01
9.343403583226691511e-01
9.133004687915995401e-01
9.095888950764128289e-01
8.886131096125282625e-01
8.947578617758042974e-01
8.675406318006504414e-01
9.255354810007571098e-01
9.110805816146163583e-01
9.167911738691748580e-01
9.303446396737615753e-01
8.747842508397720707e-01
9.311895767983587868e-01
9.029444597262654693e-01
9.195811582976829435e-01
9.740782152185928355e-01
9.283181107511389030e-01
9.310094312932676308e-01
9.128613387388355704e-01
9.034900652123578624e-01
9.086568045071575783e-01
9.789767759007776959e-01
9.096762718947231097e-01
8.964432714937951019e-01
9.521706602067072645e-01
9.179296636962782641e-01
9.299993967509224690e-01
9.489974315487307299e-01
9.265092466949955696e-01
9.270812386339996047e-01
9.424603081726335985e-01
9.269759399641845921e-01
9.043913833200436514e-01
9.179036005726813885e-01
9.389232846631540008e-01
9.386479005072391191e-01
9.276834459766626351e-01
9.529885900329292392e-01
9.356535295902762561e-01
9.458400464768131899e-01
9.282945108307669724e-01
9.676765002264400284e-01
8.888120156258513260e-01
8.986704662321689518e-01
9.090677237720898862e-01
9.609852322954558490e-01
9.171903093502913329e-01
9.403629577384960969e-01
9.212695274552188396e-01
9.195634087177735339e-01
8.724921689076767795e-01
8.243837183799022084e-01
8.835313341791422026e-01
9.181981225922137835e-01
9.239202313964407498e-01
7.877243794187288595e-01
9.017191595009941274e-01
9.213655794349420169e-01
8.952868625642501632e-01
9.107138473473538332e-01
9.286633171701007550e-01
9.489116980342897634e-01
9.040686695634987391e-01
8.934809840218261856e-01
9.233375667268626241e-01
9.139447980466753885e-01
9.038066318999409265e-01
9.013314495439672669e-01
