3.020960738747553997e-01
2.264631237769080263e-01
2.263025929549902227e-01
2.406662793542074241e-01
2.055406066536203391e-01
2.316841976516633983e-01
2.239175636007827708e-01
2.121453033268101696e-01
1.769737646771037121e-01
2.580571183953033199e-01
2.619557240704500911e-01
2.295514310176125228e-01
2.381589408023483401e-01
2.498471135029354251e-01
2.030332681017612551e-01
2.185971135029354251e-01
1.591854207436399216e-01
2.543343321917808098e-01
1.700021404109589018e-01
2.487845523483366017e-01
2.310573630136986412e-01
2.348260151663404960e-01
1.860628669275929681e-01
2.673449730919765233e-01
2.684151785714285476e-01
2.537686521526418826e-01
2.646465264187866651e-01
2.536998532289628239e-01
2.607402764187866651e-01
2.208139677103718168e-01
2.133989726027397393e-01
2.542961105675146660e-01
2.470034246575342485e-01
2.639050269080234767e-01
1.787396037181996078e-01
1.849238625244618295e-01
2.323263209393346407e-01
2.207528131115459868e-01
2.686521526418786943e-01
2.317300636007827708e-01
2.312561154598825885e-01
2.372645547945205491e-01
2.085295376712328896e-01
2.006864603718199747e-01
2.428219789628180136e-01
1.934014187866927581e-01
1.970706947162426670e-01
2.095003669275929681e-01
2.329837328767123406e-01
1.882109222113503011e-01
2.269370719178082085e-01
2.541202910958904049e-01
1.940282534246575430e-01
2.865780944227006022e-01
3.382690190802348229e-01
2.293373899217221179e-01
2.416600415851271888e-01
1.977051736790606529e-01
2.411020058708414904e-01
2.815022627201565486e-01
2.339927837573385627e-01
2.272887108610567586e-01
2.575143713307240789e-01
2.600828644814089929e-01
1.775088674168297520e-01
2.021923923679060653e-01
2.261573507827788765e-01
2.772978840508806275e-01
2.382048067514677125e-01
2.142092710371819864e-01
2.103259540117416726e-01
1.938982999021526543e-01
1.916661570450097773e-01
1.908940802348336463e-01
1.962145303326810197e-01
2.000061154598825885e-01
1.901449363992172292e-01
1.980415239726027454e-01
1.970401174168297520e-01
2.071306262230919737e-01
2.031708659491193725e-01
2.528895547945205213e-01
2.303387964774951113e-01
2.284888698630136994e-01
2.362555039138943269e-01
2.850568737769080263e-01
2.573156188845401315e-01
2.283359833659491245e-01
2.171523361056751367e-01
2.372798434442270066e-01
2.568034491193737501e-01
2.088276663405088107e-01
2.517734833659491245e-01
2.490903253424657515e-01
2.272046232876712424e-01
2.558555528375733856e-01
1.964820817025440258e-01
2.581182729941291498e-01
2.434564579256359995e-01
1.958934686888454124e-01
1.904124877690802353e-01
1.926064090019569408e-01
1.966655454990215157e-01
2.162426614481408882e-01
2.554504036203522621e-01
1.897856531311154504e-01
2.396572284735812020e-01
2.621391878669275810e-01
1.930497798434442358e-01
2.435634784735812020e-01
2.111133194716242611e-01
1.695052592954990334e-01
1.999449608610567586e-01
2.587909735812133349e-01
2.231760640900195825e-01
1.575495352250489145e-01
1.606760640900195825e-01
2.166630993150684970e-01
2.331977739726027454e-01
2.410255626223092029e-01
2.807301859099804453e-01
2.636756971624266144e-01
2.160439090019569408e-01
2.236270792563600784e-01
1.650944838551859084e-01
2.214408023483366017e-01
2.034537059686888361e-01
2.151724559686888361e-01
2.090799290606653593e-01
2.177027274951076341e-01
1.998073630136986412e-01
2.732616805283757389e-01
2.302011986301369939e-01
2.616958170254403138e-01
2.092939701565557642e-01
2.094086350293541954e-01
1.576106898238747445e-01
2.152871208414872672e-01
2.113885151663404960e-01
2.145685543052837652e-01
2.332971501956947191e-01
2.844988380626223279e-01
2.263713918786692814e-01
2.199654476516633983e-01
2.115872676125244711e-01
2.209439212328767055e-01
2.696764921722113462e-01
2.345737524461839474e-01
1.892964163405088107e-01
2.567805161448140638e-01
2.618792808219178037e-01
2.917303693737768877e-01
3.054901541095890183e-01
2.900256849315068219e-01
3.329867906066535932e-01
3.087772137964774899e-01
2.852938478473581174e-01
2.592802103718199747e-01
2.592802103718199747e-01
2.572468199608610728e-01
2.679718077299412804e-01
2.491285469667318953e-01
1.771419398238747445e-01
3.092129403131115284e-01
2.295743639921722090e-01
2.193768346379647849e-01
2.645853718199608351e-01
2.762811888454011489e-01
2.349177470645792687e-01
2.818997676125244434e-01
2.331824853228962879e-01
2.431583292563600784e-01
2.489909491193737778e-01
2.146297089041095951e-01
2.395502079256359995e-01
2.883362891389432692e-01
2.169994496086105618e-01
1.874617783757338563e-01
2.626054916829745345e-01
1.963291952054794509e-01
2.017107999021526543e-01
1.837542808219178037e-01
1.869343199608610451e-01
1.929886252446184058e-01
1.611576565557729934e-01
2.094009907045009666e-01
1.951443248532289676e-01
1.808876590019569408e-01
2.609696061643835829e-01
2.165102128180039220e-01
2.472174657534246534e-01
1.619755993150684970e-01
1.385380993150684970e-01
1.513499877690802353e-01
1.621896404109589018e-01
1.840753424657534110e-01
2.318982387475538032e-01
1.705983977495107717e-01
1.919107754403131250e-01
1.624877690802348229e-01
1.574730919765166270e-01
1.667303693737769155e-01
1.621131971624266144e-01
1.878592832681017510e-01
1.950220156555773077e-01
1.738013698630136994e-01
1.863074853228962879e-01
1.903895547945205491e-01
2.113732265166340385e-01
1.539261252446184058e-01
1.567392367906066675e-01
1.577329990215264321e-01
1.557607632093933325e-01
1.595599926614481301e-01
1.662793542074363917e-01
1.702391144814089929e-01
1.562652886497064575e-01
1.652320817025440258e-01
1.510059931506849418e-01
2.144156678082191902e-01
2.457497553816047065e-01
2.351700097847358173e-01
2.711365582191780921e-01
2.662212573385518422e-01
2.503975048923678948e-01
2.515135763209393471e-01
2.146679305283757389e-01
2.197666952054794509e-01
1.929809809197651771e-01
2.034689946183952935e-01
2.227785591976516599e-01
1.877751956947162348e-01
2.367753180039138816e-01
2.193844789628180136e-01
2.136741682974559742e-01
2.190481286692759211e-01
2.016496453033267966e-01
2.782687133072406782e-01
2.361714163405088107e-01
2.078491927592955035e-01
1.961610200587084185e-01
2.241774706457925759e-01
2.105858610567514777e-01
2.329072896281800253e-01
2.071153375733855162e-01
2.012521404109589018e-01
1.747874877690802353e-01
2.194456335616438436e-01
2.080097235812133072e-01
2.258974437377690714e-01
1.828522504892367839e-01
1.943110934442270066e-01
2.068477862035225101e-01
1.802073140900195825e-01
1.735949730919765233e-01
1.922165484344422748e-01
2.223351883561643927e-01
1.817896893346379605e-01
1.715157167318982490e-01
1.889218444227005744e-01
1.795651908023483401e-01
1.825082558708414904e-01
2.258362891389432414e-01
2.181690313111545876e-01
1.939212328767123406e-01
1.708583047945205491e-01
2.001207803326810197e-01
1.865291707436399216e-01
1.799932729941291498e-01
1.539031922700587196e-01
1.673648483365949013e-01
1.623348825831702480e-01
1.833873532289628239e-01
2.358121330724070319e-01
2.212726272015655693e-01
2.262490826810176214e-01
1.920025073385518699e-01
2.321810787671232945e-01
1.782809442270058831e-01
2.191245719178082085e-01
1.633745107632093851e-01
1.912992294520547976e-01
2.033008194716242611e-01
2.332895058708414904e-01
1.822177715264187980e-01
2.025210983365949013e-01
1.729987157534246534e-01
2.051431017612524443e-01
1.891970401174168370e-01
1.991193737769080263e-01
2.010610322896281832e-01
1.893193493150684970e-01
2.634998776908023532e-01
2.171905577299412804e-01
1.846715998043052809e-01
1.932255993150684970e-01
2.378302348336595040e-01
2.242692025440313208e-01
2.016955112524461968e-01
1.958781800391389549e-01
1.489955357142857262e-01
1.441108121330724190e-01
1.555543664383561564e-01
1.513805650684931503e-01
1.450892857142857262e-01
1.453109711350293598e-01
1.441031678082191902e-01
1.414276541095890460e-01
1.485139432485322875e-01
1.499128546966732034e-01
1.558142734833659615e-01
1.623501712328767055e-01
1.570297211350293598e-01
1.521067759295499089e-01
1.501880503913894382e-01
1.569609222113503011e-01
1.470156555772994256e-01
1.497676125244618295e-01
1.418022260273972546e-01
1.416952054794520521e-01
1.561735567514677125e-01
1.529935176125244711e-01
1.754066780821917915e-01
1.579393957925636083e-01
1.553861912915851240e-01
1.564105308219178037e-01
1.520073997064579352e-01
1.850996819960861184e-01
1.616621819960861184e-01
1.582375244618395294e-01
1.879433708414872672e-01
1.997079867906066675e-01
1.682515900195694636e-01
1.706213307240704580e-01
1.569074119373776999e-01
1.573125611545988234e-01
1.592771526418786665e-01
1.604849559686888361e-01
1.606760640900195825e-01
1.501268957925636083e-01
1.402198507827788765e-01
1.581534368884540132e-01
1.778299290606653593e-01
1.944257583170254378e-01
1.635732632093933325e-01
1.574807363013698558e-01
1.530699608610567586e-01
1.643606286692759211e-01
1.717985567514677125e-01
1.734879525440313208e-01
1.797104329745596862e-01
1.947315313111545876e-01
2.244908879647749544e-01
1.751314823874755289e-01
1.868196550880626139e-01
1.811704990215264321e-01
1.774935787671232945e-01
1.796798556751467713e-01
1.869419642857142738e-01
1.785790728962818041e-01
1.793587940313111639e-01
1.719820205479452024e-01
1.942881604696673203e-01
1.953125000000000000e-01
1.766756360078277910e-01
1.874694227005870850e-01
1.996315435420743523e-01
1.741453644814089929e-01
1.780057485322896205e-01
1.872477372798434514e-01
1.743670499021526543e-01
1.888301125244618295e-01
1.942270058708414904e-01
1.903360445205479479e-01
1.810787671232876594e-01
1.835478840508806275e-01
1.701703155577299342e-01
1.847327544031311108e-01
1.653696795499021432e-01
2.049825709393346407e-01
1.926599192759295420e-01
1.586579623287671104e-01
1.611270792563600784e-01
1.581457925636007844e-01
1.931185787671232945e-01
1.657518957925636083e-01
1.787548923679060653e-01
1.782503669275929681e-01
1.819119985322896205e-01
1.947926859099804175e-01
1.520532656555773077e-01
1.645135151663404960e-01
1.816673801369863006e-01
1.657671844422700658e-01
1.712405210371819864e-01
1.602862035225048887e-01
1.658359833659491245e-01
1.734115092954990334e-01
1.885702054794520521e-01
1.901067147749510855e-01
1.939288772015655693e-01
1.987295132093933325e-01
2.108763454011741700e-01
1.989282656555773077e-01
2.048831947162426670e-01
2.079715019569471635e-01
1.963444838551859084e-01
2.126268957925636083e-01
2.101501345401174115e-01
2.362096379647749544e-01
2.337787426614481301e-01
2.068019202544031376e-01
2.412472480430528365e-01
1.988900440313111639e-01
1.971471379647749544e-01
1.959011130136986412e-01
2.048984833659491245e-01
1.803907778864970723e-01
1.811475660469667182e-01
1.923006360078277910e-01
1.847174657534246534e-01
1.899691169275929681e-01
1.977433953033267966e-01
2.140563845401174115e-01
1.908940802348336463e-01
1.611500122309197647e-01
1.589102250489236867e-01
1.531693370841487323e-01
1.778910836594911893e-01
1.836396159491193725e-01
1.975752201565557642e-01
1.834026418786692814e-01
1.685879403131115561e-01
1.993104818982387449e-01
2.098443615459882616e-01
1.707895058708414904e-01
1.536279965753424570e-01
1.651403498043052809e-01
1.937607020547945091e-01
1.560512475538160526e-01
1.714392734833659615e-01
2.179932118395303264e-01
1.729375611545988234e-01
1.489726027397260399e-01
1.752843688845401038e-01
1.625107020547945091e-01
1.670590753424657515e-01
1.530470278864970723e-01
1.596211472602739601e-01
1.710723458904109540e-01
1.601333170254403138e-01
1.638025929549902227e-01
1.696581457925636083e-01
1.793664383561643927e-01
1.810634784735812020e-01
1.898391634050880517e-01
1.908787915851271888e-01
1.824471012720156604e-01
1.841976516634050987e-01
1.867202788649706402e-01
1.929351149706458046e-01
2.002507338551859084e-01
2.108457681017612551e-01
2.023223458904109540e-01
1.763698630136986412e-01
1.967267000978473457e-01
1.819578644814089929e-01
1.925223214285714246e-01
1.729452054794520521e-01
1.827834515655577252e-01
1.985536937377690714e-01
1.800544275929549798e-01
1.984008072407044965e-01
2.132155088062622217e-01
2.149889921722113462e-01
1.907259050880626139e-01
1.886619373776907971e-01
1.784261863992172292e-01
2.111591854207436336e-01
2.059151785714285754e-01
1.867661448140900127e-01
2.122829011741682870e-01
2.195144324853229023e-01
1.934319960861056731e-01
1.842205846379647849e-01
2.083919398238747445e-01
1.984466731898238689e-01
1.907029721135029277e-01
2.079638576320939347e-01
2.013897382583170192e-01
1.830204256360078163e-01
1.707818615459882616e-01
1.612111668297455946e-01
1.502109833659491245e-01
1.459607387475538032e-01
1.901220034246575430e-01
1.809870352250489145e-01
1.660882460861056731e-01
1.592924412915851240e-01
1.919566413894324974e-01
1.932561766144814119e-01
1.757124510763209413e-01
1.627094545009784843e-01
2.015273361056751367e-01
1.715921599804305364e-01
1.719361545988258300e-01
1.691001100782778821e-01
1.864756604696673203e-01
1.740918542074363917e-01
1.610200587084148760e-01
1.732051125244618295e-01
1.629922945205479479e-01
1.598581213307240789e-01
1.995015900195694636e-01
1.613105430528375683e-01
1.678005748532289676e-01
1.361377813111545876e-01
1.937989236790606529e-01
2.407197896281800253e-01
1.626788772015655693e-01
1.729757827788649671e-01
2.209592098825831630e-01
2.362707925636007844e-01
1.845722235812133072e-01
1.618915117416829808e-01
1.858717588062622217e-01
2.025593199608610451e-01
1.862157534246575430e-01
1.732739114481408882e-01
2.279843444227005744e-01
1.918801981409001822e-01
1.789383561643835552e-01
1.647428449119373861e-01
1.846257338551859084e-01
1.992263943248532287e-01
1.853672333659491245e-01
1.837160591976516599e-01
1.847862646771037121e-01
1.757277397260273988e-01
2.152565435420743523e-01
2.134371942270058831e-01
1.775700220156555820e-01
2.706090998043053086e-01
2.026510518590998178e-01
2.041034735812133072e-01
1.972694471624266144e-01
1.994251467710371761e-01
1.433922455968688892e-01
1.318951810176125228e-01
1.304121819960861184e-01
1.387292074363992156e-01
1.394707069471624317e-01
1.500122309197651771e-01
1.484757216242661437e-01
1.370398116438356073e-01
1.389585371819960780e-01
1.476807118395303264e-01
1.335769324853229023e-01
1.472832069471624317e-01
1.388515166340508755e-01
1.449058219178082085e-01
1.350522871819960780e-01
1.285698997064579352e-01
1.296630381604696736e-01
1.339667930528375683e-01
1.263071795499021432e-01
1.314747431506849418e-01
1.273773850293541954e-01
1.342496330724070319e-01
1.915132705479452024e-01
1.899232509784735679e-01
2.138882093933463791e-01
2.041875611545988234e-01
1.854436766144814119e-01
1.783726761252446280e-01
1.914674045988258300e-01
1.679687500000000000e-01
1.891282411937377783e-01
1.760946673189823786e-01
1.996086105675146660e-01
1.735338184931506933e-01
1.706824853228962879e-01
1.874617783757338563e-01
1.864756604696673203e-01
1.980644569471624317e-01
1.672960494129158426e-01
1.606454867906066675e-01
1.645058708414872672e-01
1.927975171232876594e-01
2.014203155577299342e-01
1.644370719178082085e-01
2.276403498043052809e-01
2.534858121330724190e-01
2.329072896281800253e-01
2.372263331702544054e-01
2.347572162426614373e-01
2.218306629158512677e-01
2.501987524461839474e-01
2.070159613502935425e-01
2.401923312133072419e-01
2.546936154598825608e-01
2.503287059686888361e-01
2.416065313111545876e-01
2.505580357142856984e-01
2.506268346379647571e-01
2.452910958904109540e-01
2.570557118395303542e-01
2.674596379647749544e-01
2.585081335616438158e-01
2.518346379647749544e-01
2.510778498043053086e-01
2.527290239726027177e-01
2.588750611545988511e-01
2.703950587084148482e-01
2.545636619373776721e-01
2.025746086105675026e-01
1.671278742661448102e-01
1.727999633072407060e-01
2.333124388454011766e-01
2.379296110567514777e-01
2.235965019569471635e-01
2.378378791585127328e-01
1.820572407045009666e-01
2.353916952054794509e-01
2.281066536203522621e-01
2.461472602739726012e-01
2.284047822896281832e-01
2.357968444227005744e-01
2.403834393346379605e-01
2.374480185909980390e-01
2.421034124266144838e-01
2.370122920743640005e-01
2.408650318003913993e-01
2.236347235812133072e-01
2.321275684931506933e-01
1.967954990215264321e-01
2.401388209393346407e-01
1.735032411937377783e-01
1.666233488258317130e-01
1.948767734833659615e-01
2.560390166340508755e-01
2.476837695694716346e-01
2.475691046966732034e-01
2.516588184931506933e-01
2.483335371819960780e-01
2.445801736790606529e-01
2.560848825831702480e-01
2.517734833659491245e-01
2.509784735812133349e-01
2.434029476516633983e-01
2.395884295499021432e-01
2.529889310176125505e-01
2.384570694716242611e-01
2.643178204500978290e-01
2.122064579256359995e-01
2.003653987279843396e-01
2.309044765166340385e-01
2.186429794520547976e-01
2.618792808219178037e-01
2.573997064579256477e-01
1.894645914872798431e-01
2.579348091976516599e-01
2.509326076320939070e-01
1.740077666340508755e-01
1.992416829745596862e-01
1.731592465753424570e-01
1.397229696673189803e-01
1.548587328767123406e-01
1.939518101761252555e-01
2.262414383561643927e-01
1.570144324853229023e-01
1.480170621330724190e-01
1.636038405088062753e-01
1.465799290606653593e-01
1.412977005870841574e-01
1.869954745596868750e-01
1.721654843444226923e-01
1.477647994129158426e-01
1.604467343444226923e-01
1.335310665362035298e-01
2.016496453033267966e-01
1.443248532289628239e-01
1.987295132093933325e-01
1.919337084148728112e-01
1.500275195694716346e-01
1.764386619373776999e-01
1.864680161448140916e-01
1.442484099804305364e-01
2.749052103718199747e-01
1.908329256360078163e-01
2.120000611545988234e-01
2.374862402152641827e-01
1.788236912915851240e-01
1.843199608610567586e-01
1.899079623287671104e-01
1.973000244618395294e-01
1.952589897260273988e-01
2.142398483365949013e-01
1.999296722113503011e-01
2.105247064579256477e-01
2.101807118395303264e-01
1.837695694716242611e-01
2.078721257338551898e-01
1.651097725048923659e-01
2.115414016634050987e-01
1.917961105675146660e-01
1.918496208414872672e-01
2.120000611545988234e-01
2.193156800391389549e-01
2.190787059686888361e-01
2.501223091976516599e-01
1.958858243639921837e-01
1.898009417808219079e-01
2.022994129158512677e-01
2.540973581213307186e-01
2.138346991193737778e-01
3.217649217221135172e-01
2.120765044031311108e-01
2.685374877690802076e-01
2.776877446183952935e-01
2.089346868884540132e-01
3.161234099804305364e-01
2.458032656555773077e-01
2.519645914872798431e-01
2.123440557729941169e-01
2.368288282778865106e-01
2.825495352250489423e-01
2.187805772994129150e-01
2.325938723091976468e-01
2.710983365949119483e-01
2.230231775929549798e-01
2.628195327788649949e-01
2.547700587084148482e-01
2.863181873776908248e-01
2.769003791585127328e-01
2.317224192759295420e-01
2.309732754403131250e-01
2.473015533268101696e-01
2.265930772994129150e-01
2.490062377690802353e-01
3.117508561643835829e-01
1.563417318982387449e-01
1.756360078277886538e-01
2.225415851272015688e-01
1.940741193737769155e-01
2.087665117416829808e-01
1.856730063600782743e-01
1.792135518590998178e-01
1.699409858121330719e-01
1.706748409980430592e-01
1.716915362035225101e-01
1.769890533268101696e-01
1.874464897260273988e-01
1.706289750489236867e-01
1.793970156555773077e-01
1.499740092954990334e-01
1.534368884540117384e-01
1.899920499021526543e-01
1.739083904109589018e-01
1.683433219178082085e-01
1.586808953033267966e-01
1.808953033268101696e-01
1.420162671232876594e-01
1.688478473581213335e-01
1.735567514677103795e-01
1.523666829745596862e-01
1.448523116438356073e-01
1.848244863013698558e-01
2.717633928571428492e-01
2.202024217221134894e-01
2.407350782778865106e-01
3.020349192759295698e-01
2.449394569471624317e-01
4.289154231898238967e-01
2.128332925636007844e-01
1.865138820939334641e-01
2.664811643835616195e-01
3.128745719178082085e-01
3.210157778864970446e-01
2.787044398238747722e-01
2.402152641878669281e-01
1.614328522504892283e-01
2.089193982387475557e-01
2.002507338551859084e-01
1.719361545988258300e-01
2.252629647749510855e-01
3.142964163405088107e-01
2.884585983365949291e-01
2.561231042074363917e-01
2.623838062622309009e-01
2.038053449119373861e-01
2.326932485322896205e-01
2.765869618395303542e-01
1.596746575342465890e-01
1.535286203522504833e-01
1.684809197651663537e-01
1.736637720156555820e-01
1.693829500978473457e-01
1.505320450097847318e-01
1.573660714285714246e-01
1.712405210371819864e-01
1.772260273972602607e-01
2.017031555772994256e-01
1.365429305283757389e-01
1.414429427592955035e-01
1.621972847358121306e-01
1.459530944227005744e-01
1.462282901174168370e-01
1.354727250489236867e-01
1.741377201565557642e-01
1.399599437377690714e-01
1.551033512720156604e-01
1.570450097847358173e-01
1.733579990215264321e-01
1.819272871819960780e-01
1.676247553816047065e-01
1.868502323874755289e-01
1.719743762230919737e-01
2.123899217221134894e-01
1.838077910958904049e-01
2.054106531311154504e-01
1.878516389432485223e-01
1.805895303326810197e-01
1.911157656555773077e-01
1.794505259295499089e-01
1.848474192759295420e-01
1.932485322896281832e-01
1.716838918786692814e-01
1.591548434442270066e-01
1.816597358121330719e-01
1.705831090998043142e-01
1.688860689823874772e-01
1.673342710371819864e-01
2.239175636007827708e-01
2.337099437377690714e-01
2.261038405088062753e-01
2.229543786692759211e-01
2.417288405088062753e-01
2.197437622309197647e-01
2.049978595890410982e-01
2.261573507827788765e-01
2.236117906066536209e-01
2.126804060665362095e-01
2.401617539138943269e-01
2.442514677103718168e-01
2.174122431506849418e-01
2.297272504892367839e-01
2.222893224070450202e-01
1.984084515655577252e-01
2.536845645792563664e-01
2.161509295499021432e-01
2.287487769080234767e-01
2.094086350293541954e-01
2.200724681996086007e-01
2.268376956947162348e-01
1.962986179060665359e-01
1.668068126223092029e-01
2.034154843444226923e-01
1.796645670254403138e-01
1.735108855185910071e-01
1.754296110567514777e-01
1.800314946183952935e-01
1.739619006849315030e-01
2.277167930528375683e-01
1.646434686888454124e-01
1.901602250489236867e-01
2.097449853228962879e-01
2.271511130136986412e-01
1.742906066536203391e-01
1.978580601761252555e-01
1.739619006849315030e-01
2.367065190802348229e-01
2.126804060665362095e-01
2.214790239726027454e-01
2.135365704500978568e-01
1.912915851272015688e-01
2.145456213307240789e-01
2.670315557729941447e-01
2.096914750489236867e-01
2.257674902152641827e-01
2.135518590998043142e-01
2.217695083170254378e-01
2.228244251467710324e-01
2.574302837573385627e-01
1.873700464774951113e-01
2.241086717221134894e-01
2.125733855185910071e-01
2.320664138943248633e-01
1.946474437377690714e-01
1.893957925636007844e-01
