2.796476135102275995e-01
4.432691478929657314e-01
3.893257748896249426e-01
3.025905618978284584e-01
5.828220173408670268e-01
4.070103756943211915e-01
3.928349886442906724e-01
4.677080354350907077e-01
6.599580662905041306e-01
3.451080279422747976e-01
2.779201967936147377e-01
3.882914997081739483e-01
6.378686771257581212e-01
3.121106717603251424e-01
4.755296522592629138e-01
4.597443795028120506e-01
6.748910353943827767e-01
2.600424426932549382e-01
7.215991363994890273e-01
3.011700164096743904e-01
3.647632277610434182e-01
3.229784594361722605e-01
4.870529168064849368e-01
2.949006532670191971e-01
2.900153809228581681e-01
2.849480885240067152e-01
3.353714822746658997e-01
2.962213710558315727e-01
3.165243910787491344e-01
3.882612060065182558e-01
4.063664829257387923e-01
3.393650731502826368e-01
3.519959790945804134e-01
2.833621981037652282e-01
6.464315883669474738e-01
7.025739418423898597e-01
6.417702026199589849e-01
5.634161801478008158e-01
4.404997723197858206e-01
5.299296026086165456e-01
5.027076586161894900e-01
5.973067339478616011e-01
6.390794894719823427e-01
6.076037833080381034e-01
4.599072253840371105e-01
7.168616311768658544e-01
7.098219748651989347e-01
6.305731403522021328e-01
6.719223338474752394e-01
6.878255870717718823e-01
5.341621872684181316e-01
5.605577022041257074e-01
6.986055188453159648e-01
4.659230891888974657e-01
3.768134472894001941e-01
6.460129634179798686e-01
6.489072886019394693e-01
6.214231150610181054e-01
6.432684552916466680e-01
4.607443038278052905e-01
5.737417176029040444e-01
6.002452121304469035e-01
4.594978461178953477e-01
4.986314866598681173e-01
6.958479644294508493e-01
6.447792796623796896e-01
6.440092378116990535e-01
4.274050965113058154e-01
5.222013878916648144e-01
6.443849309728761909e-01
6.464140601342690529e-01
7.063587941696798378e-01
6.976513150658426587e-01
6.620451498662647261e-01
6.469715116709844338e-01
6.651953037817437409e-01
6.672427086710152055e-01
6.481203512212845297e-01
6.683711252625397226e-01
6.538492790976699887e-01
6.623893640330319466e-01
6.194327030720648830e-01
6.265599610309707801e-01
6.763733942040858205e-01
6.271132328287205571e-01
5.798545702362117860e-01
6.428642240425057608e-01
6.881958187521441950e-01
6.556854714193312006e-01
6.358129496193803964e-01
6.325631516532678189e-01
7.053537385596642117e-01
6.153571677443462340e-01
6.175027835863424741e-01
6.164777318921437210e-01
5.733868161749853254e-01
6.484430646087748773e-01
5.642873141229692857e-01
6.399358287743446283e-01
6.948190211812518280e-01
6.810240227900188348e-01
6.872942783601172501e-01
6.671688439073084620e-01
6.117762868286888978e-01
6.043325225315664406e-01
6.239671060087356169e-01
5.303049999834108519e-01
3.826174246743671015e-01
6.904726571523461809e-01
5.341874846661264220e-01
6.450968489864548072e-01
6.790598086573399472e-01
6.378016968828271738e-01
4.065883501758420504e-01
5.610468945475646230e-01
7.074263505065422342e-01
6.954947836485977364e-01
5.724887143495152042e-01
4.365115834947851381e-01
5.296254841743258668e-01
3.759958427561235217e-01
3.775957380712431366e-01
6.082094934685707832e-01
5.798967817952649373e-01
6.534383460405986943e-01
5.707804792988917519e-01
5.895557858455020561e-01
5.906484017647721796e-01
6.126123258233076019e-01
5.701546404018031922e-01
6.214610947909628980e-01
3.517224199079220237e-01
5.179105622097983641e-01
3.785463399270687090e-01
5.626977021497513443e-01
5.896684876267597186e-01
6.870138477660713283e-01
5.914312907400020025e-01
6.182579798983197650e-01
5.137014431011308613e-01
4.382678600757587972e-01
4.526760088309805807e-01
4.610432771156158793e-01
4.675061283921133071e-01
5.035500293743059297e-01
4.715409275024278202e-01
3.279640680495675698e-01
4.023775874631839167e-01
5.760738946512456993e-01
4.527067131261114930e-01
4.506990791708654909e-01
2.407695160868718598e-01
2.123802079168306545e-01
2.725063385602603527e-01
1.998168654362306451e-01
2.414056052601831481e-01
4.195872787349466115e-01
3.747220514948625958e-01
4.071275012297047025e-01
4.496077354290675121e-01
4.057589739017000152e-01
4.003562989492312485e-01
5.930113859226059381e-01
3.385921088618310537e-01
4.678568796728702628e-01
4.424717436004788063e-01
3.716115784299546809e-01
3.939535855411485099e-01
4.494326629084985925e-01
3.421077137788261502e-01
3.934950216810420565e-01
4.263834530619908803e-01
3.626468721203235934e-01
5.310813754180134794e-01
4.321430006208027419e-01
4.123422504460444449e-01
5.460277383000310403e-01
5.513470549046737279e-01
4.353847636448580083e-01
5.909070747926679079e-01
5.769551681904592222e-01
5.554840710683551785e-01
5.253740247569610444e-01
5.606845969102988159e-01
5.747581896165390170e-01
5.705143652502879803e-01
5.944017206182363733e-01
6.722500754365350328e-01
4.747408507875244821e-01
5.196376921475149846e-01
4.771812532006674545e-01
6.720151946265024989e-01
6.602946213558938959e-01
5.974448454709616607e-01
5.934666945414289740e-01
6.610273306861955689e-01
5.422199976429599166e-01
6.595185785213775187e-01
6.873154856751613195e-01
7.298157590766906067e-01
6.862865326609483008e-01
7.123118215231611927e-01
7.025358088903228548e-01
6.635993761700693661e-01
6.058311404880232232e-01
6.757112457415930251e-01
6.133058970133294929e-01
6.353268777232120579e-01
5.877637474070477319e-01
7.012401868624305035e-01
6.626796203197944379e-01
7.273346000881301121e-01
6.931603791399353343e-01
7.220644101746021004e-01
6.851415255842686625e-01
6.693296631595461177e-01
6.905420930725171269e-01
6.404396123377321670e-01
7.260005698931525364e-01
6.322340316622560019e-01
6.276700965427269852e-01
6.226088901730119085e-01
6.027280708289773914e-01
6.033795032091827659e-01
6.402004835734405042e-01
6.109475239161337168e-01
6.045875823659081494e-01
6.327261515263354896e-01
6.452025252544866252e-01
6.488156038500881850e-01
6.333425801637340147e-01
6.644770516750410083e-01
6.569918332035846742e-01
6.154480618962289151e-01
6.014498423927485682e-01
5.760193337297686567e-01
6.383429661265971333e-01
5.902282905898872389e-01
5.981896143065953408e-01
6.504298331886236850e-01
6.757296292601686627e-01
5.820442700418614335e-01
6.530587955468313277e-01
6.302583406572663804e-01
6.342363922635231299e-01
6.733600683131055753e-01
6.591073533703490916e-01
6.246733548264956637e-01
5.701973729429996585e-01
5.974517571854163211e-01
5.924584849791948438e-01
6.804903582819253893e-01
5.917582650985939718e-01
6.739026892812195468e-01
6.696238709208566231e-01
5.685721348689039001e-01
4.874799161368031930e-01
6.460345259989577205e-01
6.630972650138654556e-01
6.220738723522792890e-01
6.379903189694590138e-01
6.473901342616705801e-01
5.480541748992943107e-01
5.467176497510961575e-01
6.056850259730224284e-01
6.863663703574488517e-01
6.720637004193369402e-01
6.487973714046593177e-01
6.655827915463826683e-01
6.406784948635753096e-01
6.281594090593650703e-01
6.920762645934623869e-01
6.776731438224313786e-01
4.878910021546215559e-01
5.686578002666939913e-01
5.712396480327038839e-01
5.828362606870531870e-01
5.986262643666004912e-01
6.102328766456384113e-01
5.553212064432816453e-01
6.564462420793387709e-01
6.544231632503362261e-01
6.061349394263580992e-01
4.656336907736788877e-01
6.042089691783848471e-01
6.423131772380342719e-01
6.288384734849632451e-01
6.195672846240650733e-01
6.052330276502396744e-01
6.058687996366752815e-01
6.574142569511077783e-01
6.343399609996667188e-01
5.216084541503739347e-01
5.507052698949622682e-01
6.337966589217777225e-01
6.480032196305250958e-01
5.267924496825344693e-01
5.953060604580375781e-01
6.595493431203356405e-01
5.702585903552603863e-01
7.550983046468597859e-01
7.344345199064538088e-01
7.657038928885451234e-01
7.358101753108905463e-01
7.421055189812135744e-01
7.504055720540339092e-01
7.634202936529744798e-01
7.504452674204825646e-01
7.496524149455568997e-01
7.584078164884016093e-01
7.620974145053539539e-01
7.112075325735148779e-01
7.603245885684968286e-01
7.413565112317062056e-01
7.378248675263873180e-01
7.130329374011360466e-01
7.641809297749038166e-01
7.401349123799663143e-01
7.162150667315698715e-01
7.662972591077302775e-01
7.623911166886965241e-01
7.602499150964064922e-01
6.841279915193019256e-01
7.397736571474193834e-01
6.953908529860584053e-01
7.015619296844027852e-01
7.504684144036910531e-01
6.907548760467779880e-01
7.091789574704741028e-01
7.289221533758079019e-01
7.030914685332766423e-01
7.006707641308579371e-01
7.258739625394347028e-01
6.592588788764918162e-01
7.284572258421597724e-01
6.853711220334587351e-01
7.311435762254299142e-01
7.180617703308380673e-01
6.884627396795616194e-01
6.838229977256806702e-01
6.493670443011554383e-01
7.303913693487497083e-01
7.355104463109068957e-01
6.738733978696008764e-01
6.866973568585851284e-01
7.232030205776913689e-01
7.072205884400964981e-01
7.195485271904431546e-01
7.008266437815570127e-01
6.370851965155138741e-01
6.339364726540751560e-01
6.622543677164771658e-01
6.345061870379136160e-01
6.633694370071261392e-01
6.429279095156869017e-01
6.649253315885986781e-01
6.685479855642533220e-01
6.617406164085624098e-01
6.604795877046624186e-01
6.511853129892739567e-01
6.593881926020810358e-01
6.397191104416064533e-01
6.684040255078379511e-01
6.344161794723518488e-01
6.667605871646921090e-01
6.667680927355627007e-01
6.547502608988527983e-01
6.312561286673109562e-01
6.477647327262299193e-01
6.605605236389477941e-01
6.290919132394037216e-01
6.354050860297332237e-01
6.513019285338834674e-01
6.553391529724985620e-01
5.881181183512419475e-01
6.598927721688705450e-01
6.417052929937919759e-01
6.357724989263446869e-01
6.843674115696910532e-01
6.456214316998374336e-01
6.627737955674384285e-01
6.967483844773092461e-01
6.484471394979772763e-01
6.424457187352894394e-01
6.927568231658677300e-01
7.038712710079898516e-01
6.279942514591355662e-01
6.452896111557193670e-01
6.230811072212082413e-01
6.333364054120305120e-01
6.972713229688904946e-01
7.220383848988827236e-01
7.091909883263735059e-01
6.392409948361922334e-01
7.139067268509452502e-01
6.932404746478020297e-01
7.097467540271942266e-01
7.075372618903206234e-01
6.930185498411610689e-01
6.088875404332096952e-01
6.405783583963668981e-01
6.106429834461994943e-01
6.262145595378556528e-01
6.543081026335267891e-01
6.337955997668227592e-01
6.138761242072856561e-01
6.378795782402731929e-01
6.396964432930410949e-01
6.054057485059766153e-01
5.477851326441910418e-01
5.824514003677980778e-01
6.017070059724650699e-01
5.720193433122444659e-01
6.477840905461590415e-01
6.598988512068649781e-01
6.818943910108271611e-01
6.344242193369721283e-01
6.802927461829731959e-01
6.411827207396334494e-01
6.342731666059063800e-01
6.953805715022278733e-01
6.798970975702971486e-01
6.523784700831178895e-01
6.029862189177760401e-01
7.028631285364131953e-01
7.222157765768154603e-01
7.613310091718596961e-01
7.931473826373247604e-01
6.643484772515397818e-01
6.811173214688113209e-01
6.325540355999649256e-01
6.567424506415441288e-01
7.436449887149302329e-01
5.677625881781703798e-01
6.512547967132235049e-01
7.613126138796872944e-01
7.589153123844354365e-01
7.244703138440777845e-01
6.387457208165363554e-01
7.640133646182012406e-01
7.628035678820330734e-01
5.961482561439832573e-01
7.550334683483437281e-01
7.115152746623074620e-01
6.598773310150214400e-01
7.142766545566185954e-01
6.917780794228752805e-01
7.600186242186078855e-01
7.118261001798050769e-01
7.173967304529096367e-01
7.486204234357338727e-01
6.976588624654406212e-01
6.907363612940098374e-01
6.803245912316772115e-01
6.927304842068485735e-01
6.920559181240800717e-01
6.722829654295607860e-01
6.856785343677243016e-01
6.831209824133083197e-01
7.198407140045491870e-01
6.988215285587049408e-01
6.755145723532018920e-01
6.874643553678879693e-01
6.995212015706067099e-01
7.160052473526760108e-01
6.961514795118709520e-01
6.587573291515096408e-01
6.755137359753822235e-01
6.554026249521107683e-01
6.565382639304205847e-01
6.766725397086525984e-01
6.724892148378289747e-01
6.133292852745699797e-01
6.485269124343060465e-01
6.401935331505569371e-01
6.543536371339873092e-01
6.611017777963114073e-01
6.658365615396533155e-01
6.690687504949099917e-01
6.670789808730521742e-01
6.501190035310170368e-01
5.940408616537224962e-01
5.754844853338527688e-01
6.773481305766396732e-01
6.440909248092921979e-01
6.320561237270055921e-01
6.782861455991320287e-01
6.620672182103064518e-01
6.395944735528383829e-01
6.676469670573047521e-01
6.729382252690264687e-01
6.733058839578589527e-01
6.825490795226426544e-01
7.177043244048197934e-01
7.694026106188419645e-01
6.472149174627087609e-01
6.772463669874444481e-01
7.145040471958321593e-01
7.204931836702497261e-01
6.360075113019638682e-01
6.189506799708297535e-01
6.351749322534678832e-01
6.383393456225616713e-01
6.111560416240470195e-01
6.757259045298525946e-01
7.260527200233763967e-01
7.149307283092732890e-01
6.589269031777108543e-01
6.922548724848495150e-01
6.583103003935415476e-01
6.910925599293554766e-01
6.958611939698773341e-01
7.340402479563867821e-01
6.681452337602556968e-01
6.730097275150129787e-01
7.318465609956896767e-01
6.867624453501820492e-01
6.346345420816962291e-01
4.092475470192666887e-01
7.064768947087620710e-01
6.569196354147249783e-01
5.951087411502365976e-01
5.520479610152853045e-01
6.022335829884001290e-01
6.219923068252272147e-01
6.188593833361897278e-01
6.326493425414196903e-01
5.024788392368442214e-01
6.535546466078085981e-01
6.145624418890538454e-01
6.708967878451982392e-01
7.117647823298808296e-01
6.303962075851374802e-01
6.635505555120647658e-01
6.779415266433040932e-01
6.246928217275561357e-01
6.594437689855253693e-01
6.954883300983194516e-01
6.646532133529454711e-01
5.507203094445948244e-01
4.273997417804185628e-01
6.328569633201734934e-01
3.607323881228255424e-01
6.102303992386808318e-01
6.631013880121758852e-01
6.458784722573226444e-01
6.346779037966560066e-01
7.415469438800541546e-01
7.012126727385316061e-01
7.237255964398461305e-01
7.212174730131390987e-01
7.288701642581288942e-01
7.249472720658365343e-01
6.857445817206632155e-01
7.032835536448185376e-01
6.920132268374885598e-01
7.318102477403629624e-01
7.501088341731448894e-01
6.164588039971380384e-01
6.918479013859917259e-01
6.561753151565976605e-01
7.394739656533166894e-01
7.422028036244119331e-01
7.639078820089061361e-01
6.947413114747424956e-01
6.883064821521303056e-01
7.220887629507731775e-01
6.993873387787155060e-01
6.955250077876600212e-01
6.263951174318730386e-01
6.232322508629778435e-01
6.172813944505441963e-01
5.940104229296384597e-01
6.462417755245398743e-01
6.588189580727478178e-01
6.582652018684452822e-01
6.342870332650240028e-01
6.063469596268299400e-01
6.374468061586777701e-01
6.256452426228419350e-01
6.129219473125231410e-01
6.415049291251464503e-01
6.355400477559246530e-01
6.370962583125648893e-01
6.322521744583610159e-01
6.854951232450727794e-01
6.447066377759811395e-01
6.625869090825862173e-01
6.163425166498612828e-01
6.376688160169593500e-01
6.656790497832073550e-01
5.892806002280310818e-01
5.461999143131740508e-01
5.954790662367430709e-01
5.497326398127972968e-01
5.525690488462514649e-01
5.817133037345803004e-01
5.499853708680740860e-01
5.734122935118266540e-01
5.771241223738037274e-01
5.691251880961587517e-01
5.396310393497376623e-01
5.853840873660508537e-01
5.708913326714191161e-01
5.680973851050276080e-01
5.844005138752684791e-01
5.631183695763793962e-01
5.387751367602111596e-01
5.796897976735426727e-01
5.784786487389317333e-01
5.440424537946435546e-01
5.631618469961074958e-01
5.874936663364183076e-01
5.175588835140871868e-01
5.638014936167912161e-01
6.017150231399074345e-01
5.665804311798330328e-01
5.864562284262080372e-01
5.846126953217888333e-01
5.704617270044032296e-01
5.918486124625612632e-01
5.622254685848968592e-01
6.099240232387392879e-01
5.457664464382147029e-01
5.861642314641446472e-01
5.628682139963735453e-01
5.899490440173472683e-01
5.823232056087493946e-01
5.683098264936026212e-01
5.738568956163828672e-01
5.900910982561674567e-01
6.029783991902091245e-01
5.698949422083925409e-01
5.996353184933393976e-01
5.850373592514904741e-01
6.326764486700527934e-01
5.751655627052001396e-01
6.482502801410907622e-01
6.828474208758179564e-01
5.976502127506214679e-01
5.698565790420476729e-01
5.623591130992914300e-01
5.490326468019166573e-01
5.559396600256709675e-01
5.489733966316203695e-01
5.626493112435205779e-01
5.356442022722209817e-01
5.473382837584808147e-01
5.372592381337837342e-01
5.300121907370568541e-01
5.853251137578289187e-01
5.538154608593914840e-01
5.734692012081290535e-01
5.496135530634888022e-01
5.817878361459692949e-01
5.652042099872588432e-01
5.855770358771817952e-01
5.841439582554156518e-01
5.606867505156507558e-01
5.354454660993557269e-01
6.720048735445183219e-01
5.484390057288315301e-01
5.404140397214829417e-01
6.307868537095568939e-01
5.487892596200842910e-01
6.305282343753980667e-01
7.377847088888835891e-01
6.528369846923155473e-01
6.411553990852284501e-01
4.960398092702224537e-01
6.429584625529400910e-01
6.238486424228686378e-01
6.428479193525890034e-01
7.546453501595304925e-01
7.487913170756218539e-01
6.255012797317996975e-01
6.042189576098582204e-01
6.937448337195692982e-01
6.614828617748610418e-01
7.368002868171149577e-01
5.928229757526721766e-01
6.870844307154013730e-01
6.280144498550994658e-01
6.402104387459429669e-01
7.111503249977680907e-01
6.693008670817851558e-01
6.863103323708873438e-01
7.154278191031205880e-01
5.093239624981428237e-01
5.626572557705336042e-01
4.715542454689366503e-01
5.601298156327979560e-01
5.992064489216720746e-01
5.746039992490804549e-01
6.111250690726282020e-01
6.149823892628167865e-01
6.188579458001055578e-01
5.653397476501937913e-01
5.876629388629109885e-01
5.506933804345589545e-01
5.836436117714340899e-01
5.784799642373638084e-01
6.307332616783591916e-01
6.266917276576283724e-01
5.418999124764379838e-01
5.616572376113984078e-01
5.622327545479280930e-01
5.752387371213101286e-01
6.599305747998368554e-01
5.600955430202333440e-01
5.256710270629958437e-01
6.937356693396790064e-01
5.814518286431643590e-01
5.801040694191209601e-01
5.614136287380839807e-01
5.359130962000091536e-01
5.429037676000555424e-01
4.703836591221747243e-01
5.502832323660935554e-01
5.398283390655030933e-01
5.067146738129961747e-01
5.281350444137606903e-01
5.903356775043988591e-01
5.848717146037760717e-01
5.562686708816647618e-01
4.621128487128463580e-01
5.689577956510692980e-01
4.957266302073338182e-01
5.447612408199073997e-01
5.722156481692046714e-01
5.315361495687239701e-01
5.442896163449285618e-01
5.769780091422883617e-01
5.736876245442824596e-01
5.602791461479855739e-01
5.422313977581063593e-01
5.405660475785417640e-01
5.493918236823535084e-01
5.207062539312379279e-01
5.505980245464136003e-01
5.321388826880851797e-01
6.386507632378191079e-01
6.058466545159026939e-01
3.552706927046625496e-01
4.092907979920966111e-01
4.129353178265306457e-01
5.000207227486899164e-01
5.540011920138384616e-01
5.579431293996974794e-01
5.548828341240759077e-01
5.682292424089844252e-01
4.975007191760003611e-01
4.556836394477689067e-01
5.086372610193191646e-01
4.930351416660583852e-01
6.666420186036425832e-01
5.340251703075782341e-01
4.422616686907402395e-01
5.548821350078492198e-01
6.026883491257960523e-01
6.525923764032446339e-01
5.738403281862802796e-01
6.799345324112952005e-01
4.951682253075872508e-01
6.134774547896735264e-01
6.415576783057177490e-01
5.878287066231850932e-01
4.730598005852053589e-01
2.409519640722363742e-01
3.569648294080616791e-01
4.239511844435209231e-01
2.211586113805596721e-01
2.743721880527095758e-01
1.346027728423458136e-01
3.032059954248071953e-01
3.137757229936615211e-01
3.433895100111947207e-01
3.053921132669824012e-01
2.835040934563234361e-01
2.894913270083057100e-01
3.205092962952543756e-01
4.552912922441829657e-01
5.007974935766977831e-01
4.346739637958571545e-01
4.210011545117042786e-01
2.791559598926451335e-01
2.439577664609232921e-01
3.578648507864913286e-01
3.159901687624953048e-01
3.659683290510694631e-01
3.945826813842142067e-01
2.776219180663453967e-01
2.414620754426027305e-01
7.158125420528091976e-01
7.417671028146631818e-01
7.379604305898204153e-01
7.197534335887729728e-01
7.178049070342942262e-01
7.147357802954448225e-01
7.432821270798444235e-01
6.961005510586975031e-01
7.068320975777064863e-01
4.749254660512994275e-01
7.358349186282555632e-01
6.923780753900043994e-01
7.502016898917035492e-01
7.593705215545299980e-01
7.509027204765991170e-01
7.911988250974582026e-01
7.334304212295954528e-01
7.642457405391662739e-01
7.577901526923190856e-01
7.414583324329787617e-01
7.444535784094072906e-01
6.026405675594508349e-01
7.247355271093175455e-01
6.737918006658882852e-01
6.847578719010090076e-01
6.741804446371245652e-01
6.511982311532825696e-01
6.751174104975277146e-01
6.813109158857522107e-01
6.820415281187641732e-01
7.061639465544133909e-01
6.721279833416690108e-01
6.643729681081050886e-01
6.456239195378845608e-01
6.869829356998542469e-01
6.937410017339049606e-01
6.853097842398010453e-01
6.968739940504167230e-01
6.722903384215741518e-01
7.031150050263778040e-01
4.616177507694028681e-01
5.302288426489456530e-01
5.034588432745168429e-01
5.435179100858066326e-01
6.197901876148550482e-01
5.458190193014260672e-01
5.624953757135305876e-01
5.023572226343638869e-01
5.197716048133833588e-01
4.711558280519978492e-01
6.166271923852395531e-01
5.252995845052318424e-01
4.869186388657724129e-01
5.893720052020751110e-01
4.950503385725298910e-01
6.151642910256075458e-01
5.999714221400263003e-01
5.457270083649516934e-01
5.471856717988472507e-01
5.735803673289526783e-01
5.492642347344658393e-01
5.496478960749134890e-01
5.966914042011014496e-01
7.067695734642586158e-01
6.003342799616040448e-01
6.513969256150584641e-01
6.980753759083836441e-01
6.597161382583716094e-01
6.651274864975517120e-01
6.688363962512940963e-01
5.680876092270715771e-01
6.529631882564523870e-01
6.245239355526293057e-01
6.049925912657128091e-01
5.659854194521519721e-01
6.973269409818405595e-01
6.450504785734310076e-01
6.820961544781298791e-01
5.962217959683151491e-01
5.610638187490526452e-01
4.759101836016603193e-01
6.151585886644023171e-01
6.226528263365890270e-01
6.421732237988223568e-01
4.439219774837542265e-01
6.188688965654869367e-01
6.142462785366934463e-01
6.079611262342481393e-01
6.131834361148191803e-01
5.963472444804107653e-01
6.437827154431728927e-01
6.078253046462872566e-01
5.914632289234275087e-01
5.818072206570437110e-01
5.756966341283409339e-01
6.129775709497694569e-01
6.088403149696253180e-01
