2.727884968199608462e+00
2.953285530821917693e+00
2.384624204990215102e+00
3.183830724070450202e+00
3.026686338062622106e+00
2.529751712328767166e+00
2.326557913405088218e+00
2.665132705479452024e+00
2.523544520547945424e+00
3.378042441291585263e+00
4.879823568982387449e+00
2.500710922211350162e+00
2.755672089041095951e+00
3.135228106653620284e+00
2.755205785225049109e+00
2.729452054794520688e+00
4.475752201565557975e+00
5.670147382583170526e+00
3.099200403620352429e+00
2.227609772504892227e+00
2.884601272015655749e+00
2.775363869863013644e+00
2.725201810176125061e+00
3.176186399217221012e+00
3.516549963307240567e+00
3.455143101761252389e+00
2.531135335127201458e+00
2.358862830234833563e+00
2.119733060176125061e+00
2.656364664872798542e+00
2.730545193248532510e+00
3.353198385518591174e+00
2.820465386497064575e+00
2.379785347358121417e+00
2.718566536203522510e+00
2.634402519569471579e+00
2.611997003424657571e+00
3.697361179060665304e+00
2.869465508806262388e+00
3.209240459882582996e+00
3.896342954990215102e+00
3.514287243150684859e+00
3.023231103228962713e+00
3.025830173679060486e+00
2.860108855185909960e+00
3.284086044520547976e+00
3.738785775440313319e+00
2.936261619373776721e+00
2.947078339041095951e+00
3.218298984833659393e+00
3.006291279354207369e+00
2.321474437377690769e+00
2.520662610078277854e+00
3.739038038160469757e+00
2.932470034246575263e+00
3.272298495596869028e+00
3.674840998043052753e+00
3.379043847847358339e+00
3.071489726027397449e+00
3.299168297455968624e+00
3.275585555283757166e+00
3.079462756849315141e+00
3.410133317025440203e+00
3.312721685420743523e+00
2.688845401174168259e+00
2.883278803816046842e+00
3.093857020547945424e+00
2.401686338062622106e+00
3.372943676614481578e+00
2.583651846868884494e+00
2.575082558708414737e+00
3.263048862524462024e+00
2.965654048434442469e+00
2.925964713796477490e+00
3.472098214285714413e+00
3.635916095890411093e+00
3.171148789138943158e+00
3.118785163894324697e+00
2.793725538160469757e+00
3.444334026418786721e+00
3.180772994129158704e+00
3.282289628180039109e+00
2.303219789628180081e+00
2.588865276418786721e+00
2.321558524951076397e+00
2.580127813111546153e+00
2.397787732387475668e+00
3.136283023483366073e+00
2.738877507338552064e+00
2.071948385518591174e+00
2.260870229941291498e+00
2.768858549412915870e+00
3.275761374755381539e+00
2.250405149217221012e+00
2.727732081702543887e+00
2.738464713796477490e+00
3.389799412915851295e+00
2.359627262720156438e+00
2.765602067025440203e+00
3.032496024951076397e+00
2.626345401174168259e+00
3.307378302348336518e+00
2.971043297455968624e+00
2.814502813111546153e+00
2.236775318003914048e+00
2.502660225048923603e+00
2.696061643835616639e+00
2.859115092954990001e+00
2.615345217710371983e+00
2.733144263698630283e+00
2.626345401174168259e+00
2.475270609099804453e+00
2.169413527397260122e+00
2.343688845401174170e+00
2.562576443248532510e+00
2.646274156066536154e+00
2.404117233365949069e+00
2.460134845890411093e+00
2.877461472602739878e+00
2.482670315557729879e+00
2.647864175636007733e+00
2.922448324363992267e+00
2.731210249510763077e+00
2.648919092465753522e+00
2.831327972113502955e+00
3.001544153620352429e+00
2.490031800391389272e+00
3.051079378669276032e+00
2.978603534735812186e+00
2.522038588551859029e+00
2.816268652152641661e+00
2.869870658023483401e+00
2.474116316046966801e+00
2.667043786692759433e+00
2.191390961350293320e+00
2.191261007827788543e+00
2.368425880626223279e+00
3.112233977495107773e+00
2.477739726027397449e+00
1.892941230430528421e+00
1.889256665851271944e+00
2.315947590508806275e+00
1.916386374755381539e+00
1.954072896281800364e+00
1.903650929549902227e+00
1.958300207925635972e+00
1.924076565557729879e+00
1.999013882093933381e+00
2.014516572896281943e+00
1.934579867906066619e+00
1.867776113013698724e+00
1.769653559197651660e+00
2.041202910958904049e+00
1.818867722602739656e+00
1.630060543052837652e+00
1.814204684442270121e+00
1.897879464285714191e+00
2.063639004403130972e+00
1.980484038649706457e+00
2.020463857632094129e+00
2.006352433953033199e+00
2.014256665851271944e+00
2.294023666829745789e+00
2.011221868884540243e+00
1.894974620841487267e+00
1.940007338551859029e+00
1.993762230919765122e+00
2.065871147260273766e+00
2.034804611056751256e+00
1.927814640410958846e+00
1.807515900195694636e+00
2.049244740704501133e+00
1.951856042074364028e+00
3.339606775929549798e+00
3.799825709393346518e+00
2.915728962818004089e+00
4.088475415851272388e+00
3.763232326320939514e+00
2.791401663405088218e+00
3.161501651174168259e+00
2.621835249510763077e+00
2.423151602250489312e+00
2.767192086594911782e+00
3.498180650684931337e+00
3.571199241682974534e+00
3.482165790117417004e+00
4.005244006849315141e+00
3.316276296477495222e+00
4.084018774461839918e+00
3.089943126223091863e+00
3.538252201565557531e+00
2.914918664383561620e+00
2.337061215753424737e+00
3.240689212328767166e+00
3.546454562133072308e+00
2.701848397749510688e+00
3.034728167808219190e+00
2.856500733855185992e+00
2.528001161937377894e+00
2.745031188845401093e+00
2.902091487279843562e+00
2.299649889921722146e+00
2.955303632583170081e+00
2.482479207436399271e+00
2.705838735322896316e+00
2.415988869863013644e+00
3.109856592465753522e+00
3.158031127690802187e+00
2.600270609099804453e+00
2.970989787181995911e+00
2.551331641389432470e+00
2.530454990215264210e+00
2.814128241193737612e+00
3.162258439334638016e+00
2.709324547455968624e+00
2.320090814579256477e+00
2.183677837573385627e+00
2.161172945205479312e+00
2.313386741682974534e+00
2.674038343933463846e+00
2.879632460861056842e+00
2.437477067025440203e+00
2.422547700587084130e+00
3.073156188845401093e+00
2.519944043542074574e+00
3.264585371819960891e+00
2.880358671722113684e+00
2.492959576810175992e+00
3.006459454500978623e+00
2.928204500978473401e+00
2.995665667808219190e+00
2.763859160958904049e+00
2.392077421722113684e+00
3.101929427592954980e+00
2.390158696183953158e+00
2.874174412915851295e+00
2.609290912426614373e+00
2.637918909001956802e+00
2.850973886986301498e+00
2.998348825831702591e+00
2.791738013698630283e+00
2.524660591976516599e+00
3.026770425636007733e+00
2.636627018101761255e+00
2.645700831702543887e+00
3.017253241193737612e+00
2.152282595401174170e+00
2.532411937377690769e+00
2.589606775929549798e+00
2.161845645792563442e+00
2.161524584148728056e+00
2.208873532289628017e+00
2.136237157534246478e+00
2.643759173189824008e+00
2.475821000489236923e+00
2.596952972113502955e+00
2.497599681996085952e+00
2.518629219667318786e+00
2.228221318493150527e+00
2.787120841487279677e+00
2.447728106653620284e+00
2.440381910469667126e+00
2.334011130136986356e+00
2.172838184931507044e+00
2.387980063600782632e+00
2.638958537181995911e+00
2.454447468199608462e+00
2.558180956457925426e+00
2.590118945694716235e+00
2.522107387475537976e+00
2.157220829256360162e+00
2.288833170254402916e+00
2.362830234833659393e+00
1.910477311643835607e+00
2.226111484833659393e+00
2.240322284735812186e+00
1.986286081213307186e+00
2.680276113013698502e+00
2.048090447651663482e+00
1.930000917318982490e+00
2.169528192270058664e+00
2.628455234833659393e+00
2.646358243639921781e+00
2.013958537181995911e+00
2.127943065068492956e+00
2.340753424657534332e+00
2.057095462328767166e+00
2.264119068003914048e+00
2.340271832191780810e+00
2.261909858121330608e+00
2.305987035225049109e+00
2.385572101272015466e+00
1.971150318003913826e+00
2.029874021526418826e+00
2.365375795009784898e+00
2.413450954011741700e+00
2.224445022015655749e+00
2.208009723581213279e+00
2.524614726027397449e+00
2.161509295499021377e+00
4.570251345401174170e+00
6.268170560176125505e+00
3.516397076810175992e+00
5.765441536203522510e+00
4.412610078277886316e+00
3.661165300880626194e+00
3.547509478962818097e+00
3.561490949119373806e+00
3.257621391878669392e+00
4.204004097358120973e+00
4.733388882093933603e+00
3.979497920743639838e+00
5.347656250000000000e+00
4.248440557729940892e+00
3.939617477984344251e+00
3.866094361545988178e+00
3.517146220645792631e+00
3.762024522994129150e+00
4.079523911448140971e+00
5.051859099804305586e+00
4.776739848336594818e+00
3.748417624755381539e+00
3.747737279843444291e+00
4.518774461839530687e+00
3.016809870352250567e+00
2.900119251467710324e+00
2.942843383072407004e+00
3.446711411448140971e+00
3.963979941291585263e+00
2.950120780332681214e+00
3.593092588062622106e+00
3.457795682485322875e+00
3.159842832681017732e+00
2.853206029843444291e+00
2.996223703522504778e+00
2.987746147260273766e+00
5.985873287671233278e+00
3.507223886986301498e+00
3.266802226027397449e+00
2.976256727005870850e+00
3.803624938845401093e+00
5.663068737769080485e+00
3.204172272504892227e+00
3.321688478473581174e+00
3.716005687377690769e+00
4.244855369373777165e+00
3.045682485322896316e+00
3.275891328277886316e+00
3.033069349315068663e+00
3.485445205479452024e+00
3.436980185909980445e+00
2.480040667808219190e+00
3.164612891389432470e+00
3.705127813111546153e+00
2.700319532778864939e+00
4.922570633561643483e+00
5.020165728962817653e+00
5.503095951565557975e+00
4.145899584148727612e+00
3.203652458414872672e+00
3.151128302348336518e+00
3.139034980430528421e+00
2.750756788160469757e+00
2.844453277886497045e+00
3.393101761252446114e+00
2.563860689823874939e+00
3.026663405088062753e+00
3.203606592465753522e+00
2.874319655088062753e+00
3.217412243150684859e+00
3.933593750000000000e+00
3.137406739236790809e+00
3.185780026908023643e+00
2.689021220645792631e+00
3.891802226027397449e+00
3.174382338551859029e+00
2.786463429549902227e+00
2.958269630626223279e+00
4.335280088062622106e+00
2.642023911448140971e+00
3.855850966242661659e+00
3.235911509295498867e+00
4.387299718688845829e+00
2.778520976027397449e+00
3.335654659980430647e+00
5.500772076810176436e+00
2.775791952054794454e+00
2.781685726516633927e+00
3.606003852739726234e+00
3.060841181506849473e+00
3.442346501956947247e+00
3.141756360078277854e+00
4.395830785225048665e+00
3.297020242172211457e+00
3.184595156555773077e+00
2.935183769569471579e+00
2.810565985812133238e+00
3.363869863013698502e+00
2.675865337573385627e+00
3.631260702054794454e+00
3.015311582681017732e+00
2.671783268101761255e+00
2.656662793542074574e+00
2.382055711839530243e+00
3.064304060665361984e+00
2.799145364481408826e+00
2.946482081702543887e+00
2.529254831213307408e+00
2.395456213307240567e+00
2.440527152641878583e+00
2.533489787181995911e+00
1.987081090998042976e+00
2.076741377201565708e+00
2.379770058708414737e+00
2.363953950587084130e+00
2.451045743639921781e+00
2.269049657534246478e+00
3.453744190313111417e+00
2.682982204011741700e+00
2.507873654598825830e+00
3.772069165851271944e+00
2.673617906066536154e+00
3.105338796477495222e+00
2.201802531800391538e+00
2.723757032778864939e+00
2.738250672700587085e+00
2.802677042563600729e+00
2.807982204011741700e+00
2.485223520058708502e+00
2.693691903131115506e+00
2.511711105675146882e+00
2.146488197162426559e+00
2.384777091487279677e+00
2.504999388454011822e+00
2.657411937377690769e+00
2.607494496086105507e+00
2.518124694227005911e+00
2.752354452054794454e+00
2.523942025440313319e+00
2.550506054305283765e+00
3.076015166340508866e+00
2.421294031311154615e+00
2.620245229941291498e+00
2.416309931506849473e+00
2.891183035714285587e+00
3.032075587084148705e+00
2.866667685909980445e+00
3.098382460861056842e+00
2.457046538649706680e+00
2.867210432974559797e+00
3.809426981409001822e+00
2.793679672211350162e+00
2.710165423189824008e+00
3.246086105675146882e+00
3.488525868395303320e+00
2.972633317025440203e+00
2.535309136497064575e+00
2.659491193737768988e+00
2.830831090998043198e+00
2.994304977984344251e+00
2.930902947651663482e+00
3.273215814579256477e+00
2.760931384540117328e+00
2.947659307729941336e+00
3.352640349804305142e+00
3.335104268590998178e+00
3.222121147260273766e+00
2.703063845401174170e+00
2.972327544031311053e+00
3.239099192759295587e+00
2.978825220156555709e+00
3.302264249021526599e+00
2.478083720645792631e+00
3.107012903620352429e+00
2.558968321917808098e+00
2.988143652152641661e+00
3.690901724559686681e+00
3.334974315068492956e+00
2.905256237769080041e+00
3.168496208414872672e+00
3.171194655088062753e+00
2.471647199119373806e+00
2.796087634540117328e+00
2.800162059686888583e+00
2.460111912915851295e+00
2.700961656066536154e+00
2.842037671232876761e+00
3.008584576810175992e+00
2.395976027397260122e+00
3.002927776418786721e+00
2.996391878669276032e+00
2.880297517123287854e+00
2.605155332681017732e+00
2.780577299412915870e+00
3.080655271526418826e+00
2.443982387475537976e+00
2.712802715264187814e+00
2.574883806262231012e+00
2.337634540117417004e+00
2.485108855185909960e+00
2.745894997553815831e+00
2.406662793542074574e+00
2.647718933463796276e+00
2.457627507338552064e+00
2.530852495107632105e+00
3.231974681996085952e+00
2.702131237769080041e+00
2.610047700587084130e+00
2.273078216731898138e+00
2.782840019569471579e+00
3.483365949119373806e+00
2.595340019569471579e+00
2.863235384050880405e+00
2.827956824853228746e+00
2.676262842465753522e+00
3.059220584637964979e+00
2.179802164872798542e+00
2.265196917808219190e+00
2.040430834148728056e+00
2.297433035714285587e+00
2.633829195205479312e+00
2.749075036692759433e+00
1.980453461350293543e+00
2.283719116927592996e+00
2.021816903131115506e+00
2.112295132093933603e+00
2.665300880626223279e+00
1.889363686399217146e+00
2.258943860078277854e+00
2.376330112524462024e+00
2.335241866438356073e+00
2.516404721135029554e+00
2.561406861545988178e+00
2.431514493639921781e+00
2.535783084637964979e+00
2.244152091487279677e+00
2.762223275440313319e+00
2.421928510273972712e+00
2.278505687377690769e+00
2.047157840019569353e+00
1.679481103228962713e+00
2.569303449119373806e+00
1.875007644324853340e+00
2.186185176125244656e+00
2.266916890900195547e+00
2.655607876712328785e+00
2.408757338551859029e+00
3.566436827299412915e+00
2.951282717710371983e+00
3.501360689823874939e+00
3.734948324363992267e+00
3.409177776418786721e+00
3.025967771526418826e+00
3.262750733855185992e+00
3.579860261741683036e+00
3.337191169275929514e+00
3.682531188845401093e+00
4.227143468688845829e+00
4.569135273972602995e+00
3.357846135029354251e+00
4.737952544031311497e+00
5.694227005870841296e+00
5.216273238747553442e+00
6.405363258317025021e+00
4.567629341976516599e+00
4.110544581702543887e+00
3.789299474070450202e+00
3.860812133072407004e+00
4.344491499510763077e+00
3.749334943737768988e+00
3.680925880626223279e+00
3.445809381115459757e+00
3.678831335616438380e+00
4.194769752935420648e+00
3.882995963796477490e+00
3.743425880626223279e+00
4.123799840998042754e+00
3.464920193248532510e+00
3.966686032289628017e+00
3.513469300391389272e+00
3.602120535714285587e+00
3.735582803326810364e+00
3.912594789628180081e+00
3.947193003913894493e+00
4.030875428082191902e+00
3.733954562133072308e+00
4.359948324363991823e+00
3.501781127690802187e+00
3.646786325831702591e+00
3.870061766144814008e+00
3.904086656066536154e+00
4.792318982387475224e+00
2.702888025929549798e+00
3.652519569471624372e+00
2.748310604207436558e+00
4.053586717221135061e+00
3.786211166829745789e+00
3.436796722113502955e+00
3.811597969667318786e+00
4.203851210861056842e+00
3.286402274951076397e+00
3.628095951565557531e+00
3.054580479452054576e+00
4.342167624755381539e+00
4.084049351761252389e+00
4.080708781800391094e+00
3.545155026908023643e+00
7.479001039628180081e+00
3.496521832191780810e+00
3.963911142367905871e+00
3.718925819471624372e+00
3.551247553816046842e+00
3.529323630136986356e+00
4.416569838551859029e+00
1.006939518101761166e+01
2.819532778864970446e+00
3.608472969667318786e+00
3.307340080724070486e+00
3.145440924657534332e+00
3.756069593933463846e+00
3.307867539138943158e+00
3.171982020547945424e+00
3.792028498043052753e+00
3.274974009295498867e+00
3.744236179060665304e+00
4.183150379158512955e+00
3.772481959393346518e+00
3.407320205479452024e+00
3.225163588551859029e+00
3.105453461350293320e+00
3.257644324853228746e+00
4.198469606164383805e+00
3.590868089530332874e+00
4.034162487769080485e+00
3.564227617416829919e+00
3.186987830234833563e+00
3.643965569960860851e+00
3.284911631604696680e+00
3.459936093444226923e+00
2.920690129647749433e+00
2.834500366927592996e+00
3.450701749021526599e+00
3.684228228962818097e+00
3.698377874266144616e+00
3.725079500978473401e+00
2.924733977495107773e+00
3.359596685420743523e+00
3.634693003913894493e+00
3.218535958904109595e+00
2.756673495596869028e+00
3.127683158023483401e+00
3.290407901174168259e+00
2.770991316046966801e+00
3.078851210861056842e+00
2.771641083659491134e+00
2.926973764677103684e+00
2.846479023972602551e+00
3.179450525929549798e+00
2.663504464285714413e+00
2.741316046966731701e+00
2.676239909491193725e+00
2.739741316046966801e+00
2.993884540117417004e+00
3.457696306262231012e+00
3.788955479452054576e+00
3.237814946183953158e+00
2.759593627690802187e+00
3.068714836105675303e+00
2.990559258806262388e+00
3.216770119863013644e+00
2.610345829256360162e+00
3.027664811643835829e+00
2.861293725538160526e+00
3.889975232387475668e+00
2.872530883072407004e+00
2.758668664383561620e+00
2.356707130626223279e+00
3.216013331702543887e+00
3.356722419275929514e+00
4.034323018590997734e+00
3.106133806262231012e+00
3.316589713796477490e+00
2.669841609589040932e+00
3.001651174168297409e+00
3.570587695694716235e+00
3.320090814579256477e+00
3.261275379158512511e+00
2.735139432485322875e+00
2.434121208414872672e+00
2.285660775440313319e+00
2.511672884050880405e+00
2.784170132093933603e+00
3.391695205479452024e+00
3.089316291585127328e+00
2.623906861545988178e+00
3.045843016144814008e+00
3.156464041095890405e+00
2.334890227495107773e+00
3.107020547945205546e+00
2.405753118884540243e+00
3.032564823874755344e+00
3.268101761252446114e+00
2.892673679060665304e+00
3.438096257338552064e+00
2.803028681506849473e+00
2.436529170743639838e+00
2.740436949608610728e+00
2.655630809686888583e+00
2.657358427103718057e+00
2.861698874755381539e+00
3.003325281311154615e+00
2.833774156066536154e+00
2.865712145303326963e+00
2.427355980919765344e+00
3.144110812133072308e+00
2.623616377201565708e+00
2.914849865459882672e+00
2.231997614970645749e+00
2.151510518590998178e+00
2.243945694716242834e+00
2.364664872798434292e+00
2.765586778375733967e+00
3.091051553326810364e+00
2.702498165362035021e+00
2.811941964285714413e+00
3.029812866927592996e+00
3.509991132583170081e+00
2.286784491193737612e+00
2.470087756849315141e+00
2.912365459882582996e+00
2.715073079745597084e+00
2.677539444716242834e+00
2.657037365459882672e+00
2.548671416340508866e+00
3.161883867416829919e+00
2.792578889432485223e+00
2.783849070450097773e+00
2.980942698140900404e+00
2.839186338062622106e+00
3.221998838062622106e+00
2.417578889432485223e+00
2.285431445694716235e+00
2.876482999021526599e+00
2.133362891389432470e+00
1.965149522994129150e+00
1.792869373776907915e+00
2.618525256849315141e+00
2.409804611056751256e+00
2.123708109099804453e+00
3.232632093933463846e+00
2.608794031311154615e+00
2.154820511252446114e+00
3.132048067514677125e+00
3.183746636497064575e+00
3.074058219178082307e+00
3.245795621330723968e+00
2.447277091487279677e+00
2.408558586105675303e+00
3.400417380136986356e+00
4.539398850293542509e+00
2.392620168786692592e+00
2.855858610567514777e+00
3.104153926125244656e+00
3.234741927592954980e+00
3.161700403620352429e+00
3.571696122798434292e+00
3.121376590019569353e+00
2.140342159980430647e+00
1.771213001467710324e+00
1.946657901174168259e+00
2.427065496575342429e+00
1.843084943737768988e+00
1.721907106164383583e+00
1.578652458414872894e+00
2.311422150195694858e+00
1.969934870352250567e+00
2.232922578277886316e+00
2.243968627690802187e+00
2.070595340019569353e+00
2.417043786692759433e+00
1.921737402152641883e+00
1.803173923679060708e+00
2.025493823385518422e+00
1.986675941780821963e+00
1.632904231898238745e+00
1.735093566536203502e+00
1.676996697651663482e+00
2.318118578767123239e+00
2.178540851272015466e+00
1.833353718199608684e+00
2.203897076810175992e+00
2.006474743150684859e+00
1.773804427592954980e+00
3.228504158512720323e+00
3.273078216731898138e+00
2.767322040117417004e+00
3.004441352739726234e+00
3.059725110078277854e+00
3.721196183953033199e+00
3.438195633561643927e+00
3.616423067514677125e+00
3.116866438356164171e+00
2.706343260763209191e+00
3.246827605185909960e+00
2.943256176614481578e+00
4.066261007827788987e+00
4.001987524461839918e+00
3.467580418297456113e+00
3.191627935420743523e+00
3.462022994129158704e+00
3.600025990704501133e+00
3.980957986790606640e+00
3.110773911448140971e+00
3.684534001956947247e+00
5.199570388943248744e+00
3.788649706457925426e+00
3.961296783268101862e+00
5.267031555772994089e+00
3.993991560665361984e+00
4.116690618884540243e+00
4.906250000000000000e+00
3.674038343933463846e+00
5.613999816536203724e+00
4.664146587573385183e+00
3.647573691291585263e+00
4.021365887964774899e+00
5.038611484833659837e+00
4.724605552837573441e+00
4.324058219178081863e+00
3.904484160958904049e+00
4.767130931996086396e+00
4.700755259295498867e+00
4.610628669275929958e+00
5.482035836594912226e+00
3.337626895792563442e+00
2.573301431017612551e+00
2.626207803326810364e+00
3.217809748043052753e+00
3.070985200587084130e+00
3.405019263698630283e+00
2.986049107142857206e+00
4.758003608121330608e+00
4.262934197651663482e+00
2.958636558219178259e+00
3.145456213307240567e+00
4.028849681996086396e+00
4.277940007338552064e+00
3.536440496575342429e+00
3.066398605675146882e+00
3.015464469178082307e+00
4.656853901663405182e+00
2.812805772994129150e+00
3.822842771526418826e+00
4.003225905088062753e+00
2.759929977984344251e+00
3.716326749021526599e+00
3.688914200097847207e+00
3.804060665362035021e+00
3.752201565557729879e+00
3.487516817514677125e+00
2.907664200097847207e+00
3.157259050880626194e+00
3.241216670743639838e+00
2.976822407045009999e+00
3.882590814579256477e+00
3.589736729452054576e+00
3.280669031311154615e+00
2.999434319960860851e+00
4.096264982876712146e+00
3.437415912426614373e+00
3.733213062622309231e+00
2.868250061154598907e+00
2.208957619863013644e+00
3.986010885518591174e+00
2.542892306751467490e+00
2.926989053326810364e+00
2.542311338062622106e+00
2.563226210861056842e+00
2.675834760273972712e+00
2.850331763698630283e+00
2.440037915851271944e+00
2.495191719667318786e+00
3.003417013209393360e+00
2.317797517123287854e+00
3.143912059686888583e+00
2.357976088551859029e+00
2.940381910469667126e+00
3.858786386986301498e+00
2.673082803326810364e+00
2.237126956947162348e+00
