9.772478609666392924e-01
9.426954692676549064e-01
9.028435503893149638e-01
9.037167823500467101e-01
9.490540658498445303e-01
9.413285852211783489e-01
9.071107233937055758e-01
9.083549258332461740e-01
8.733383661105911244e-01
9.109481383874646898e-01
8.494604305474939832e-01
9.286286282804400161e-01
9.848255559610383791e-01
9.527134611169993939e-01
9.016998994279483703e-01
8.947129174334473856e-01
8.539108202288290261e-01
8.660287922458566046e-01
9.557160487199083398e-01
9.022795432895184264e-01
9.139106580836664495e-01
9.108203490878343800e-01
8.523759415280415253e-01
9.049860658171895444e-01
8.983519422575387825e-01
8.962575392902214499e-01
9.396943488183520099e-01
9.060591434324375415e-01
9.132980175425855496e-01
8.691013035742052306e-01
8.813362640059358988e-01
9.106479326818800457e-01
9.259118823032894685e-01
9.022813025344768034e-01
9.159132065569690617e-01
9.373056957689722690e-01
9.793280531709059877e-01
9.377862073031765222e-01
9.374274161543412198e-01
9.431870055626612181e-01
9.185602007810586001e-01
9.647546067031951278e-01
9.111906980831779856e-01
9.275495615180133768e-01
9.640367964561874503e-01
9.863388438954048265e-01
9.797107318445025248e-01
9.785396396741390390e-01
9.730654583207350994e-01
9.764278808503794593e-01
9.544129547045065998e-01
9.093976215445080946e-01
8.660806801472109573e-01
9.481131271702316621e-01
9.636936775737477978e-01
9.621085047068818064e-01
9.710884672089209468e-01
9.779617948414995876e-01
9.730495848447187068e-01
9.748119017005215659e-01
9.496812631849593789e-01
9.065385168009886252e-01
9.671969202414163469e-01
9.536574942574858049e-01
9.178511807074984929e-01
9.832625036565993959e-01
9.660611084517463087e-01
9.658134135002151011e-01
9.280745020374192578e-01
9.624494659685829401e-01
9.679493273955138699e-01
9.857540624093100723e-01
9.237017193181911168e-01
9.437996731533596639e-01
9.467853201475209257e-01
9.428241398954393393e-01
9.314877690555565248e-01
9.051147455878162384e-01
9.505764592520277168e-01
9.621431693565648535e-01
9.367206524893652020e-01
9.545840015243320931e-01
9.686889407922782969e-01
9.315463793058811337e-01
9.462164415522267280e-01
9.731482026891853376e-01
9.534816493500921641e-01
9.402869984713657647e-01
9.535412389070264672e-01
9.649800994352668582e-01
9.542422868485437304e-01
9.637593444939475118e-01
9.541519935801943131e-01
9.577874043601377618e-01
9.519172088016452093e-01
9.681558111625695462e-01
9.457021656758908268e-01
9.687693197756819252e-01
9.665497429180784916e-01
9.505537794007664631e-01
9.724364760142056863e-01
9.428775903112442958e-01
9.378888878067961343e-01
9.682302308607786401e-01
9.611747555205097937e-01
9.227504941978641462e-01
9.763108268251748934e-01
9.310887878389637606e-01
9.358416976605983262e-01
9.685576902762000895e-01
9.823853125107472328e-01
9.353839795310718852e-01
8.998354675557422855e-01
9.093605311696977278e-01
9.622433833438202022e-01
9.128383026086923646e-01
9.452928483584863706e-01
9.333320855018125695e-01
9.144441447511530985e-01
9.669673238891256517e-01
9.104656473845655906e-01
9.125464580756147415e-01
9.743005125857276960e-01
9.736900201541101030e-01
8.444036964037158199e-01
9.700996372928329947e-01
9.428466373711729132e-01
9.317869018391897740e-01
9.766931989602624098e-01
9.470248706646922088e-01
9.503797461877283581e-01
9.184270016096760525e-01
9.428784919007121568e-01
9.014927237964747153e-01
9.015899055484181135e-01
8.878904543850888453e-01
8.869920985984345307e-01
9.525962322134824412e-01
9.534357272141154027e-01
9.084447981444085940e-01
9.055391313995370117e-01
9.810996203774899893e-01
9.129974186976785866e-01
8.957018390950641784e-01
9.033082252663310330e-01
9.240459034761097090e-01
8.580579078035481810e-01
8.950379475818521779e-01
8.618201923747594861e-01
8.968189172599000392e-01
9.082350501445932700e-01
8.437763023757087755e-01
8.151427920880220945e-01
8.565988102792895242e-01
8.510274058560489685e-01
8.319795396714571023e-01
9.828392414234736751e-01
8.741093960423627074e-01
9.218518720694562907e-01
9.646861233860999363e-01
8.626651019192554948e-01
8.521339174067152911e-01
9.574652112009340854e-01
9.054494500082681530e-01
9.003770514655028423e-01
9.068091105991896717e-01
8.966097638391012925e-01
9.089873156365215756e-01
9.029404455919822770e-01
9.092434767727983758e-01
7.604521878816916658e-01
8.722691389411993956e-01
9.067452213157666252e-01
9.234728244108543205e-01
9.319874857754102404e-01
9.731921362752253835e-01
8.623497504550563519e-01
9.372515953311666426e-01
9.534040855861574126e-01
8.937036078771967151e-01
9.608596649299794290e-01
8.958877321571043773e-01
9.617419911761645457e-01
8.613327706375089043e-01
8.021739380277532749e-01
9.236842322770889568e-01
9.451160052176146298e-01
8.886438904033218122e-01
9.683551334457234372e-01
9.428410143323457948e-01
8.923567424371906531e-01
9.495384520024993114e-01
8.401693464933812638e-01
8.237229075389069788e-01
9.528207101806847046e-01
8.853553916810521507e-01
9.023572106635447954e-01
8.771473426900038284e-01
9.633932809859753199e-01
8.786146805401551241e-01
8.779678491433721144e-01
7.626280196545434098e-01
8.922490758897865248e-01
8.729453412177047289e-01
9.273648066495929765e-01
8.911762875823849850e-01
9.290542906630823161e-01
9.193423522752386390e-01
9.367772635610756016e-01
8.774807146798884183e-01
8.514117310702247199e-01
8.888709055380101809e-01
8.529980161150719775e-01
9.046158151204792830e-01
8.554216871943394196e-01
9.009227379399534774e-01
7.780849610056284060e-01
7.704445293023212127e-01
8.166980613033238967e-01
9.034798440990470247e-01
9.690263951129900466e-01
9.556369562577224919e-01
9.768024423563237413e-01
9.711057727349978741e-01
9.847483143839401709e-01
9.468028473194811667e-01
8.978765584962236090e-01
9.233784636679422952e-01
9.316693116448089285e-01
9.500981191104622692e-01
9.582137322119850253e-01
9.087329397764996042e-01
9.623464826020744489e-01
9.197916586203166434e-01
9.051280204448861610e-01
9.060933955383537741e-01
8.826458336507045921e-01
9.635839066489280125e-01
9.552750684560866734e-01
9.288610280886098192e-01
9.084178151661096434e-01
9.599638472136414746e-01
9.231581380586165730e-01
9.318024466525053340e-01
9.634279154361076181e-01
9.472635738722383625e-01
8.548183762752795678e-01
9.505436687239522398e-01
9.415451815906832334e-01
9.112228385439837819e-01
8.920518810881816751e-01
9.663992014430620170e-01
8.823667266661694430e-01
9.182528087662180649e-01
9.115355991302038774e-01
8.825676375559166065e-01
8.283851746657068249e-01
9.279516261565705637e-01
8.658290949540454751e-01
9.151457927746442511e-01
9.351463968729443188e-01
9.189849992003895629e-01
8.909824980848272125e-01
8.911103683811243403e-01
9.326500421324021017e-01
9.127163794444594913e-01
9.353928653961716133e-01
8.879160193336143037e-01
9.571586760673339578e-01
8.040230786849281719e-01
8.939198204068967701e-01
9.048072401165832002e-01
8.861223258483656995e-01
7.968833477756065431e-01
9.146251336486594941e-01
9.421007466549176090e-01
8.091269898133433003e-01
9.441965146666633224e-01
8.428690007050033683e-01
8.455511166947657919e-01
8.772755619788370485e-01
9.304696327441259740e-01
9.129265750786839106e-01
9.277941824898112699e-01
8.520561358711336020e-01
8.901155994562595097e-01
8.508969971135966759e-01
8.268589240987063160e-01
8.708699500733195764e-01
8.715568606754345859e-01
9.069786869725450229e-01
8.723232326786150015e-01
9.344740044352979336e-01
7.900616371811807204e-01
8.801406915267698805e-01
8.910362776808756768e-01
8.803963692978663547e-01
8.958573346686516947e-01
8.820311275216234925e-01
9.052197686284342293e-01
9.369881085324496262e-01
9.283173411993848045e-01
9.402764239305085869e-01
9.300925437148068742e-01
9.140569526997806005e-01
9.118965094926850812e-01
9.093190560637347541e-01
9.111935554294788853e-01
9.504242126806591306e-01
9.540653767045869094e-01
9.227556459572512360e-01
9.345854665968129638e-01
9.058595704363749945e-01
9.014227492908879480e-01
9.427693791516448263e-01
9.276230044875428682e-01
9.443038306760895839e-01
9.298349379839627726e-01
9.154309034341798768e-01
9.069882567500942017e-01
9.388842990070664918e-01
9.534109012161177121e-01
9.204188487605459157e-01
9.513226016194111789e-01
9.037578018537846258e-01
8.890833308665171408e-01
9.203305317028624977e-01
9.616599163195428401e-01
9.361468508700057090e-01
9.279129575726683399e-01
9.265224218016251401e-01
9.656322450431932269e-01
9.336448329426672021e-01
8.975858218062789939e-01
9.200785920052874101e-01
9.434694544500348279e-01
8.834259439577460959e-01
9.381257518222403391e-01
9.100830782678734909e-01
8.844134796262849152e-01
9.052374595302471461e-01
8.974415411852828539e-01
9.475442413458038393e-01
9.537475042743639442e-01
9.002345949228446331e-01
9.068773090699575601e-01
9.073180726932223994e-01
9.228248132427778749e-01
9.370851805132183188e-01
9.293373183958709705e-01
9.420905380708404220e-01
9.283188451961906784e-01
9.646192180496384605e-01
9.369981413643073687e-01
9.332874256432607263e-01
9.189983894640809670e-01
9.039717269729415916e-01
9.348435292916991157e-01
9.490359969944333063e-01
9.275546235656418892e-01
9.246490185426197161e-01
9.173801507284392587e-01
9.531156358369765602e-01
9.090478411587489260e-01
9.571145881651389464e-01
9.485638820585711173e-01
9.585514181633894015e-01
9.537902519233412146e-01
9.044854300287002991e-01
9.023228355275650925e-01
9.092077984595301476e-01
9.322616071545963834e-01
9.425823743248307185e-01
9.519205265523058568e-01
8.599573756991689688e-01
8.928048252976193977e-01
8.978394871439681069e-01
9.185742718536629159e-01
9.062857404847961540e-01
9.284148368666053086e-01
9.268618869020642803e-01
8.955599918213179578e-01
9.110574654297656227e-01
8.001123452785035006e-01
9.476834181108957367e-01
9.147294035343915830e-01
9.039969410788587512e-01
8.995845915786542246e-01
9.261039473659307131e-01
9.253860287968662668e-01
9.301573239180165320e-01
9.133915044040640252e-01
9.256409417381925575e-01
8.667288908549801718e-01
9.258508885451591786e-01
8.759629878495216460e-01
8.817911216306988376e-01
9.167369060011634208e-01
9.338384083704598382e-01
9.128487719470207429e-01
8.794633968199581098e-01
9.021193852635518429e-01
9.105713624017104380e-01
9.333041356073363826e-01
9.173517333765018877e-01
9.207806682176387092e-01
9.212132572913211970e-01
9.506537035427605753e-01
9.110321148618788500e-01
9.312919159436361394e-01
9.325614130766300969e-01
8.552910889174687448e-01
8.511858994039672721e-01
9.379119417055250540e-01
9.056349729002357574e-01
9.266437371889886254e-01
9.245961447771580133e-01
8.702862520058372020e-01
9.104299169555845062e-01
9.470425419632935160e-01
9.038679381708056848e-01
9.143866137896644597e-01
8.767108609409768327e-01
9.256083311685274762e-01
9.183415793667204507e-01
8.557911370062910583e-01
9.460335313268537494e-01
9.610610884869785764e-01
8.971611482989199082e-01
9.380573938498505404e-01
9.429687675943367875e-01
9.191717653505504515e-01
9.197393238646720537e-01
9.151899147362985154e-01
9.599465097925374835e-01
9.059752462474142121e-01
9.038959994339565984e-01
9.329145797273710183e-01
9.216144992924160118e-01
9.427660951353152852e-01
9.432270783917012791e-01
8.807559676958729433e-01
9.436189503357430564e-01
8.560986792726579253e-01
9.084008336514867166e-01
9.380631443180691420e-01
9.232668039621231282e-01
8.498527393160277832e-01
9.009023965254363553e-01
9.107103120751144365e-01
9.311623733369251976e-01
8.900435575945153666e-01
9.195947735191027927e-01
9.191819241320017264e-01
9.333189115810210934e-01
9.482685114766720158e-01
9.096380758962737678e-01
9.339300212165279058e-01
9.429776199671037196e-01
9.516041418488510040e-01
9.339106081846655361e-01
9.592652280176916513e-01
9.661173041748188917e-01
9.574517145514349625e-01
9.598159857679230411e-01
9.604267634315830637e-01
9.100615241959467694e-01
9.307994168250152134e-01
8.921389977852989261e-01
9.205764958100272066e-01
9.588942411997823934e-01
9.212324004871355054e-01
9.458418600494289397e-01
9.526691065848164053e-01
9.347428449095676051e-01
9.648633479834031190e-01
9.389182765917478690e-01
9.336168807707815320e-01
9.612224297158924458e-01
9.413860245712749597e-01
9.120662128559638981e-01
9.233197835824167310e-01
9.428801513805646906e-01
9.156485601063979463e-01
9.176605335074455860e-01
9.266358860346473048e-01
9.633831900852141139e-01
9.701963874913850372e-01
9.133551547465386111e-01
9.545804562104607260e-01
9.582628054338504509e-01
9.215769472243188210e-01
9.301900682801599318e-01
9.549371947571170249e-01
9.141515431743292286e-01
8.914314494859039151e-01
9.150785001301033894e-01
9.449805776930504386e-01
9.360059270626515104e-01
9.322209029266688152e-01
8.946617602142434844e-01
8.674675479249087662e-01
9.693159282100894947e-01
9.273038262783592778e-01
8.725237024669710850e-01
9.271346975152638947e-01
9.114730366124628169e-01
8.768862664053949096e-01
9.036836211956134068e-01
9.378501336566460456e-01
8.941743091013787392e-01
8.946066084996848744e-01
9.558571648781406527e-01
9.639656083157297495e-01
9.453011213016635494e-01
9.729060104252278407e-01
7.784207664163786955e-01
8.645198255434871637e-01
7.993178501845090711e-01
8.791504985367610825e-01
7.767180205399923931e-01
8.910737212417128017e-01
8.490226299948953059e-01
9.330341966627511141e-01
8.050216325883599033e-01
8.702277228863997127e-01
9.377594495329619750e-01
8.566861819184121707e-01
8.851161953715588337e-01
9.406034489267819376e-01
9.215214583510581425e-01
9.486454283055868464e-01
9.133773666232600785e-01
8.830561480141370101e-01
9.054970280775087588e-01
8.994652515493524181e-01
9.658765233645190129e-01
9.237559975564906267e-01
8.628733854230659084e-01
8.768325775801335542e-01
7.587885404578643689e-01
9.112914813379602297e-01
7.594919772898729438e-01
8.957631595738595465e-01
9.611618011222956559e-01
9.187412689483549499e-01
9.194671709251782676e-01
8.563919189344602056e-01
8.867214094121191881e-01
8.851585606723633148e-01
8.354931764114266191e-01
8.871941469807370639e-01
8.430144497381946156e-01
8.456405939922594373e-01
8.774546754042080732e-01
8.861932952880993142e-01
8.160556920057859820e-01
8.828234494037761060e-01
8.292625679783338644e-01
8.929858333926794511e-01
8.737301023668415656e-01
8.650493743880705022e-01
8.587056522131083502e-01
8.593968401388424327e-01
8.897505059538008965e-01
8.607733199972943394e-01
8.738729328676995145e-01
8.939914554638135336e-01
8.714083217817613081e-01
9.383771694579344791e-01
9.389796431040207114e-01
9.309356766964178576e-01
9.163738050383617439e-01
9.560477880018127816e-01
9.577268497241608891e-01
9.577643424842258169e-01
9.108368527127779224e-01
9.143282251753863665e-01
9.269816133969295269e-01
9.204285389294513120e-01
9.066943123187997111e-01
9.138453701312592159e-01
9.070718879472907670e-01
9.269825973793563989e-01
9.288132033788374375e-01
9.589157962077168307e-01
9.051478361796500005e-01
9.086830128077836299e-01
9.281965736904158604e-01
9.287760795341466480e-01
8.997304098369247605e-01
9.593116011562226042e-01
9.401835792711912276e-01
9.692838355637112269e-01
9.400690179293691440e-01
9.407341859138009799e-01
9.574678022142637523e-01
9.530826938987877472e-01
9.444453775394849870e-01
9.576580448353372299e-01
9.605875415966587116e-01
9.436582344286390533e-01
9.504643035513040683e-01
9.652898927514389493e-01
9.703295314230203639e-01
9.701861941605862683e-01
9.702855903907068313e-01
9.075700460799254188e-01
9.632429349126392371e-01
9.623324742896185446e-01
9.665477952531046357e-01
9.537151377623220849e-01
9.678342716865201423e-01
9.032846515358500250e-01
9.054131954492705692e-01
8.876158026860903050e-01
8.995434344309436447e-01
8.817995414722310521e-01
9.276292824579488450e-01
9.137101551998748628e-01
9.228870511871418714e-01
9.190179539716460955e-01
9.474312308276990890e-01
9.162081843887392996e-01
9.473646327784641663e-01
9.226805724846700585e-01
9.276922797990521108e-01
9.500381724868991462e-01
9.361181698780109972e-01
9.481335517061093565e-01
9.346332825403230737e-01
9.720618757594976511e-01
9.371117251866943887e-01
9.546478493917898156e-01
9.651723348647913703e-01
9.467524071195430047e-01
9.280681744027580171e-01
9.244775928192580094e-01
9.363243010349420192e-01
9.500335355744533583e-01
9.460470761634356407e-01
9.517008606989392216e-01
9.471396495520578718e-01
9.325388317208286315e-01
9.344225929387717233e-01
9.250844195683565196e-01
9.246040405019047004e-01
9.424664152140929119e-01
9.249208778843697187e-01
9.187369289764362179e-01
9.204616333567303688e-01
9.565782952605215161e-01
9.413519208583447373e-01
9.301544595069397570e-01
9.224778834800246852e-01
9.093456834535240674e-01
9.094685292421580414e-01
9.312281047036869985e-01
9.279672770382941804e-01
9.145758482471659789e-01
9.172877345726352383e-01
9.391834898749036320e-01
9.352155207254402303e-01
9.382935540197228086e-01
8.280055620235073910e-01
8.948864238018636730e-01
8.534186226647395568e-01
8.051863630164330932e-01
9.350698495383152897e-01
8.640984965014572028e-01
8.379228520816980330e-01
9.286151833117269883e-01
8.675055362525698754e-01
9.342020847126927263e-01
8.648138567203469407e-01
8.664362831878915649e-01
8.402525169221444212e-01
7.979159815161974700e-01
9.119520556421660817e-01
8.334212072644350267e-01
8.291825307253600785e-01
9.098921723824728858e-01
8.717339074980601232e-01
9.062328031453060762e-01
8.935254008737152365e-01
8.801231995226399540e-01
8.888650699049644999e-01
7.001177778248297567e-01
9.276717886912375644e-01
8.835755058353613745e-01
8.606920734366521053e-01
8.992073883182047922e-01
8.866614274039209542e-01
9.198410050984351383e-01
8.705444550499221723e-01
8.943411417943936126e-01
9.085533132839236359e-01
9.332215984763713168e-01
9.406105724162789894e-01
9.476871153079052812e-01
8.834807779248650128e-01
9.092371341195613077e-01
9.335845602288348477e-01
8.893099238681732022e-01
8.776431443202845628e-01
9.117735914044236001e-01
8.925581183215222092e-01
9.069894083746080637e-01
9.462479302037782869e-01
9.211812515628685638e-01
8.965557657801483948e-01
9.672941727767724318e-01
9.135672062137906169e-01
8.746508257770382322e-01
9.095800391491578596e-01
9.365958668488154615e-01
9.892633819070241197e-01
8.661311079327338458e-01
9.210065844666733836e-01
9.769347550481608522e-01
9.664031451597547839e-01
9.812458111308655084e-01
9.503234486464038344e-01
9.524286811989570722e-01
9.355592379555526250e-01
9.237277427142707165e-01
9.333669818852876610e-01
8.916638243275463171e-01
8.930857822188777995e-01
9.378445925964637997e-01
9.298972466726658226e-01
9.207926586112462619e-01
9.577479992793744845e-01
9.380210529239398909e-01
9.333437007870896140e-01
9.402937410325593603e-01
9.389225318952131305e-01
9.515443485142245361e-01
9.415107159416336025e-01
9.301478598671588660e-01
9.326240403177656901e-01
7.883500293791831925e-01
8.628201127412896687e-01
8.393000593560377975e-01
6.729921888242410555e-01
7.045646916431546058e-01
8.450039044992816439e-01
9.093847924036853048e-01
7.443019577352083527e-01
7.598596173332478054e-01
8.446612856941518865e-01
7.201588233425950669e-01
8.309164844317094012e-01
8.336076821055937724e-01
8.439284522110828135e-01
8.042693796390406602e-01
8.473010746213625044e-01
8.443409782166725330e-01
7.804760525545679783e-01
8.626084705182959222e-01
7.931353295830559924e-01
8.549720122306389003e-01
8.340323336360776496e-01
8.324108896734547791e-01
8.124256527366178204e-01
7.874939155535699564e-01
7.482866570050484833e-01
7.410987616285081847e-01
7.280794635655374325e-01
6.874464463396385838e-01
7.413514699095439253e-01
7.867015083823307720e-01
7.080969694875089981e-01
7.702533383339313922e-01
7.198058514917548001e-01
7.404511486416892607e-01
7.658122966138359855e-01
7.524588176451502131e-01
7.677183292455717067e-01
7.748814554992800030e-01
7.409735414608566995e-01
7.274011308971475298e-01
6.699428342722251184e-01
7.527065444037426278e-01
6.638292883705159131e-01
6.820092022572075141e-01
6.969042305102137735e-01
8.299212053333103745e-01
7.391631607382933566e-01
6.768826235711545847e-01
8.078717897194941377e-01
7.412411479500944367e-01
7.833643697146841500e-01
9.338797771397171488e-01
9.441267254259053665e-01
9.210699482997335430e-01
9.454729786508550005e-01
9.283326154393028995e-01
9.032735728848583223e-01
9.160934904431761172e-01
8.766625796925358038e-01
9.105924902674702448e-01
8.023656380760455509e-01
9.044723124599202135e-01
8.971958416627289212e-01
9.217661372005403475e-01
8.825468816133059669e-01
9.273191228547126297e-01
8.882061573011096334e-01
9.058822330907762010e-01
8.779687935760238648e-01
8.876486575623405706e-01
9.241248786886622213e-01
9.150154051170895642e-01
8.903449096901654425e-01
9.013955838395706355e-01
9.199106660013102177e-01
9.127479979927410891e-01
8.778724227833900606e-01
8.631516854751414280e-01
9.117639085323039350e-01
8.893917660169439188e-01
9.473142973314165882e-01
9.413580891061812395e-01
8.919307025836653580e-01
9.439982672552504894e-01
9.082696020158405048e-01
9.096223643112704149e-01
8.816805500249051963e-01
9.157679375715708225e-01
8.950712187922085228e-01
9.093820526672116156e-01
9.123633545041269777e-01
8.697032269992740483e-01
9.510897622491982784e-01
9.266124377949527258e-01
9.431425877411989678e-01
9.601833866539881690e-01
9.218304675317056107e-01
9.466029330413250342e-01
9.229853310340760952e-01
9.074485067032833641e-01
9.176805678405508537e-01
9.517822754046554312e-01
8.971837723998254965e-01
9.151671704418705700e-01
9.544740911140541240e-01
9.213657813762718973e-01
9.070980979539993161e-01
9.546552809895900715e-01
9.042281762192840855e-01
9.117792673628759559e-01
9.224913358495923088e-01
9.230618004122852494e-01
9.130127327134854864e-01
9.337526491206527002e-01
9.340002889530851782e-01
9.328355678617445967e-01
9.253361803910558070e-01
9.408409713700329746e-01
9.218421165703205578e-01
9.167704294682683663e-01
9.168839783173126090e-01
9.722433945274533418e-01
8.953779795659991825e-01
9.001261214887181783e-01
8.986834816166696660e-01
9.501105991222251745e-01
9.359671439753213251e-01
9.336128092522990585e-01
9.229628814960526562e-01
8.923158179972920934e-01
8.974980943046459991e-01
9.355057851235817346e-01
8.819338900459129382e-01
8.841009126461336631e-01
9.164508617036536409e-01
9.051097094951087163e-01
8.463877379078459384e-01
9.047650845556378663e-01
8.745836053146266442e-01
8.753899073563954358e-01
8.765196210849881542e-01
9.439213605623630876e-01
8.829436419790270829e-01
9.186223064780079106e-01
8.718814362608685586e-01
9.079600106474360333e-01
9.244287520161087457e-01
8.661687266871125335e-01
