3.225816626972757145e-02
4.432724897960978877e-02
5.336624112913358753e-02
3.401905624813794660e-03
5.173649254820510829e-02
3.192417879593614782e-02
8.073056720381423246e-02
5.124206772110515701e-02
1.919091062106324796e-02
4.785757233935079846e-02
4.802480010467000994e-03
9.299721998976222259e-02
1.655258641056445504e-02
2.541247574415793960e-03
1.250907381128747164e-01
1.000110884001384828e-02
4.030226406801626360e-02
3.409109365519077950e-02
5.881550965125978414e-02
1.171702091025017198e-02
2.306256906443344759e-05
3.154778798232512477e-02
4.513008306498411670e-02
5.524156345915990501e-02
5.511088246889191827e-02
