5.027297436048517448e-02
5.914376268295210709e-02
6.309938138642962047e-02
7.532991191404918990e-03
5.693845290192346698e-02
5.568313907168479654e-02
8.071126862794679446e-02
6.550105175576627359e-02
3.585231714661803876e-02
5.364344832748697833e-02
1.481263636553013623e-02
7.529473483730170225e-02
2.238356001800785589e-02
6.466565037596087341e-03
7.239357607228014135e-02
2.730073350522417910e-02
5.158569516958833728e-02
4.060012341574931877e-02
7.487368289870152682e-02
2.780494364756509740e-02
1.241957352878959311e-04
5.648576423607199609e-02
4.808344129917790227e-02
6.200636947667778620e-02
7.320542112983591254e-02
