2.786001677480199820e-02
1.794102442865878888e-02
6.148686186047052325e-03
2.721198810546904268e-02
1.178822420454078528e-02
1.925879511603940594e-02
3.990573545038284334e-03
2.328288094329863597e-02
2.585000606095369871e-02
4.562249296303754961e-03
7.717517310526202318e-04
4.474717327602110994e-02
7.609282534882880374e-03
1.598331604400709052e-02
1.328538914319806093e-02
3.482821474432942245e-03
9.155931300363327058e-03
1.636491461733110761e-02
2.809153367774425841e-02
4.312446304949906634e-02
