2.110836684803295837e-01
4.604439233523605068e-02
2.149827668568294117e-02
2.636987270765513980e-01
4.796457366832739683e-02
1.535378549078915411e-01
2.207732853931226522e-02
1.121594698678409635e-01
1.841451406668276891e-01
3.087103549901123664e-02
1.898605310015612571e-02
5.689156687798467837e-01
2.630053245629214442e-02
1.445983029017117172e-01
6.668235547985648659e-02
1.996549686164759627e-02
3.632762609396915365e-02
9.106048310281947278e-02
1.996666151855698845e-01
2.878224384803618197e-01
