5.291945301769614141e-02
4.312086967963812273e-02
4.907797440653797333e-02
7.161996694716118994e-02
5.971531437946542981e-02
7.379270346170270500e-02
8.051725472909885759e-03
4.209916227333693889e-02
7.578507116620278490e-03
8.103285687037727059e-03
2.782232771103682403e-02
1.198136984168016589e-01
3.954306237644242272e-02
6.800233867829283407e-02
5.289348030020553371e-02
3.313082678025264238e-02
2.330692650608538058e-02
5.738090812568641397e-02
7.452938768418340687e-02
8.749808097890648950e-02
