5.298174324664760293e-02
4.598240189688879848e-02
6.361434030464048484e-02
5.826118214327390132e-02
6.891219623141607575e-02
6.540076459118075725e-02
1.422647463817593161e-02
5.086214062080263165e-02
1.324165748895232697e-02
1.356555360956521010e-02
4.346859803913091791e-02
8.025427750794644766e-02
4.325114305833595990e-02
5.335742422852622624e-02
7.098357501944907444e-02
4.578304854120661405e-02
3.408395369652574697e-02
5.385073696153151734e-02
7.428642432844913268e-02
8.045142571637999007e-02
