9.837110723214001484e-02
8.747589750277100229e-02
1.080781027776838571e-02
1.345736177248783860e-01
3.252753054529892995e-02
1.121403418750912262e-01
1.317078895141912502e-02
2.776856237116902965e-02
9.965950850394064697e-02
8.188250753225420620e-02
5.200224957831723477e-02
5.121532179683811747e-02
2.411331263909866074e-02
2.263299884649301597e-02
6.109367357933715749e-03
2.612808290482162080e-02
1.203937096922696667e-02
3.826062110391238724e-02
3.743441321999387006e-02
3.168658906663350538e-02
