1.230908433475602082e-01
1.580630273926731111e-01
2.228843407144006847e-02
2.368485727878206770e-01
6.740270125101846532e-02
9.116640839078655745e-01
2.032148094731038579e-02
7.838158747206616650e-02
2.160692975590469134e-01
9.763256137980917682e-02
5.787903528835267042e-02
1.029005818775146908e-01
2.752751343897620953e-02
4.402211522656242215e-02
2.025513607890157969e-02
6.434065770437875920e-02
1.367396274818285032e-02
1.066026030829550220e-01
4.351905974106266839e-02
5.384920737021106629e-02
