3.021419952459283506e-02
2.936227071056691368e-02
2.895818482926700889e-03
3.809918938467894700e-02
9.944965273923219232e-03
5.697607811430817348e-02
4.625040778532043921e-03
8.975364481113140211e-03
3.200037662785910203e-02
2.386712711301103643e-02
1.596868860646123364e-02
1.909574080444755365e-02
8.658251938338849818e-03
7.313348785407070007e-03
3.000947273129285584e-03
9.364053172612669604e-03
4.472577954782430351e-03
1.776002977282449199e-02
1.235766908580893109e-02
1.182494216613074432e-02
