1.589774445964037622e-02
7.152870357142260271e-02
2.059803043553004240e-02
5.897597893051281098e-02
7.259701618773081733e-02
6.728145248210702645e-02
3.115226245994396834e-02
9.048365629117754994e-02
7.305343564085627073e-02
1.107098792463322330e-02
2.224046899160227533e-03
1.095993083657243045e-01
5.499147414290057184e-02
2.543551416001631205e-02
3.879090387194149975e-02
6.272057111452021376e-03
2.021883881153896043e-02
3.621347885615650714e-02
9.081845881564103162e-02
1.027966505819137288e-01
