0.000000000000000000e+00 1.107903453085255091e-01 0.000000000000000000e+00 2.283970447438386439e-02 6.445154110497555364e-03 1.710292602531752193e-01 3.054901955604799341e-03 5.066886547174286395e-03 1.547063284683155293e-01 0.000000000000000000e+00 0.000000000000000000e+00 6.179487825465249107e-03 5.903613716300823433e-02 0.000000000000000000e+00 3.194255510879815546e-02 0.000000000000000000e+00 0.000000000000000000e+00 1.332752821125403608e-01 1.474641861268187470e-01 1.481697705456926362e-01
1.989398925526590992e-02 0.000000000000000000e+00 0.000000000000000000e+00 2.067617372409778498e-01 1.530376422428989247e-01 1.681086201603664287e-01 0.000000000000000000e+00 1.430175147627221754e-01 0.000000000000000000e+00 0.000000000000000000e+00 0.000000000000000000e+00 0.000000000000000000e+00 0.000000000000000000e+00 0.000000000000000000e+00 0.000000000000000000e+00 0.000000000000000000e+00 1.051306206483010042e-01 9.958970824726263125e-04 6.867241192683695705e-02 1.343815666801582154e-01
0.000000000000000000e+00 1.682920225630219965e-02 1.315554481749385204e-02 1.742016959032494927e-01 1.567809084475093317e-01 7.986202864622267417e-03 0.000000000000000000e+00 1.867999952950754943e-03 1.467678815149772546e-02 0.000000000000000000e+00 2.660405376067005376e-02 1.003980120372903739e-01 1.972301231773060728e-02 2.237563910285436941e-01 3.577760190965097176e-02 0.000000000000000000e+00 0.000000000000000000e+00 0.000000000000000000e+00 3.093858651081736466e-02 1.773040000416712114e-01
2.475916874376502940e-03 6.983370088582140089e-02 0.000000000000000000e+00 9.069875685635304940e-02 0.000000000000000000e+00 1.365305063891341930e-01 0.000000000000000000e+00 9.552855157159974298e-02 1.711890946508977940e-01 0.000000000000000000e+00 1.575087810517247777e-02 8.247871949419048609e-02 6.009846839545183311e-02 0.000000000000000000e+00 8.111927759461337595e-02 8.593077400351460671e-02 0.000000000000000000e+00 0.000000000000000000e+00 4.027965670729573983e-02 6.808569847157865118e-02
0.000000000000000000e+00 4.880008754878062405e-02 0.000000000000000000e+00 2.296273413920954520e-02 1.639370019350175067e-01 2.079913216338837544e-03 1.252826091184004384e-02 1.917807763594560691e-02 0.000000000000000000e+00 0.000000000000000000e+00 1.215066511603316891e-02 4.437911509651206593e-02 2.066345893651730381e-02 7.250389790433175996e-02 7.183473739468602959e-02 1.517202159179874624e-02 0.000000000000000000e+00 1.667349408422986456e-01 1.539924482799222005e-01 1.730826394507679056e-01
0.000000000000000000e+00 1.008514020776744707e-01 7.983086240768275457e-03 1.126718313825341572e-01 2.541710680137602291e-02 1.537321665923395975e-01 0.000000000000000000e+00 2.274322605814087586e-02 5.685582261840243373e-02 0.000000000000000000e+00 0.000000000000000000e+00 1.096885765813504221e-01 1.750356635990450993e-01 7.411171047348018293e-02 0.000000000000000000e+00 1.212284646072997324e-01 0.000000000000000000e+00 1.391652557335149379e-02 0.000000000000000000e+00 2.576441739423711991e-02
2.612319488734752421e-02 4.729980733521911562e-02 0.000000000000000000e+00 6.811380464598121298e-02 2.840330773867848560e-02 2.292016403118778411e-01 0.000000000000000000e+00 1.143862792457296107e-01 2.975551050385861346e-02 0.000000000000000000e+00 0.000000000000000000e+00 3.095515408780626174e-03 2.196815103740377972e-02 6.498798467284802594e-02 2.491326912470714309e-03 6.571799601579396410e-02 1.246553413088111462e-01 0.000000000000000000e+00 1.599899346858595639e-01 1.381020528933992082e-02
4.778214782245708558e-02 1.393146590588358047e-01 0.000000000000000000e+00 1.719501075957222125e-02 1.422388512666835358e-01 1.408848070793494722e-01 1.166737399700586587e-03 0.000000000000000000e+00 2.042412882949919128e-02 0.000000000000000000e+00 0.000000000000000000e+00 7.078688594117646393e-02 0.000000000000000000e+00 3.320668114167532603e-02 0.000000000000000000e+00 0.000000000000000000e+00 1.520381425662421793e-01 3.001045383454390911e-02 2.049514943002642142e-01 0.000000000000000000e+00
0.000000000000000000e+00 1.901500278591731347e-02 0.000000000000000000e+00 4.678825635873509747e-02 1.555203235461504463e-01 1.728983253432558598e-01 5.657617187589442445e-03 0.000000000000000000e+00 8.706560459688819642e-02 3.771841165136501431e-03 0.000000000000000000e+00 0.000000000000000000e+00 6.335873043700106233e-02 2.584892323430158789e-02 0.000000000000000000e+00 5.654074229486588665e-02 1.531189465445960685e-01 4.667937746975192245e-03 1.554573975791018192e-01 5.029035117948574274e-02
2.784866247956851223e-03 1.386439574564850841e-01 1.178494554108103351e-03 1.114996067731619314e-02 1.860099341151375263e-01 1.752981595938315484e-01 3.401527941966026730e-02 3.048180559218014590e-02 1.096358572491296784e-01 0.000000000000000000e+00 0.000000000000000000e+00 4.552054729754451828e-02 7.256593743393070783e-02 3.436501913086893734e-02 1.407213227178630843e-01 1.130622400794133869e-02 0.000000000000000000e+00 0.000000000000000000e+00 6.322634506046025983e-03 0.000000000000000000e+00
