1.547230032804746379e-02
4.839019414703868427e-02
4.340293368274365272e-03
6.519448663916571629e-02
7.197144793993967560e-02
6.964953557717235011e-02
1.018992487273239281e-02
5.081488561441108165e-02
6.006437951123073243e-02
1.131552349540950299e-03
8.980080679545946951e-03
4.076904686134290301e-02
4.905368231547369007e-02
6.326976645077736494e-02
4.539632782547806111e-02
4.157879015975039783e-02
6.673530048785593360e-02
5.870079324547040206e-02
7.130783207297365645e-02
6.846591713315341998e-02
