2.315681694190059592e-02
7.603612863930131471e-02
1.738083344297326402e-02
7.573209603681617386e-02
9.075396567280712146e-02
7.392584718103577257e-02
2.186838262043288780e-02
3.397200200221757449e-02
9.956930937407140747e-02
1.200446554266371146e-02
7.576345497122208804e-03
7.998935407702234546e-02
5.090969104552791474e-02
5.224653999228306284e-02
5.968810583447809598e-02
2.049450286614964978e-02
2.857176274370280128e-02
3.413014539267025804e-02
6.528786090639425443e-02
7.670584419042966728e-02
