2.580718909427829472e-02
3.499471104716827402e-02
6.562530838883047501e-02
5.087685138070731361e-02
6.195943233312992821e-02
1.958991413626888847e-02
8.169523249898753836e-02
7.890707491089513081e-02
4.147636653608995777e-02
5.272563807248346890e-02
7.611542718766081163e-03
7.641869718436072878e-02
1.443409574681572653e-02
5.625237909670538928e-04
7.683282865706143883e-02
1.706799650418478961e-02
4.878979038065466706e-02
3.203044235549392521e-02
5.105844024850967472e-02
2.224740086903425479e-02
6.469679706124399285e-03
5.905104118305700561e-02
4.939626806757022731e-02
6.962700531078601374e-02
8.167266900264055773e-02
