4.114038974264776216e-02
5.632070164794431705e-02
3.369717754192039227e-02
9.510493303210684757e-02
6.903880339326352866e-02
6.652037020639460507e-02
3.211208109861828086e-02
6.345244350510703679e-02
6.475870325659893734e-02
2.476566166976767319e-02
1.423225989854372785e-02
8.575264364930156036e-02
6.112096309266434879e-02
2.993150041902743752e-02
5.831447122455357679e-02
1.981796070915777322e-02
4.782347905703088903e-02
5.101304968930713696e-02
8.051601784861689426e-02
7.805790509811641464e-02
