2.749585791529379417e-02
9.648609414187407640e-02
1.648680857815476922e-02
8.908970501813494314e-02
8.330386061453577684e-02
9.083644698775109050e-02
1.541841736281766156e-02
5.506630266813726526e-02
3.788372724620267529e-02
1.920555406612682592e-02
8.367820503938581608e-03
8.075997916186164471e-02
4.704460589160461281e-02
1.491351385690239256e-02
4.529624908905757752e-02
1.111863372867054160e-02
3.149290123268300851e-02
4.379528094396471782e-02
8.975810261710590043e-02
9.618013837518220310e-02
