2.383563545780410797e-02
9.539277097848994358e-02
1.422980697531803750e-02
1.065036703905412330e-01
6.023621191534093977e-02
7.811285041091063641e-02
1.642585461784290546e-02
5.758926326388915523e-02
6.700005034151344796e-02
1.379938776680896505e-02
5.061098593138759448e-03
7.559461724706724450e-02
4.902297066428680516e-02
3.318768018601239017e-02
4.714350621299654570e-02
3.228416992911712496e-02
5.095285402790285939e-02
2.307669252187697154e-02
7.293797266788683287e-02
7.761293583125511431e-02
