3.683119324111252396e-02
5.406757739668732743e-02
2.402262125389964184e-02
8.450970252197291532e-02
5.585582273776074080e-02
7.283450165460410297e-02
2.555311383447499834e-02
5.720409487769111123e-02
7.607196008399538800e-02
2.979201296155527257e-02
9.631453787416017695e-03
6.356386694153483286e-02
6.171869880034133032e-02
5.142833922230049398e-02
5.439320910070011283e-02
4.352984260910182368e-02
6.860906521751185261e-02
4.177879158245143693e-02
7.684898062760214810e-02
6.908643781300942421e-02
