3.186019957367768746e-02
8.684350795881308482e-02
2.110791493542484021e-02
7.328715578068471792e-02
7.541152917360585684e-02
1.036647496034667632e-01
1.925009812537595635e-02
6.403426753008578665e-02
5.926307858954916324e-02
5.165421568252063361e-03
3.356767785375528151e-03
6.002254172979918506e-02
5.246187030648159083e-02
4.181073453977240256e-02
3.705746971008944818e-02
2.633478469390574880e-02
5.223804711443007232e-02
2.495585460831045363e-02
7.374781635577420946e-02
8.812619031712527751e-02
