9.292406208510047005e-02
2.257635159098758670e-02
9.931885186628713891e-03
1.334373625811927366e-01
3.892782763472555502e-02
9.230507887959187030e-02
3.814690121915526640e-03
5.505258116796390988e-02
9.682523242220334239e-03
1.044840983448155902e-02
6.448207927358137748e-02
1.198601654202068600e-01
1.308887774555856677e-02
1.789166149208704093e-02
8.715619925861566031e-02
1.590370211506352688e-02
1.030976771619090612e-02
2.601934409700367226e-02
8.159365008127483776e-02
9.459378047560931813e-02
