1.679570353972793806e-01
2.058938463823889800e-02
2.004733533327331119e-02
3.781191107764764192e-01
7.656355407686418757e-02
2.624958229876780402e-01
1.605042971543496969e-02
2.993738561972696458e-02
2.161582126288319472e-02
4.249636045908677245e-02
1.439458823129237675e-01
6.039833899454770672e-01
2.045102883057062226e-02
2.167944931128880023e-02
8.334281380101865588e-02
5.300540323992595365e-02
1.631964321297386944e-02
3.025969842412989594e-02
8.158289076045351085e-02
1.601098329252094721e-01
