2.422834593786404173e-02
6.884704719073579497e-03
4.489866281184708673e-03
3.156473611123142980e-02
1.428666851119214654e-02
2.358270574323923646e-02
1.300766492505123564e-03
1.287352098772855634e-02
3.463273842646773324e-03
3.080290321407022375e-03
2.356373181093767907e-02
5.622901793842949997e-02
5.064583198476029120e-03
5.744468246511784913e-03
2.208041233763027508e-02
6.819352394613571733e-03
3.525629670375296683e-03
8.443117085968456295e-03
2.006663386950922889e-02
2.968008284945652248e-02
