1.865215833814230784e-02
7.793319604989304428e-02
9.511149371765208888e-03
5.913234636041898862e-02
8.172835598005369351e-02
1.127956621658975644e-01
5.696389511194457911e-02
3.972172456331812124e-02
6.930952988321500974e-02
9.814845473249244473e-03
4.581899775166629191e-03
1.151267890278230288e-01
4.932856064052505013e-02
1.756062270920628540e-02
5.964817876986369671e-02
1.410669538249493225e-02
2.391930845918904466e-02
3.548273466775005158e-02
5.990421227183732877e-02
8.477813499824631005e-02
