2.920484470024940077e-02
4.998986922900878344e-02
1.910298736606245995e-02
6.182933598909062800e-02
7.648057189441370696e-02
7.818984649975226076e-02
5.858847146152941499e-02
4.344809808103283072e-02
6.852000626736828859e-02
2.628504145513490750e-02
1.274278783894571519e-02
7.946247715532449296e-02
5.856135325219171545e-02
3.096590080566622924e-02
6.382779503316310388e-02
2.531201501551050281e-02
4.019377031524552085e-02
4.589991265673924042e-02
5.901111520473122790e-02
5.791758301142440474e-02
