3.855155410274335726e-02
5.308500022687082792e-02
1.589082675901080932e-02
7.552558653718927095e-02
7.193745657421468653e-02
6.698448999063867648e-02
3.192794676260795467e-02
6.234694762332813889e-02
6.118406288602677018e-02
2.886555193164481656e-02
1.283009348328030541e-02
6.825075220119113106e-02
6.100694341077714938e-02
4.292346652806691004e-02
6.235972887543114740e-02
1.697671400842614212e-02
5.858832399352909698e-02
5.613852067163803417e-02
8.139424939826846173e-02
7.981885108549449659e-02
