2.937605878567645795e-02
2.001052399985044083e-02
5.723332667439675475e-02
1.499340658691616750e-02
5.337871922446396633e-02
1.766485083767388095e-02
9.113129153008175942e-02
9.758775653472452627e-02
9.488235823821598858e-03
4.988071814624388950e-02
2.736790625362662058e-03
3.072520391586058136e-02
5.625563988650712603e-03
1.169862945291185417e-03
6.607221902983276274e-02
9.742643088754741887e-03
5.876380269636000825e-02
5.359162530339787317e-02
4.102990155378319348e-02
1.470605559187704997e-02
1.140899555977307675e-02
4.937635001394515694e-02
3.838472072599716928e-02
8.951427535019446102e-02
8.640710146706995221e-02
