3.807289824164501041e-02
3.625260816827861887e-02
6.543573479226456879e-02
2.412239143668008790e-02
5.243199167382876780e-02
4.693133395123660900e-02
7.182892081653625971e-02
7.671732478146811585e-02
2.291046754423719384e-02
4.633819110065028057e-02
4.960142011888795353e-03
5.922908373052306052e-02
3.112268053004628096e-02
1.651593861359047788e-02
7.724000240832239184e-02
3.351188071085877546e-02
5.840650916603393195e-02
5.303821555700706514e-02
6.094571410519473292e-02
2.198637992208711534e-02
2.616377958134675358e-02
5.535113342672331321e-02
4.841455053767009659e-02
7.813253332024271136e-02
7.621715643465944157e-02
