3.072879648141525061e-02
9.323024844195540450e-02
1.131077021109812633e-02
6.317582816788336331e-02
7.143333525365126724e-02
9.144531307968024880e-02
3.183285980508478163e-02
5.442891421535119012e-02
8.524061952194876557e-02
1.668084707252864146e-02
4.880137088909340497e-03
5.520507301537901784e-02
5.922293256707408804e-02
3.541703212169825671e-02
5.596428923472068773e-02
1.849060210168688642e-02
3.333333661417686722e-02
3.469773468554050722e-02
7.879391059092860639e-02
7.448741972928882293e-02
