3.719650483161362348e-02
4.702914621373242843e-02
5.757627839127919811e-02
1.593858061246725133e-02
9.339147741073654252e-02
8.301484202054242728e-03
9.034506027640089310e-02
9.231820316590548525e-02
1.823172693173089748e-02
2.994290301314185901e-02
3.224783148128069002e-03
6.134319478788790442e-02
7.547381226890932833e-03
5.025733378346598952e-03
6.738669261178027725e-02
1.605822491814117361e-02
5.529474811914790455e-02
3.860977892761197072e-02
3.629727449115231069e-02
2.547818807258825022e-02
9.430103096579633623e-03
2.387117165380476386e-02
3.881750739676809170e-02
5.183293416654314451e-02
6.951091895556665845e-02
