5.292795693032551624e-02
5.817311354691726694e-02
3.166903319399466676e-02
6.401940641157109757e-02
7.302105339931326544e-02
6.614056347796065660e-02
2.857843818117411505e-02
6.011609523485548362e-02
5.590704212074169149e-02
1.397733502895387621e-02
1.760320007324863920e-02
7.049164389696881139e-02
7.685682362508305943e-02
3.524224169886900487e-02
5.501424216101574727e-02
3.055717748418960295e-02
6.601181896852371944e-02
5.009450078048437172e-02
7.381331332966675762e-02
8.058030388081992290e-02
