3.032446982586245801e-02
3.439044238954111488e-02
5.323628946256923899e-02
3.040394051741860185e-02
4.342504614405881536e-02
1.883186503590101105e-02
7.179302452432537174e-02
6.514278493956848770e-02
2.850904429571290283e-02
3.043871529425849071e-02
8.821875306384161983e-05
4.321418389421670392e-02
1.811109977254080419e-02
8.570677144343490789e-03
6.456774271708227986e-02
3.242722563094037336e-02
6.249703773630595205e-02
4.989916872629938244e-02
5.341241177637719856e-02
2.477075497149659397e-02
5.635427151311492300e-02
6.780827914349971119e-02
6.529026046058047927e-02
7.182972244815287455e-02
8.248867132815668191e-02
