4.406277422974531205e-02
4.681890335677203058e-02
4.072050634617919301e-02
5.480048079097023239e-02
5.389080207122565191e-02
7.169943069266186686e-02
1.265304950050329114e-02
5.458189182066185835e-02
1.216468918332653214e-02
1.636246425329105497e-02
4.278656989022737445e-02
6.685388723340739137e-02
2.460164888307514799e-02
5.872641392756652173e-02
6.360673026285985909e-02
2.037367095852965840e-02
3.547402235921826019e-02
5.485143100792929521e-02
8.478347895974734649e-02
7.290602550728392250e-02
