6.669512218445743101e-02
7.887315377101986047e-02
2.520437518593562562e-02
1.450118130134535055e-01
1.038111938592239103e-01
2.640179428429050845e-01
1.807160525746140389e-02
4.539995275809218661e-02
1.816501100489403484e-02
3.507551713607129362e-02
6.195475119100972428e-02
7.658347632199116184e-01
4.456947317702915357e-02
2.042478470109247435e-01
7.555038319546902859e-02
4.308093593345344030e-02
4.689805732301603053e-02
1.241937579670782527e-01
8.334495700321474521e-02
9.159239627278094320e-02
