1.336273581696042698e-02
2.490718151532402697e-02
7.958264011510580299e-03
1.612023059176790826e-02
1.726789696627963056e-02
2.461393421366572798e-02
2.233844883143462027e-03
1.440130282195442937e-02
2.568784571036657367e-03
3.671287929244705563e-03
1.083933870691365653e-02
5.368765229239453457e-02
7.719441813400528853e-03
2.937058611922799614e-02
1.950126206585075378e-02
6.941833485046856531e-03
1.181672948939739218e-02
2.323245335695210689e-02
3.030161923040331287e-02
2.501238680860048968e-02
