5.953435124468182266e-02
2.810362148653720513e-02
4.081617648153454403e-02
6.436073089189477126e-02
8.693619260380346103e-02
1.722170130223710238e-02
6.063132418346592334e-02
7.237437440010444090e-02
1.668788076294806452e-02
3.318344865113203451e-02
9.432067678733899521e-03
1.756953996824403563e-02
9.146832884816213927e-03
5.344739023599672650e-02
8.061792989353840089e-02
3.374395780391943600e-02
3.083738041981332056e-02
5.480550470160861637e-02
8.780747265396851575e-02
2.274938372090605510e-02
1.352917542734918474e-02
2.361381419843182339e-02
6.085899102208258693e-02
6.089905852854576168e-02
6.966583009088692102e-02
