8.513546270393751447e-02
2.073394639348751650e-02
3.438470921740401087e-02
6.783958941822416933e-02
6.907211892435961842e-02
9.462453069758378771e-03
6.062242328941912228e-02
7.716280900882992178e-02
9.309159120181318900e-03
1.470084870426205392e-02
5.924144515800586382e-03
9.072069332688306037e-03
4.673943542839334095e-03
4.493110030235642621e-02
1.312698604716137640e-01
1.607362821527917249e-02
1.815902488220794142e-02
4.968003305453864982e-02
7.102870034672305322e-02
1.690976228062282885e-02
6.476827237999256692e-03
1.385183705422918243e-02
5.150243900579877521e-02
4.749504850574283454e-02
6.452806140169628502e-02
