6.965066164734298737e-02
3.262118112614709881e-02
3.190806768549643568e-02
2.438253736353227508e-01
1.284891124619776948e-01
1.140705338029772142e-01
1.147431416354931233e-02
4.856425592694840754e-02
1.397084033489163699e-02
2.011549857504867436e-02
9.323837358013971344e-02
8.990813131788065737e-01
6.297308523733911867e-02
1.928945325122730370e-01
1.046816677845154031e-01
3.609737398802346370e-02
1.629719522974620860e-02
1.365316053326089130e-01
7.515651729751503252e-02
7.664035024524733231e-02
