1.281660856081098462e-02
1.302161935415019345e-02
1.007384040761839621e-02
2.152371643411051319e-02
1.626132572146200134e-02
1.701263939793695376e-02
1.021675348642615312e-03
1.343975421175907202e-02
2.527919291660753708e-03
3.244327100881559591e-03
1.891594471868970201e-02
5.921787681892923261e-02
1.367499937899128472e-02
3.110962574135316822e-02
2.014891715929889235e-02
1.309031786211805812e-02
4.159948488709730788e-03
2.079820304838993217e-02
2.355636933780341086e-02
2.292477185016320376e-02
