2.294986293718481382e-02
7.689465866089964519e-02
1.343098351994217142e-02
5.965577522882867939e-02
5.690125309301141687e-02
7.245230988761468260e-02
1.619491761548158548e-02
7.315849869916285497e-02
6.042336617465204895e-02
6.452999161216550587e-03
2.166988747939650219e-03
7.142451557507038806e-02
5.890875047594331532e-02
5.626709287961333128e-02
4.094594366743863761e-02
2.821193756590424997e-02
3.933001909103989863e-02
3.569233871440925798e-02
1.111801262911233240e-01
9.735766201352352711e-02
