4.804380928286224733e-02
5.289003926398528482e-02
6.184328890384372529e-02
3.041117893335587574e-02
6.182341581982721268e-02
5.283178610766696426e-02
5.353271387742581516e-02
5.179719603380886217e-02
2.248618144759350485e-02
5.770793592594919419e-02
1.168351716008754135e-02
8.781072896446276421e-02
3.191540344752907821e-02
4.113049532936364876e-03
9.926373328279652908e-02
2.466727230437223625e-02
6.741101240975921893e-02
4.379794289121445583e-02
7.393260700232137661e-02
1.609374714273808377e-02
1.467099100774763541e-02
5.721022663443992018e-02
5.568247022820133757e-02
7.738520679826925430e-02
5.583324849886223823e-02
