2.370568050995219139e-02
3.671431275070012601e-02
5.613421607722614975e-02
1.492585670000722009e-02
5.840683343041540299e-02
2.787632208304525669e-02
4.907177099364543743e-02
2.972732436635554948e-02
8.058094945821719576e-03
7.339702309143901482e-02
4.662166096586895306e-03
1.138211226480269900e-01
1.489464262644249991e-02
1.421398008673781677e-03
1.126377318631632818e-01
8.894980165458372945e-03
4.505610632951758537e-02
3.319780286411636722e-02
6.129948058521682286e-02
4.790023708500344354e-03
4.311524985631526655e-03
3.932684051829497818e-02
4.452083898789559180e-02
7.984008735526390566e-02
5.330781830860302495e-02
