3.179603616857715892e-02
1.913698015674157246e-02
3.836690375300299324e-03
2.776216743796299999e-02
2.103757046645999065e-02
2.080615421720591329e-02
1.235087250186595563e-03
2.060296319379591526e-02
2.619026476494065725e-02
6.296049220189991850e-03
5.815254456678996655e-04
5.661346965562492894e-02
8.498959637136713555e-03
5.800452923014471490e-03
1.521114399619497536e-02
2.103338905362290949e-03
8.943262291126042110e-03
1.931475438232958808e-02
2.284138078782577130e-02
2.326146485194173150e-02
