3.010327389332386194e-01
5.331113220338250941e-02
1.284791507215745504e-02
2.716063518536580013e-01
5.924858135721142172e-02
1.035867558613583345e-01
1.477213859029006746e-02
7.293272248259914659e-02
2.023657949965372849e-01
2.747029231310820635e-02
1.716634699682047585e-02
9.807511785350443434e-01
3.359885746975795062e-02
1.430576914223338249e-02
4.726693572541514760e-02
1.195446088359746438e-02
1.699638732314796494e-02
9.074089413922278857e-02
7.544728916950636799e-02
1.309753284712074362e-01
