5.216297162860505932e-02
4.746106152544972423e-02
6.727352967053232269e-02
4.521521159704359333e-02
5.393875782110124639e-02
1.281485877554067523e-02
7.191113825754254230e-02
6.738948829528786100e-02
2.591819549938114559e-02
5.574737576664050981e-02
2.723676482037171859e-03
6.489437059259592355e-02
2.718210357942385177e-02
9.179886636766361810e-03
5.979057761556895445e-02
2.836513008711911629e-02
4.535125861059639135e-02
3.884489484874657089e-02
5.861756009737622425e-02
1.139328211033265731e-02
4.193662419175249456e-02
6.839347586929342415e-02
6.273172590772269075e-02
7.178947864119422650e-02
7.597842529619590335e-02
