2.767952732098449831e-02
9.768923990006848912e-02
1.685910779055562955e-02
8.100319490309051962e-02
5.636601338376991122e-02
9.049450088679834858e-02
1.655088033503554490e-02
5.362436539428742932e-02
7.275487803683566845e-02
1.576398454100438190e-02
2.435681648555490433e-03
7.945613188929165349e-02
3.814038543621259963e-02
3.070347691528102843e-02
3.614730917928962034e-02
1.759466883676973070e-02
4.005288193905882921e-02
2.993842521109150306e-02
9.857675541900502714e-02
9.816859103301414646e-02
