4.407093961222036116e-02
3.504775039771834688e-02
3.378370931823174161e-02
4.368510463979888986e-02
6.301186230912728115e-02
3.212704023452531837e-02
4.956129380909258392e-02
4.440008457145825510e-02
2.028016819573040877e-02
2.748215966630688720e-02
1.069816727653657290e-02
2.696732506542893690e-02
1.972313104987785670e-02
5.413915777333528495e-02
7.834189606084893120e-02
4.705372405579080763e-02
2.904143944025599708e-02
5.106902227401383110e-02
6.560073885760085710e-02
2.395642182334698292e-02
1.448195852042413224e-02
2.976044470167731396e-02
5.350099567109029702e-02
6.720751983137089602e-02
5.689552483302018349e-02
