8.362520276835148578e-03
2.103173115579443780e-02
7.594583536935513648e-03
9.458004562219894662e-03
1.334883122829663878e-02
1.524361739289269331e-02
7.280143082094480723e-03
1.170250271213548431e-02
5.215344887043700875e-03
4.686049752243800527e-03
1.387550423544427550e-02
4.667349669316942645e-02
3.200487237260164330e-03
3.130858207103092566e-02
1.371274690765312762e-02
1.043817718004681934e-02
5.511497670435353685e-03
2.947740786983427813e-02
1.944372688170085267e-02
3.136899270953173724e-02
