5.962732728624411255e-02
9.956985307648674732e-02
3.105623190938481062e-02
8.369252317021641518e-02
8.780507522964951794e-02
1.986334769188691507e-01
5.788222026297412670e-02
6.623390485456362442e-02
4.167015782245474947e-02
3.833200431523525742e-02
9.457482504504614862e-02
6.449452848486013634e-01
3.261874896275685637e-02
2.973808841960346450e-01
5.342062130212107268e-02
4.986786472566114015e-02
2.254425475019650529e-02
2.433226490104671569e-01
9.571350554247270992e-02
9.266343747512234552e-02
