6.530971111448537203e-02
5.196109245578509062e-02
4.318361370267822380e-02
7.782274574975209247e-02
3.631559100278603652e-02
6.587745636073959188e-02
1.699260320775235547e-02
6.867498101297228597e-02
5.027967412465337432e-02
3.636187988968102996e-02
4.469058975561898336e-03
9.463519437066901518e-02
4.009326496340908513e-02
5.708759034043973946e-02
7.915850176579111719e-02
3.651321383288538142e-02
1.258386511859729308e-02
5.754879095324948873e-02
7.533504347760602848e-02
9.064212904923482639e-02
