1.691554496625394255e-02
7.543942867097690186e-02
3.816146661208506125e-02
6.362749437507536632e-02
1.043450951115431902e-01
1.404330077839225678e-02
2.085934674617158369e-02
3.532725411043540625e-02
5.134332942582456663e-03
5.556638465644393038e-02
4.302580416506077317e-03
2.815165709009488648e-02
1.494157676796815069e-02
4.570570396127500087e-03
1.766226444697777676e-01
3.017602897635040041e-02
1.177204776057469773e-02
3.071981231318808570e-02
5.868675830837107726e-02
4.800982357597633442e-03
8.554879318616164310e-03
1.009796754514273934e-02
3.834670682611240194e-02
6.353721741441782644e-02
8.529892106919451100e-02
