1.693365175682184087e-01
6.369480168567306921e-02
2.059847227709615120e-02
2.353068232778978974e-01
3.618482948037326369e-02
1.094875274960732947e-01
1.544406089428234166e-02
3.846103597932542389e-02
2.895118103212677985e-02
3.676195711040381592e-02
1.405031118826782083e-02
7.922991212984668019e-01
3.277980695568600417e-02
1.257768412425071813e-01
7.754651800608412804e-02
2.945720608988592476e-02
1.272580926694467235e-02
6.342004123436298380e-02
7.523201269304231886e-02
1.218297521276106854e-01
