2.853577783423650802e-02
1.727747795631606048e-02
7.224513644923802845e-03
2.468796608746220630e-02
7.383345265365974346e-03
1.538969348866035119e-02
1.516040213322923961e-03
1.596198050068238852e-02
7.903412734082820856e-03
4.444923747290575704e-03
5.264936731935709316e-04
5.951837656708974106e-02
8.196091605873784269e-03
1.796548182133707663e-02
1.918506572357660950e-02
6.757206830046941747e-03
1.875213304668380074e-03
1.378224773380991829e-02
2.532838958629803072e-02
3.044906807784881000e-02
