1.776248881740569510e-02
7.161560577660971982e-02
1.276294071254890916e-02
9.735396567169118942e-02
7.188822925947505049e-02
8.551856371077860841e-02
4.972993274614509462e-02
7.770951111070617534e-02
8.653989567333483790e-02
1.025569932290056399e-02
1.869648500613869165e-03
1.001091457044056970e-01
3.875986306037706303e-02
1.386669006747997743e-02
3.792852741379937331e-02
1.170435247924216625e-02
1.415438916431341863e-02
4.145377894526360019e-02
8.253032993860077993e-02
7.648644192430821553e-02
