2.547971513419046430e-02
2.401780278386748263e-02
5.930866094584329173e-02
2.681933336572779603e-02
5.117770680571780140e-02
3.277573574299900983e-02
1.023312721876892678e-01
5.937486958638871215e-02
4.842682787119791804e-02
5.555419443984817990e-02
3.157856100849902765e-03
5.766514237112229518e-02
1.095244551464005615e-02
5.368901691378119394e-03
7.516027786311442471e-02
4.335770584781357267e-02
6.971327105562784288e-02
5.335427694159312201e-02
5.664669289711272288e-02
3.922882064623892800e-02
2.288919480696282108e-02
4.483752495964972440e-02
7.517680824429048836e-02
6.674740842661730511e-02
7.009679498761482719e-02
