2.634744102791024972e-02
2.996443125364785590e-02
1.565339324497266307e-03
1.891450493093380786e-02
7.191921177125786685e-03
4.217953110394290911e-02
1.160565631575154882e-02
2.169143696877203625e-02
3.255200945984705607e-02
1.938802816197158357e-02
6.740760906031140025e-03
1.596471004099935670e-02
8.141320647859265000e-03
1.557569184366347503e-02
6.019938780651206724e-03
6.699731468078931086e-03
4.376820719110968705e-03
1.779943395567313777e-02
5.336232090882519173e-03
9.609193216240229096e-03
