6.525174347199506897e-02
7.588377364286295890e-02
1.368325368298015446e-02
1.385385762678290889e-01
5.069403456812952152e-02
8.297460816922820337e-01
7.991310062523029889e-02
2.221492882985924289e-01
3.165947605890765404e-01
1.442461425047575352e-01
3.633750612980079370e-02
9.419471239720754452e-02
3.123066900524496328e-02
7.638334327227823406e-02
3.170813435711290762e-02
7.781521566950937163e-02
3.418702858247373022e-02
1.160275411927527561e-01
2.131945453547065550e-02
3.957586580135480370e-02
