4.141956630904499587e-02
2.183093300271437068e-02
6.225251883960769561e-02
9.226915723315404563e-03
5.359921637169363234e-02
1.360213037111067912e-02
6.215052594485518528e-02
5.577029653965948769e-02
1.739924450791448252e-02
3.891282363342478401e-02
3.513878479451557242e-03
5.077083711507832109e-02
1.719872115641260177e-02
1.122684234786974246e-02
6.774822332193788932e-02
2.361416438009948660e-02
5.919189970024042735e-02
3.651290809091731898e-02
4.338044370460641952e-02
2.603310185485711165e-02
2.495116740957175824e-02
4.614673745184152964e-02
2.026040177760285096e-02
7.707002350899733178e-02
5.343938120662133223e-02
