3.864920343846623557e-02
2.718475630349350899e-02
5.348760814439391942e-02
3.250875189866277853e-02
5.573033835251703372e-02
1.671907918621261951e-02
6.594195192137534967e-02
4.796885807476222729e-02
4.566849001166329441e-02
5.524829574061047854e-02
1.286237281537029771e-02
8.571905326632608957e-02
2.414871192999944183e-02
9.084065065667955990e-03
8.785103724387847979e-02
3.223259693337218040e-02
6.336941140943597173e-02
3.801378117742447438e-02
5.695259354813975161e-02
3.205293270196152289e-02
1.207735634325540937e-02
4.219620406233801080e-02
6.637786310610267748e-02
6.490216023100850440e-02
5.087958371630398741e-02
