3.216049232184987894e-02
4.212829125443159212e-02
1.333880795051700652e-02
3.734019843753833001e-02
8.754880168669916529e-02
4.332083582426812796e-02
5.229447609265457791e-02
6.538650657853781190e-02
4.741036371762417934e-02
9.967516182810422232e-03
6.994104472839793481e-03
1.664177597972242850e-01
6.666061282641216890e-02
1.945474541031847610e-02
2.876246829098829880e-02
2.293876027371578863e-02
1.725465865722327491e-02
1.025196745398989084e-01
7.149933979749174828e-02
6.660158588695617998e-02
