1.008012912493223313e-02
9.996244179841119043e-03
4.051409375327449415e-03
1.266020479884475552e-02
2.617311907138557964e-02
1.712766222575620029e-02
1.409353476948280864e-02
2.286838391195385525e-02
1.636976876436850234e-02
3.731553480342210752e-03
2.286461379350636022e-03
5.980647823751178427e-02
2.150478043931395092e-02
6.463812197613404142e-03
1.138541064258937092e-02
6.366695353613133906e-03
6.487603826937480070e-03
4.592791134686249194e-02
2.269069956385237966e-02
2.450235975407482822e-02
