1.065480166152964203e-01
2.252993035324100946e-02
1.988791055543853367e-02
1.036242841299719192e-01
1.780231608327178805e-01
1.748221935464351617e-01
8.209823254438934625e-02
1.359953213772705782e-01
1.231355555476385394e-01
3.368345681297130884e-02
1.996990345425954036e-02
7.305452152569267277e-01
9.978113025179385920e-02
4.419928946543969644e-02
7.094241985438078102e-02
4.454100288437008726e-02
5.113097181758205489e-02
2.762669235951938362e-01
1.487631930789699852e-01
1.199473241838177329e-01
