4.962711097667919791e-02
3.703756597157838171e-02
3.531399730264064840e-02
7.177998547215952430e-02
4.451714795099063343e-02
5.545504460815506298e-02
2.554155840120430482e-02
7.970328361682492424e-02
6.216223328473162446e-02
3.850825053721362162e-02
2.710834884425655442e-02
7.778167414199065044e-02
3.497351570427403855e-02
9.210039940680156759e-03
4.808631361394966747e-02
3.450619082016968819e-02
6.577068872551210255e-03
8.074349993234959666e-02
6.967272732372095656e-02
4.131112884615238678e-02
