1.835714285714284922e-03
1.219285714285712682e-02
5.000000000001669911e-05
2.356428571428571470e-02
5.007142857142854106e-03
1.328571428571412262e-03
4.214285714285614828e-04
1.699999999999990364e-03
2.035000000000000003e-02
5.714285714285450169e-04
3.571428571429447190e-05
6.430714285714286826e-02
1.285714285714223415e-04
0.000000000000000000e+00
-7.142857142861114453e-06
2.214285714285724237e-04
-1.428571428572222891e-05
3.649999999999997864e-03
2.949999999999996896e-03
1.214285714285612245e-04
