2.618480547487238574e-01
4.243046752688904577e-02
3.656083176417845165e-02
2.376060950950515394e-01
5.768570017469946964e-02
1.775030055838295595e-01
2.241360684714649790e-02
1.251921895469933765e-01
1.356908644257801000e-01
9.278904785605497640e-02
3.081292109927650028e-02
5.333949981031771426e-01
3.304478515357233553e-02
2.320505989785725046e-02
5.976821346940907470e-02
2.163693886251191051e-02
1.507095452005578068e-02
2.320076688476585269e-01
1.089403154992469730e-01
2.849077921665229413e-02
