2.602093555224546662e-02
1.398745139867131788e-02
1.202749208373158837e-02
3.033972493957273406e-02
1.708388463887738212e-02
1.928991238615263004e-02
4.973570489152917898e-03
3.007160133294449478e-02
2.979178164845282598e-02
9.284571071475936424e-03
5.373351787412305666e-03
5.326404320309591212e-02
5.455379469355511705e-03
2.232827151102907259e-03
1.151321711151154226e-02
7.075697106827431165e-03
1.990849826151250539e-03
2.863113872143561653e-02
2.199618891413597857e-02
1.079741981401664656e-02
