2.403325991034043971e-02
6.234853053337532924e-02
1.714020789256496397e-02
8.123036223162773128e-02
9.229969460408252169e-02
7.539105375377631868e-02
5.149299416680666597e-02
5.983184581507190736e-02
6.976611914307760676e-02
1.319588490417777232e-02
5.194394725903469894e-03
8.684355441091623495e-02
4.940774808555471048e-02
2.581347435759469983e-02
4.292255357211988837e-02
1.849554513302198791e-02
2.838460859365302819e-02
5.244827472680427954e-02
6.266567289658317441e-02
8.109422054294729287e-02
