4.513079321403774130e-02
1.611523065476614183e-02
5.667580431910491240e-02
1.506352000927932942e-02
5.063055440097654486e-02
5.628259229702093497e-02
6.228631829385865293e-02
4.922534303297236569e-02
4.226745811693054938e-02
8.606747794335854740e-02
1.321606128599590521e-02
6.093216456786638979e-02
2.985255454892094679e-02
7.441820580158766546e-03
7.286618085320137328e-02
4.587824884274546711e-02
7.430576441153527445e-02
2.972928999397959904e-02
6.387113408582514862e-02
2.762391731682276377e-02
4.821225430457478853e-03
2.237574167225129043e-02
6.470506746622795013e-02
7.385109128712658011e-02
6.725159873013006329e-02
