3.142491768490425497e-02
1.153170255732676418e-02
5.151056604593014232e-02
6.038349672400934558e-03
4.456143056347421083e-02
3.082929199248126903e-02
6.842134084260921567e-02
3.097871422357706406e-02
3.009995229314576387e-02
9.741877541778710958e-02
4.972938921343624322e-03
7.473152923847099782e-02
1.378168216515754212e-02
4.091271544554579871e-03
1.522392154346831339e-01
2.708298889458142511e-02
4.827958087584603708e-02
1.886830536146815937e-02
5.001212793318141753e-02
1.560177395881066388e-02
1.726210612613643782e-03
1.184091347432893876e-02
6.105476561374760525e-02
6.970484959078557252e-02
4.319680508678992725e-02
