4.586092989574679091e-02
4.654161160311096751e-02
1.523195049441745420e-02
9.206212968280662323e-02
1.697018815102426248e-01
4.441252550437369689e-02
4.511964361794675027e-02
1.391446204241685580e-01
2.413849937593172124e-01
2.527540776616810092e-02
1.376636764571688779e-02
1.273504252705609741e+00
7.816007867772682693e-02
2.371829545110736362e-02
1.051605346583814743e-01
1.790421880468813509e-02
6.896011893636674883e-02
9.592079310029501260e-02
9.607969977774395709e-02
2.615262897855553104e-01
