6.625899320430726422e-03
1.809443473556581264e-02
6.219262079079900321e-03
1.399302281525869295e-02
1.532141085606666259e-02
9.814695918265755117e-03
1.111110559508973056e-02
2.432471603608863178e-02
2.813411339688580079e-02
8.667125225121181595e-03
6.692629255256577446e-04
6.988358267517333355e-02
1.464974153695278343e-02
4.840344740645002690e-03
1.624537188410764624e-02
2.451084897938752508e-03
1.101744599697880578e-02
1.862802409460714848e-02
2.004149501358547247e-02
3.781697561758165516e-02
