5.761053222119438127e-02
7.537988200958602170e-02
1.513725099797324884e-02
8.232058486490199944e-02
7.903755013961961950e-02
9.261098351225943714e-02
2.428525086253255708e-02
4.639818180812407822e-02
6.267033308778383049e-02
1.008262961912329697e-02
6.377674614098510601e-03
9.436773279334496889e-02
4.429954064859438490e-02
2.366349939580384559e-02
3.712300672403415908e-02
1.557519729705952351e-02
4.192133593898097338e-02
2.374635397252856939e-02
6.696625962347881045e-02
1.004262198689777619e-01
