5.212295848587744640e-02
3.957463044029599364e-02
1.806668056316503360e-02
1.770874457628236406e-02
6.588031820605914912e-02
9.092518775126246997e-03
6.087028843918443344e-02
6.490442754106809375e-02
6.387812518875585210e-02
5.082268981116284945e-02
1.969261042550441917e-02
7.111678684321894039e-02
1.061247418530745536e-02
7.095685572442378235e-03
8.888513692963027901e-02
1.204427248332940901e-04
5.712145003770629365e-02
2.254286920142584486e-02
4.223858808596054476e-02
3.048151923223512902e-02
5.515380559177994121e-03
6.479344299400179030e-02
5.978052181300171075e-02
7.903958234317341736e-02
7.414486983630232120e-02
