5.745583154970031192e-02
3.057924456258099069e-02
2.061443923233134343e-02
8.656038948709639247e-02
6.282371890594379282e-02
6.261380736200143626e-02
1.354359819294595133e-02
6.517774162947244376e-02
1.153299985415608547e-01
2.125972282889823303e-02
3.582793096393567956e-03
1.356446883907089229e-01
1.303003121820342156e-02
1.239521203670674102e-02
5.219460551926756453e-02
1.258234079986260759e-02
2.826672360590079189e-02
5.618596349001809404e-02
9.387788838110552869e-02
5.628126116930113471e-02
