1.975089925077504194e-02
1.036476824334719646e-02
5.290492599100783677e-03
2.382702775827165442e-02
1.891560422042030259e-02
1.647999732850429985e-02
4.174525483503337304e-03
2.782060842893383651e-02
3.635078317789453006e-02
7.026444041960588395e-03
1.069211201739728471e-03
4.952329616066845908e-02
4.098528650261139793e-03
3.857835175067562440e-03
1.375484405174612693e-02
3.875876027230210595e-03
8.478212220188175580e-03
1.598909871535312763e-02
2.780165442410745952e-02
1.734206082296190984e-02
