1.153949687558446097e-01
3.454884992542432004e-02
2.186155661220233470e-02
2.053066561847512739e-01
1.056898250141842382e-01
1.437307038001050530e-01
2.726258833253274866e-02
1.493020175979682118e-01
1.735241848056593705e-01
7.982251803528439549e-02
1.714286043419611938e-02
6.694831705894073171e-01
2.267543971493773611e-02
2.784507194760539248e-02
3.547947951098458230e-02
1.974836499936699283e-02
3.709137863031097132e-02
1.281074804130361011e-01
1.547653930259279553e-01
7.478529695330744798e-02
