3.895632891242323259e-02
9.060497936388829665e-02
2.191628616200363630e-02
6.773791012436732040e-02
7.621725383867344883e-02
9.993885177752062643e-02
1.717970374655935703e-02
4.362572808051198847e-02
6.334079759153783684e-02
1.136228308204971504e-02
1.253100013022759134e-03
5.407654742519512475e-02
3.501421648863668745e-02
2.595448344093818221e-02
5.235234153044664857e-02
7.442768585107558538e-03
5.204249105191664782e-02
4.985573230711852488e-02
7.091851776992549872e-02
1.202096787081569779e-01
