3.475725443261648562e-02
2.944935886921258919e-02
5.834475617915099027e-02
1.729561358924735365e-02
4.546888274198157553e-02
2.539498499678811624e-02
7.344397365856727977e-02
5.565937842814520919e-02
2.449979046096193575e-02
6.516116941869098955e-02
4.065614568425374858e-03
4.166296072197434031e-02
3.600327075423903622e-02
7.313127623707615065e-03
4.550912391829604886e-02
3.953822882358823398e-02
5.828651495859949599e-02
5.014342157375012432e-02
5.112949400594068300e-02
2.839712918432272734e-02
4.691728605865016360e-02
5.317438666373820039e-02
4.712461054417480671e-02
5.366686749430393810e-02
6.187277490786942391e-02
