9.698906296139733763e-02
1.014614432593530791e-01
1.033974774870345670e-02
1.011810835547083953e-01
7.735271342774080461e-02
9.762109776414014395e-02
3.758418776734884226e-02
3.689007173894995328e-02
1.166872474086953770e-01
3.923558960193115897e-02
5.336824104041890809e-02
7.269772436825895634e-02
1.148013154191037007e-02
2.167547654270869650e-02
1.342532175695767063e-02
1.556788041774102502e-02
5.195907008681090178e-03
4.673118678978422508e-02
2.621113315486654424e-02
1.830475214570402576e-02
