6.330944913927973039e-02
5.043866805442199369e-02
1.599363158787858383e-02
7.213008820503231944e-02
6.724554298027271559e-02
5.747836447373870505e-02
3.060849775689615873e-02
3.546582840579792784e-02
7.704844219282394602e-02
3.962191996488222123e-02
4.504628915404812473e-02
5.705483628325695722e-02
2.622247513852019735e-02
3.696742377588109474e-02
2.413622999131601055e-02
2.791240139346424370e-02
8.275455617242332904e-03
5.122034550912308443e-02
4.164771302982531176e-02
2.512447569067420214e-02
