1.309373046166492638e-01
1.718188232729701004e-01
2.035207922905866648e-02
2.273604482900341006e-01
1.537697916633698203e-01
7.214864387226695985e-01
4.528330986022100629e-02
7.218796562446203047e-02
2.069847253031468215e-01
4.431001742420948714e-02
6.337160812067633986e-02
3.088089203671444127e-01
1.757956300773804922e-02
1.708148330119812000e-02
1.592530702714109112e-02
1.780930666560166797e-02
1.188914308588411538e-02
6.518185764766321055e-02
2.046683773906829082e-02
2.491508916219196262e-02
