2.810199646014190783e-02
3.695233279172557145e-02
3.724357690786153727e-03
2.930338370765066258e-02
2.557135190674074063e-02
4.850502045227822467e-02
1.029648827839046987e-02
1.178034737275886201e-02
3.946061072929094027e-02
1.334287708720775269e-02
1.781793466713127438e-02
3.086859242975377449e-02
4.374807005070881737e-03
5.535667671384034497e-03
4.177724691525895422e-03
4.740986037168599780e-03
2.478523155507758851e-03
1.787682135989208249e-02
1.033567578271501683e-02
6.541452642532899833e-03
