2.781927677574184965e-02
5.263577166161872295e-02
4.063225842062187509e-02
4.070054791521989651e-02
4.301606763818920098e-02
2.928258464884324688e-02
3.720366860298348483e-02
5.904953898667766876e-02
6.641476457111102072e-02
4.110917014030562866e-02
1.342518552746303946e-02
8.392906610436304260e-02
4.619134017881445370e-02
2.306824159224631771e-02
5.281082153820866598e-02
3.881301375336760479e-02
5.376707538515541202e-02
4.665386004070600640e-02
7.095376880265133468e-02
6.976641274051420538e-02
