2.082720852318717744e-02
7.559133946605683940e-02
2.724628130986753508e-02
4.087988520013416394e-02
3.170641265543392567e-02
2.155421185815904750e-02
3.696163042078918354e-02
6.473710430394165327e-02
8.307949305506528992e-02
3.919904067659921859e-02
7.935495300566235838e-03
1.738662201719385625e-01
2.760650070298485345e-02
1.821103793491165093e-02
4.296459940684426576e-02
1.748321723185422907e-02
5.966671286619248255e-02
5.183427721763871759e-02
8.578726175572298773e-02
7.286206994211213983e-02
