0.000000000000000000e+00
4.665000000000000396e-02
0.000000000000000000e+00
1.571428571428668095e-04
6.428571428572782680e-05
3.571428571430557142e-05
0.000000000000000000e+00
0.000000000000000000e+00
1.237142857142857835e-02
0.000000000000000000e+00
0.000000000000000000e+00
1.552214285714285658e-01
0.000000000000000000e+00
0.000000000000000000e+00
8.571428571430006471e-05
0.000000000000000000e+00
5.000000000001669911e-05
8.714285714285563205e-04
9.164285714285725498e-03
5.142857142856893660e-04
