3.848383182566915417e-02
6.109367755347611118e-02
1.388111549833663354e-02
1.002864829599892510e-01
4.062608703433448487e-02
1.309556950461877034e-01
4.696740149687408938e-02
8.460267372813130848e-02
3.484813126873425038e-01
5.652672717883033826e-02
2.502204957331841118e-02
9.624132850746163204e-01
6.431562549569132259e-02
3.297998298861788691e-02
6.740934920462170188e-02
4.123125583101435593e-02
6.182125884832140317e-02
1.685281601926692518e-01
1.630641573455514082e-01
1.558299137073159146e-01
