2.721481071606912314e-02
3.456120725060810722e-02
6.235786908184127314e-02
3.866088433352478371e-02
6.080264553450428350e-02
2.677704031829420545e-02
6.171867110514439592e-02
6.575646310292443397e-02
2.487749000073609384e-02
3.386161523084527114e-02
1.099752034829673021e-02
6.271294603239251086e-02
2.005640848251800598e-02
8.331860667451451707e-03
6.670503099121766200e-02
3.273017224641165679e-02
6.650584657797349586e-02
4.976636178918987519e-02
5.179639425505803280e-02
2.481450958905616344e-02
2.333227694087502968e-02
6.051143240162513981e-02
5.282711933161617773e-02
6.658805670933388987e-02
6.362997115659653480e-02
