1.484662597821660192e-02
6.495629908949321352e-02
1.300551152668405486e-02
4.873427300249422861e-02
9.889782283959090703e-02
1.000101679367269430e-01
7.426060010172887138e-02
5.016393349568009502e-02
5.729459280717603270e-02
7.103165319116954909e-03
8.616002966227082061e-03
1.198938801585086866e-01
4.157913598479824613e-02
1.805339738006652567e-02
4.370912356921764774e-02
1.787793130918019502e-02
1.310118177514944110e-02
4.561060223699053839e-02
6.392238509952431758e-02
9.836336742342943751e-02
