4.428103076017297565e-03
1.992669176193911582e-02
4.302000302551687964e-03
1.422144656691756541e-02
3.897721741569411952e-02
3.218690675276385943e-02
2.506713834818437292e-02
1.693788494848847900e-02
1.744601102244364502e-02
2.063207060965543439e-03
2.952343556947502941e-03
4.817665039219079515e-02
1.582289995134032387e-02
6.622893318978939972e-03
1.642617537113300052e-02
6.768046075208088673e-03
3.730289438491020317e-03
1.609374387202323897e-02
1.963196068776580303e-02
4.396379663244343733e-02
