3.270015188098374798e-02
5.870387610299299813e-02
1.749507487060829314e-02
5.116606236538421421e-02
2.391577609720991759e-01
3.319291753722971583e-01
8.644708925249680598e-02
9.991724204299208545e-02
9.335648047371913893e-02
1.881307042235992946e-02
3.496323011539499703e-02
6.046405129400174161e-01
9.102309903933518409e-02
4.757742589161668284e-02
1.093245468584806285e-01
3.528010158964414028e-02
2.139628914128315074e-02
1.470823790888576288e-01
9.901277460832842714e-02
1.781886704482433803e-01
