3.254626506542052794e-02
2.975845071649881740e-02
5.295523110820404139e-02
2.330766216045857681e-02
6.212926280593451811e-02
2.798292523317831917e-02
6.985893032959150650e-02
5.638409670420706232e-02
1.416821175041404514e-02
4.098580576162641487e-02
3.732811110004985965e-03
4.639743180092430891e-02
2.688473655930151418e-02
4.476078646258962665e-03
5.840758183110316554e-02
2.701912773314077768e-02
4.802965050594927565e-02
4.052841890490301718e-02
5.624789958002998636e-02
3.027656878215195455e-02
2.066073316863819079e-02
4.760856680745508690e-02
4.482121297792363013e-02
7.300021206098400439e-02
6.297736855669526512e-02
