2.640263888878897902e-02
1.230484937481371721e-01
2.699608263163737545e-02
1.042399414033821081e-01
8.215947658859815150e-02
7.691217269893921293e-02
1.042827766339306760e-02
5.341043014248911952e-02
3.673782472561896301e-02
2.230467995871719331e-02
8.132017670149002111e-04
1.059245872669753313e-01
5.489212548247817541e-02
3.437617613844854564e-02
3.553134134251405979e-02
4.822653125626925191e-02
2.515226775629609418e-02
2.205083351678882933e-02
5.816016597396045373e-02
5.223275104955308473e-02
