0
1
2
3
4
5
6
7
8
9
10
11
12
13
14
15
16
17
18
19
20
21
22
23
24
25
26
27
28
29
30
31
32
33
34
35
38
39
40
42
43
44
50
51
52
53
54
57
59
60
62
64
67
68
71
78
81
82
84
85
86
89
90
92
93
94
95
96
97
98
103
104
106
109
112
114
116
117
119
122
123
125
128
129
130
134
135
137
138
139
140
141
142
143
144
145
146
147
148
149
150
156
157
158
159
160
162
163
164
165
166
167
168
169
172
176
177
179
180
183
184
185
186
188
189
190
192
193
198
199
200
202
206
207
208
211
212
213
215
216
219
228
233
234
235
238
243
244
245
248
251
252
253
255
257
258
260
261
262
263
264
266
267
268
270
272
275
277
278
280
281
282
285
287
288
291
293
294
295
296
298
300
301
302
303
304
311
314
315
316
319
320
321
323
324
325
326
329
332
333
335
338
339
340
342
346
347
348
354
355
356
357
358
359
360
361
364
365
370
371
372
374
376
377
380
382
387
393
399
400
401
402
404
405
406
411
414
415
416
417
420
421
422
424
425
428
429
430
431
433
434
437
438
443
444
445
446
447
449
450
457
459
465
470
472
473
474
475
476
477
478
479
484
485
487
488
489
491
492
493
495
496
497
498
499
500
502
503
504
507
509
513
514
516
517
518
520
521
522
523
524
527
528
536
539
540
542
543
544
547
548
549
550
551
552
553
554
555
556
557
558
559
560
561
562
563
564
565
566
567
568
569
570
571
572
573
574
575
576
577
578
579
580
581
582
583
584
585
586
587
588
589
590
591
592
593
594
595
596
597
598
599
600
601
602
603
604
605
606
607
608
609
610
611
612
613
614
615
616
617
618
619
620
621
622
623
624
625
626
627
628
629
630
631
632
633
634
635
636
637
638
639
640
641
642
643
644
645
646
647
648
649
650
651
652
653
654
655
656
657
658
659
660
661
662
668
671
673
674
677
678
679
681
684
685
686
688
692
696
697
699
700
701
702
703
705
706
710
713
714
715
716
721
725
726
727
728
731
732
733
734
738
739
740
741
742
743
744
745
746
747
748
749
750
751
752
753
754
755
756
757
758
759
760
761
762
763
764
765
766
767
768
769
770
771
772
773
774
775
776
777
778
779
780
781
782
783
784
785
786
787
788
789
790
791
792
797
798
801
802
803
804
805
806
808
810
811
813
814
815
816
825
826
827
828
829
830
832
836
838
839
841
844
846
847
849
850
856
859
860
861
864
865
866
868
869
870
875
876
879
880
881
882
883
884
887
888
889
