1.186200448936845439e-02
7.157491860632461678e-02
4.957314891891397013e-02
5.054801689286542860e-02
1.066216908019064630e-01
2.763667793899280897e-02
5.572010564696184415e-02
6.950144546440294169e-02
2.681326479238411997e-02
6.884581232589614963e-02
1.163004539522948314e-02
5.149349354709410742e-02
1.158613632320735359e-02
7.528303442786661581e-02
1.014276816667205317e-01
2.884846444120730755e-02
3.110503021150791067e-02
1.958916648433293994e-02
9.933392408343665048e-02
2.105031417216196576e-02
3.857537769517060261e-02
2.887831826877058222e-02
4.820924049861207566e-02
7.393068177292898280e-02
6.905970732209119889e-02
