3.587348004932195029e-03
6.156208848743507239e-02
3.729041879599806486e-02
2.976479775578502046e-02
1.019164397180747778e-01
9.977455361343775739e-03
4.704864458714608927e-02
6.003449658029300084e-02
1.480984248005319699e-02
5.298113216897930300e-02
3.876248326679586700e-03
3.892260859203795081e-02
5.902593396401621846e-03
6.898817627683531684e-02
1.342842269106119257e-01
1.331033076121175551e-02
1.356352605671559512e-02
6.912698246847421950e-03
9.541103808107789797e-02
6.578324735665803426e-03
2.448390580611408893e-02
8.422894836245000544e-03
3.351915915175783522e-02
5.876030297700978594e-02
6.809130190474797784e-02
