1.770646293025549337e-02
2.179783441424826967e-02
7.622244422507145831e-03
1.558015753222511887e-02
1.701485538987621352e-02
2.226152639122298132e-02
1.303807301259465434e-03
1.382563940916517811e-02
1.230072451681219446e-02
3.249428805631286027e-03
1.674388440461630975e-02
5.416004744619172528e-02
8.982473694829982980e-03
2.454508665148465597e-03
2.196959133479198245e-02
2.483285627988747381e-03
2.166380609630781055e-03
1.258960836734196800e-02
2.094887775587170320e-02
2.822962814261229664e-02
