1.013981423694013118e-01
7.992646452861955353e-02
4.395419277729132462e-02
1.103621718461574586e-01
1.225947156657751225e-01
2.321874175608287794e-01
2.175273633706271970e-02
3.772692036233635943e-02
6.715690930479051302e-02
4.930631186138814681e-02
1.226421519084532896e-01
8.717588931670006147e-01
6.050307828713956393e-02
1.791506464962228790e-02
9.774020230305685564e-02
2.226767483053512797e-02
2.054499218177634548e-02
5.130382078667006240e-02
7.517075509441641101e-02
1.285900552881782122e-01
