5.933609339206915440e-02
2.799275380119390505e-02
3.434213318530236064e-02
6.332699497405593070e-02
5.986280273763460585e-02
6.101540738992516227e-02
1.743782588516342574e-02
6.001051345949130755e-02
1.224815642889574424e-01
3.531505822962532209e-02
6.725519326673676940e-03
1.433072158663623863e-01
1.167595869549744279e-02
2.103179699921357490e-02
5.554459205742084960e-02
1.606703805099943955e-02
1.243998517359484572e-02
3.851909164652747575e-02
7.663665641346591173e-02
7.693099842682578349e-02
