5.253593928429740184e-02
6.096610145152221716e-02
4.367735260726474111e-02
1.226453510971101633e-02
5.962722596041070827e-02
3.943676275128651931e-02
5.220188258964733596e-02
5.138692433106285123e-02
2.788923579767592364e-02
7.823161062703747060e-02
1.883605256812467474e-02
8.053517387896409752e-02
3.409466342173143871e-02
1.404697589642555158e-02
8.326768872953950462e-02
1.059263385332847446e-02
2.901292268279740544e-02
2.556642183166997831e-02
6.489454917033872505e-02
1.185950609395462936e-02
1.041606651312531120e-02
2.147792939497315465e-02
3.802159928205204459e-02
6.140900518109530110e-02
5.865697359261957261e-02
