1.342959076842502875e-01
2.356986282755153123e-02
5.394405719397472876e-02
1.416220862432607253e-01
1.483232284096880627e-01
1.910549797676369677e-01
2.846750832497766531e-02
8.552952140639279166e-02
1.486208472721858020e-01
1.191324626160545352e-01
2.302258097638719067e-02
8.341639182818479936e-01
1.563995786930173770e-02
6.791519966543012321e-02
6.745034546333335268e-02
2.333506715919022451e-02
2.278227668846135451e-02
1.044688070237836247e-01
8.498682286012491927e-02
8.453574489393440861e-02
