6.623857779577820015e-02
6.934322763429090486e-02
6.289056155487948718e-02
8.727499138605609996e-02
8.097758270633731437e-02
7.706168356018350263e-02
5.355126914611066380e-02
7.450636087220034731e-02
7.923838618886648588e-02
1.995400555915330387e-02
3.517033485434739853e-03
6.344040426622275797e-02
3.417761825509661733e-02
5.084824708405063370e-02
3.791831265385470218e-02
1.240777130497586721e-02
3.082429884502069575e-02
6.920280837368383842e-02
6.080802439375918023e-02
6.524872485034276248e-02
