3.000000000000002448e-04
3.050714285714287849e-02
1.928571428571390688e-04
5.314285714285738385e-03
2.492857142857174239e-03
2.692857142857163488e-03
5.214285714285948675e-04
3.928571428571614671e-04
9.285714285717228123e-05
0.000000000000000000e+00
2.142857142858334421e-05
8.642857142857285563e-04
0.000000000000000000e+00
-3.571428571425006027e-05
2.285714285714335271e-04
8.571428571427786567e-05
5.714285714286670981e-05
2.857142857144445781e-05
5.357142857143060155e-04
2.921428571428619052e-03
