1.216391312582250916e-01
8.524540323395980723e-02
7.230582390129812465e-02
2.654499573290182157e-01
1.140618926510462428e-01
4.489055461298511185e-01
5.377965242712925281e-02
9.013277520461444869e-02
1.020589374781749048e-01
1.543280843050359903e-02
1.721335853120985193e-02
3.462541236027201763e-01
2.478139758874810250e-02
9.557809846996331848e-02
3.092844920654913565e-02
1.838587220760205809e-02
2.148799258215052313e-02
1.711474361288591040e-01
8.752655924672264609e-02
9.425556564276746374e-02
