1.721819435889913527e-02
3.036719715805245856e-02
1.418205609280709205e-02
4.294887845589153569e-02
3.258205955598202086e-02
3.984076358185384414e-02
1.239219631640160399e-02
1.697180668383573010e-02
2.012065259803743830e-02
2.299103549082263855e-03
5.454624223204326697e-04
2.523760273584958053e-02
5.489810539808011140e-03
1.080768013519878973e-02
5.967680428308035252e-03
2.113486240674169320e-03
5.116771070029882060e-03
1.916948213522340697e-02
1.589837367435448234e-02
2.152701470127899724e-02
