5.462294641239972062e-03
1.480161216755249490e-02
3.478524231595190707e-03
1.962017026066640094e-02
4.710581505016874643e-02
3.072618383716194806e-02
1.258312648931901243e-02
3.102753168608094261e-02
1.852373391274959868e-02
6.706261658728140430e-03
1.769071104719340502e-03
3.376126897319679104e-02
1.384626374421219983e-02
1.075181043534749817e-02
1.314657422430236082e-02
5.247520996190703155e-03
5.186707360436869189e-03
1.720775298444677387e-02
1.667483602682899926e-02
5.114912495032331030e-02
