3.596996611206948469e-02
4.080768220617454756e-02
1.883123220905913095e-02
1.733158524332492068e-01
3.183444226196545657e-01
3.606594545882035319e-01
5.763019930282871350e-02
1.839118238593283883e-01
9.184875908077418105e-02
3.502399129544143952e-02
1.703750467553223277e-02
4.082622620763540766e-01
6.535731379182911638e-02
1.053328522632344666e-01
7.135435840902611127e-02
1.795650704029747372e-02
1.884450727638333628e-02
1.183752733987440686e-01
8.122961437232825710e-02
2.047560384857926019e-01
