1.849130191218835428e-02
5.921344031809339103e-02
2.993515239853217214e-02
3.935195893228118913e-02
5.361665160728012330e-02
3.243110684495467688e-02
8.081951128742405344e-02
6.196140173539532725e-02
2.072478424813744766e-02
5.606688088154849342e-02
1.999433238548119565e-02
8.274563299336025468e-02
2.666126517367772147e-02
1.045749618382391284e-02
8.445125407766156111e-02
1.449364465794641087e-02
4.750577872093753040e-02
2.239626983490054443e-02
6.961521731655610778e-02
2.521971184708146976e-02
1.012161407458655495e-02
1.516922468402220198e-02
7.112251542655374792e-02
7.252625083302008391e-02
7.100654475085801942e-02
