5.825321430200142148e-02
4.763217495999268192e-02
3.210052624413366890e-02
7.614996804362521299e-02
3.601501048761610729e-02
7.927626571054137428e-02
9.032849152850646116e-03
6.431969347189547825e-02
1.011093991533325159e-01
2.025894822317798535e-02
2.172707959116213818e-03
1.547059959835010157e-01
1.790825553535352332e-02
1.034096339599067417e-02
5.291431632052486650e-02
2.358939582931604030e-03
5.424599128132011512e-03
7.054619443537288315e-02
9.935808198065827768e-02
6.012189592925175352e-02
