1.474768849361573347e-02
1.318610626480979688e-02
1.160334630302034715e-02
2.931159116985994004e-02
9.393218156636894481e-03
1.998415693443144833e-02
2.610356342314742832e-03
2.088829838316563076e-02
3.089932803165823180e-02
6.482229443579915797e-03
5.771618926326456140e-04
5.437970637685236863e-02
6.424694915704385473e-03
4.582585964007925700e-03
1.673147283846306010e-02
1.082701570479811326e-03
1.804687117619098186e-03
2.302856669949882723e-02
2.618183240372043766e-02
1.993091870371796123e-02
