7.262563927723081347e-02
4.175887150155187938e-02
5.197979330632380296e-02
2.469654549566673019e-01
5.343593155415791301e-02
1.916711236085697212e-01
2.196038251841284442e-02
8.407329307269004182e-02
1.327972063801274305e-01
6.736891105601565399e-02
1.643387878223075832e-02
7.312491313866648079e-01
2.830073047210312706e-02
3.188682732047753987e-02
8.371445971674291997e-02
1.382733959325130844e-02
1.606171065849290244e-02
1.942158497831684150e-01
1.250994487910090935e-01
1.062055578451867321e-01
