6.573401664060981101e-03
1.052424633356818275e-02
3.863314143476575396e-02
4.921393998895159765e-03
5.949904125905895735e-02
2.110972108220757898e-02
6.018471586017193342e-02
9.815703132442409051e-02
2.493291011945264132e-03
4.023807910209488414e-02
3.982913983750143230e-03
9.766910646518062178e-02
1.139266814403323749e-03
1.947725054110063456e-02
5.681167992674392153e-02
4.753898507648865110e-03
6.808171871482647519e-02
2.493178090025336552e-02
9.442700520843773371e-02
5.834577093849782625e-02
7.135210633101470024e-03
5.943082535857591164e-02
5.728061838050295396e-02
4.803009365160866573e-02
5.616879690417546367e-02
