1.984592571378801865e-02
2.393705515481869134e-02
5.307665804911555762e-02
1.180272916410793869e-02
5.660751668915450785e-02
4.111207440157802623e-02
8.100324440088352285e-02
8.176174350929751866e-02
4.594743789283955993e-03
5.298389975235896776e-02
6.543721391018748369e-03
7.627960072542268322e-02
3.055330093842182054e-03
3.413931633718311764e-02
5.868469288200284240e-02
9.583183394625039569e-03
8.972781936512227996e-02
3.892769781743250085e-02
6.985325402129720362e-02
6.069181549399569470e-02
1.321540005406710884e-02
5.863109082866228838e-02
5.369081820201900695e-02
5.696721686208454372e-02
6.031316610056833283e-02
