3.660449472640522894e-02
1.410670856257995910e-02
7.502507845107324325e-02
1.621641114522405155e-02
5.139159939639581509e-02
7.025718450682797746e-03
6.580630013177646287e-02
9.465334273625033989e-02
2.134011335637157891e-02
3.006421313394783829e-02
3.734760389128044186e-03
5.652372267572248338e-02
8.951654816565440126e-03
3.865269537506971827e-03
8.363609425761024674e-02
1.012738023697273664e-02
6.508548478589651354e-02
3.889219526524716891e-02
5.955362220381973937e-02
2.125089840408431185e-02
1.110394398450806168e-02
4.068544343060079282e-02
4.216696183831052103e-02
4.960305901593046324e-02
9.258552906738923283e-02
