2.221646058927630521e-02
2.219197205872206966e-02
5.511243161878241759e-02
1.518374739168931557e-02
3.666392457866734372e-02
9.531283689460452041e-03
1.111226373343384560e-01
8.158817913915433762e-02
1.674647688343637933e-02
2.540881622009492219e-02
1.714961897595640184e-05
3.449199720588457668e-02
7.185536462684093476e-03
2.438377297889256484e-03
7.872371267187089350e-02
1.873727188709062644e-02
5.053407964278479325e-02
4.382402129918995526e-02
4.252303589950602591e-02
9.605830431762264060e-03
3.218788578652504589e-02
5.768966159681096495e-02
4.340153616435955819e-02
8.370119728585113938e-02
9.917277724519291127e-02
