3.995132322662053870e-02
2.954716357685091901e-02
6.753755606431606495e-02
2.387717340712046041e-02
6.062114435793009709e-02
2.629539371944205478e-02
7.143582439794993189e-02
3.599713797197405529e-02
5.731662130760364904e-02
5.815120554502942879e-02
1.961255167485151385e-02
6.542953522377331632e-02
1.993735913486760838e-02
6.437993298215457030e-03
6.441808366629836469e-02
2.561219293640417879e-02
5.318713942660102667e-02
4.364960581394787542e-02
4.725862262140134024e-02
3.436858183272764600e-02
1.945491452280304415e-02
4.383093146366714293e-02
6.741222342516320354e-02
7.857627956916848899e-02
5.761622256518161844e-02
