2.758039442198348054e-02
7.901981822918718867e-02
1.732605339657983592e-02
4.961294966401900985e-02
5.257287543441578614e-02
5.659535293400359823e-02
3.477281504399638151e-02
8.018910575790418049e-02
8.979452868971524171e-02
2.269228699663064855e-02
6.214334920480879196e-03
1.344733825879055600e-01
3.203315654885018071e-02
1.780516361213685395e-02
3.362753477514134060e-02
1.780639241454623142e-02
1.652467295468749292e-02
7.279019513375076245e-02
7.763635594278232854e-02
8.093263054128302381e-02
