7.520331063619448142e-03
2.309518090759824643e-02
6.163556692411122084e-03
1.489774756289945906e-02
1.887080281256427530e-02
2.128911264353315971e-02
1.095296377729435347e-02
3.367347861153623112e-02
3.383535038880918638e-02
6.496926603773989228e-03
1.829230613160310551e-03
5.880657747892976961e-02
1.007248792906320634e-02
5.991823008929827651e-03
1.150762151995069794e-02
7.180653507911464138e-03
5.402818372102920728e-03
2.608090989989094929e-02
2.452071442709768956e-02
2.797686888115712839e-02
