5.377072870292140538e-02
8.937384990039871913e-02
3.824618587850087820e-02
1.592927574597903517e-01
1.277167994266426576e-01
2.069644576664114166e-01
2.965630775377128131e-02
2.070401285333871300e-01
1.947516035425984060e-01
4.342342604897744818e-02
1.702319898150655639e-02
9.022055933791186533e-01
6.817531465327668350e-02
4.478116315278681675e-02
5.825034865848225524e-02
4.375777321289833766e-02
2.748339291831832995e-02
1.928558732231109019e-01
1.539435562531477342e-01
1.029440939525106263e-01
