2.971499514881423970e-02
3.830802254403946339e-02
3.802256761000233267e-03
2.095573769410578185e-02
1.131117786792220845e-02
5.517328623607261479e-02
1.245403535692754006e-02
1.579403891521992051e-02
3.179883025109794814e-02
2.047052848744369824e-02
1.058492499251461987e-02
1.554127058670839653e-02
5.702454806403189046e-03
1.983770426983160959e-02
4.864931158781177732e-03
9.457829390999844543e-03
3.880376319679186819e-03
1.729653327115798778e-02
1.122837712178291827e-02
1.404157328572001005e-02
