6.435958397133495490e-02
7.624001563809647275e-02
1.990306837828938191e-02
7.522695892637311366e-02
4.533378711729606908e-02
1.099174828534091652e+00
4.662554059465159190e-02
6.171179600596801013e-02
2.783202679923248435e-01
1.355973685357924896e-01
4.128585288927125174e-02
9.859712175242119070e-02
2.725850426343141494e-02
1.115066131740930916e-01
2.149484276056493406e-02
4.154558898963796321e-02
2.188840268415563617e-02
5.437522727598666922e-02
4.982411490881918231e-02
3.410666036155651781e-02
