2.464137402114231767e-02
7.648027859938132111e-02
3.645485505238688084e-02
1.516322490785493478e-02
9.375853908312133111e-02
3.966043381957027464e-02
8.460635535649167760e-02
2.115241885449254539e-02
6.106327585124348215e-03
5.475927990839211251e-02
7.674759267489401036e-03
8.749127737064239796e-02
4.403181520688349143e-03
4.113732506033494774e-03
1.094276881917917998e-01
2.129187304252826499e-02
3.514529089201683804e-02
2.895079689282339594e-02
7.870235785948653806e-02
1.181210727059817979e-02
5.087686900904383981e-04
2.655636454563965743e-02
5.043059418066195981e-02
4.010735645122852355e-02
4.060076413032315257e-02
