4.704966544445386700e-02
7.366441059894511534e-02
5.825762307047317040e-02
3.200133129813487881e-02
9.359014331997246583e-02
6.179881305099677036e-02
8.342805889797061392e-02
4.105782503709631132e-02
1.486136702660617939e-02
6.504146029833129949e-02
1.897190050849967627e-02
7.661161253618054001e-02
1.442386499772130987e-02
1.039639889232920472e-02
9.143127622411598154e-02
4.132975918296506040e-02
5.194613440607697558e-02
4.069683702913934331e-02
8.078215105842566357e-02
2.513335298916782173e-02
1.792961361353638018e-03
4.310137218980248514e-02
5.535035951061312992e-02
5.962306808722905860e-02
5.512301297185083493e-02
