1.386657776986022217e-01
3.673208494547967190e-02
2.920548343291106894e-02
1.328056044922869827e-01
5.314645405430157288e-02
7.501472826027415219e-02
3.242201547157790020e-02
1.171227244557475067e-01
2.184983318846007161e-01
2.336699858107695385e-02
3.307416832258373851e-02
8.168102108369541536e-01
3.035982936624636794e-02
1.048705271572177161e-01
7.252333077688642715e-02
1.937185212041787549e-02
5.527767590035802259e-02
1.292864392883775193e-01
1.945088970736456591e-01
1.582391487209603154e-01
