1.708893396289475411e-02
1.633324357314509118e-02
5.583826103951342393e-03
2.202476079604186524e-02
1.476190366211832354e-02
1.202465522803232434e-02
6.898525999143653199e-03
2.789588467679307571e-02
3.826246766525107090e-02
2.321979477070808696e-03
1.622635055593244294e-03
5.353215998454818880e-02
1.129208440398553337e-02
1.293240318863663786e-02
1.720298534922592645e-02
4.518889368329189957e-03
1.028437563148206814e-02
1.750973442024296792e-02
3.081199699020196331e-02
2.577544324738410830e-02
