2.410964079158300563e-02
6.936119229975290512e-02
9.632363007553351730e-03
7.131340997861944364e-02
7.814048788571680004e-02
9.137952799858348185e-02
2.143092660254196716e-02
6.527095214544555157e-02
5.540847784762050615e-02
6.395243530704594094e-03
1.738779325998445445e-03
8.656083139863435250e-02
6.446881856570056690e-02
2.452753144769462962e-02
4.335207184132316288e-02
1.603331984467685351e-02
4.524326908421737875e-02
4.330907166305771744e-02
7.907251863214159737e-02
1.032515661084337094e-01
