2.367516205968688947e+00
2.284705234833659393e+00
2.490360506360078219e+00
2.572575220156555709e+00
3.738395914872798542e+00
2.187477067025440203e+00
2.401151235322896316e+00
2.649041401663405182e+00
2.638110017123287854e+00
2.570044948630136883e+00
2.824837940313111417e+00
2.234650195694716235e+00
2.696107509784735790e+00
2.524752323874755344e+00
2.680260824363992267e+00
2.531655149217221012e+00
3.472059992661447936e+00
2.584362769080234656e+00
3.177829929060665304e+00
2.559954439823874939e+00
2.584920804794520688e+00
2.608534124266144616e+00
2.531418175146771254e+00
2.479841915362035021e+00
2.177677042563600729e+00
2.481989970645792631e+00
2.209423923679060486e+00
2.143384601272015466e+00
2.134295499021526599e+00
2.603962818003914048e+00
3.254869434931507044e+00
2.454233427103718057e+00
2.551270486790606640e+00
2.400990704500978623e+00
2.434671599804305142e+00
2.844873715753424737e+00
3.204539200097847207e+00
3.415545499021526599e+00
3.443837145303326963e+00
2.894278987279843562e+00
2.736584209882582996e+00
3.401479941291585263e+00
2.839400379158512511e+00
3.159277152641878583e+00
2.962688050391389272e+00
3.133599865459882672e+00
3.729276235322896316e+00
2.820717649217221012e+00
3.591838918786692592e+00
3.372943676614481578e+00
2.964071673189824008e+00
2.731248471135029554e+00
2.828667747064579352e+00
3.188333231409001822e+00
3.238028987279843562e+00
3.616430711839530243e+00
3.165621942270058664e+00
3.228947529354207369e+00
3.587588674168297409e+00
3.178066903131115506e+00
3.328384907045009999e+00
3.259287854696673037e+00
2.622148666829745789e+00
3.533849070450097773e+00
2.753745719178082307e+00
3.491721196183953158e+00
3.182194838551859029e+00
2.251704684442270121e+00
2.792525379158512511e+00
2.615337573385518422e+00
2.791707436399217368e+00
2.756474743150684859e+00
3.024049045988258300e+00
2.756283635029354251e+00
3.387651357632094129e+00
3.607295743639921781e+00
2.609604329745597084e+00
2.921179366438356073e+00
2.980338796477495222e+00
3.424412915851271944e+00
3.078683035714285587e+00
3.237631482387475668e+00
2.328530149217221012e+00
2.699341059197651660e+00
2.249724804305283765e+00
2.461227984344422914e+00
2.516274767612524332e+00
2.781020670254402916e+00
2.594942514677103684e+00
2.218834087573385627e+00
2.280179794520547976e+00
3.026128302348336518e+00
3.478236607142857206e+00
2.736591854207436558e+00
2.349766083659491134e+00
3.294413527397260122e+00
3.578446061643835829e+00
2.563279721135029554e+00
2.574799718688845385e+00
2.882659613502935425e+00
2.986867049902152793e+00
2.643124694227005911e+00
3.227709148727984534e+00
2.780172150195694858e+00
2.354115704500978623e+00
2.417112585616438380e+00
2.649431262230919959e+00
2.849888392857142794e+00
2.217718016144814008e+00
2.741782350782778988e+00
2.548319777397260122e+00
2.490979696673189636e+00
2.407778864970645749e+00
2.172043175146771254e+00
2.711273850293542065e+00
2.418335677592954980e+00
2.748906861545988178e+00
2.548082803326810364e+00
2.712305834148728056e+00
2.862967832681017732e+00
2.212603962818004089e+00
2.392765410958904049e+00
2.686498593444226923e+00
2.358258928571428381e+00
2.401548740215264210e+00
2.374212634540117328e+00
2.530714897260273766e+00
2.910492600293542065e+00
2.798128669275929514e+00
2.521396465264187814e+00
2.331649033757338341e+00
4.091364970645792631e+00
2.530745474559686681e+00
2.619832436399217368e+00
2.137085677592954980e+00
2.823492539138943158e+00
2.241759417808219190e+00
2.339767306751467490e+00
2.522420804794520688e+00
1.959676186399217146e+00
1.887811888454011822e+00
2.257361484833659393e+00
1.917127874266144838e+00
1.855094178082191680e+00
1.799909796966731923e+00
1.953010335127201458e+00
1.976379036203522510e+00
1.927409491193737834e+00
2.066956641389432470e+00
1.963116132583170304e+00
1.865077666340508866e+00
1.776640472113502955e+00
1.977051736790606640e+00
1.694678021037181903e+00
1.736056751467710324e+00
1.732226944716242611e+00
1.916760946673189858e+00
2.132919520547945424e+00
2.081450281311154615e+00
1.976616010273972712e+00
2.068691903131115506e+00
1.963934075342465668e+00
2.327383500489236923e+00
2.117539138943248744e+00
1.899171355185909960e+00
1.857181078767123239e+00
1.918970156555773077e+00
1.868250061154598907e+00
2.045223825831702591e+00
2.095187133072407004e+00
1.887185053816047065e+00
1.999296722113502955e+00
1.900631421232876761e+00
3.275753730430528421e+00
3.913053449119373806e+00
2.737440374266144616e+00
3.242844911937377894e+00
3.272627201565557531e+00
2.811750856164383361e+00
3.096303204500978623e+00
2.643269936399217368e+00
2.318133867416829919e+00
2.766442942759295587e+00
3.409529415362035021e+00
3.500573324363992267e+00
3.026609894814090040e+00
4.126085494129158704e+00
3.635961961839530243e+00
3.635258683953033199e+00
3.124212634540117328e+00
3.237577972113502955e+00
2.894087879158512511e+00
2.299336472602739878e+00
3.396518774461839474e+00
3.034124266144814008e+00
2.418863136007827652e+00
3.332635151663405182e+00
2.853160163894324697e+00
2.531624571917808098e+00
2.688493762230919959e+00
2.859734283268101862e+00
2.175957069471624372e+00
2.869144447162426559e+00
2.367936643835616639e+00
2.544574058219178259e+00
2.421859711350293320e+00
3.024630014677103684e+00
2.906372309197651660e+00
2.659735812133072308e+00
3.091517857142857206e+00
2.371376590019569353e+00
2.717312866927592996e+00
2.527282595401174170e+00
2.880725599315068663e+00
2.706404415362035021e+00
2.319907350782778988e+00
2.159200709393346518e+00
2.127736668297456113e+00
2.323813600782778988e+00
2.614060971135029554e+00
2.963865276418786721e+00
2.743288282778864939e+00
2.283313967710371983e+00
2.716556078767123239e+00
2.539521159491193725e+00
2.535110384050880405e+00
2.680299045988258300e+00
2.478511802837573441e+00
3.268032962328767166e+00
2.927248960371819919e+00
3.453920009784735790e+00
2.674206519080234656e+00
2.743869251467710324e+00
2.866881727005870850e+00
2.426667991682974534e+00
2.644821734344422914e+00
2.301660347358121417e+00
2.299825709393346518e+00
3.213161998532289676e+00
2.714797884050880405e+00
2.731332558708414737e+00
2.270326259784735790e+00
2.851157350782778988e+00
2.988021342954990001e+00
2.582275868395303320e+00
2.954218138454011822e+00
2.567499388454011822e+00
2.761428265655577086e+00
2.389325464774950891e+00
2.112669704011741700e+00
2.014096135029354251e+00
2.321199241682974534e+00
2.130328094422700769e+00
2.644936399217221012e+00
2.785064518101761255e+00
2.455571183953033199e+00
2.470018957925636194e+00
2.532732999021526599e+00
2.256444165851271944e+00
2.484833659491193725e+00
2.410767795988258300e+00
2.460784613502935425e+00
2.208705357142857206e+00
2.139065557729941336e+00
2.426354574363992267e+00
2.758240582191780810e+00
2.439349926614481578e+00
2.369282045009784898e+00
2.575648238747553886e+00
2.252041034735812186e+00
2.215669337084148705e+00
2.359741927592954980e+00
2.270792563600782632e+00
2.096746575342465668e+00
2.023483365949119595e+00
2.212321122798434292e+00
1.866293113992172126e+00
2.718696489726027288e+00
2.135197529354207369e+00
1.926843811154598907e+00
2.319181139921722146e+00
2.546148789138943158e+00
2.374350232387475668e+00
2.014761191291585263e+00
2.035828950587084130e+00
2.322460555283757166e+00
2.057133683953033199e+00
2.080999266144814008e+00
2.279186032289628017e+00
2.220867477984344251e+00
2.162602433953033199e+00
2.336243272994129150e+00
1.983526479941291498e+00
2.216991805283757166e+00
2.117348030821917693e+00
2.528589774951076397e+00
2.073286142367905871e+00
2.016037793542074574e+00
2.315672394814090040e+00
2.125405149217221012e+00
3.965241254892367895e+00
4.564449302837573441e+00
3.935703583659491134e+00
6.908550941780822185e+00
4.803770181017612551e+00
3.192529965753424737e+00
3.265609711350293320e+00
3.553403253424657571e+00
3.245329317514677125e+00
4.170032717710371983e+00
4.466066841976516599e+00
3.967580418297456113e+00
4.909208353718199191e+00
3.703988808708414737e+00
4.533497431506849473e+00
3.668656739236790809e+00
3.515189273483366073e+00
3.472633317025440203e+00
4.509134968199608906e+00
6.204783818493150527e+00
4.710715814579256033e+00
3.870971440802348340e+00
3.801125244618395183e+00
3.582979146281800364e+00
2.905500856164383361e+00
2.882338551859099596e+00
2.958353718199608462e+00
3.451764310176125061e+00
3.515816108121330608e+00
2.946673189823874939e+00
3.745512781311154615e+00
3.494434931506849473e+00
3.118594055772994089e+00
2.947001895792563442e+00
2.986049107142857206e+00
3.608709943737768988e+00
3.387513759784735790e+00
3.251781127690802187e+00
3.125687989236790809e+00
2.696214530332681214e+00
3.989305589530332874e+00
3.412128485812133238e+00
3.017719545009784898e+00
3.077803938356164171e+00
3.637766022504892227e+00
3.660935971135029554e+00
3.011833414872798542e+00
3.063677226027397449e+00
2.903834393346379716e+00
3.509899400684931337e+00
3.528903192270058664e+00
2.534751100782778988e+00
4.002392673679060486e+00
3.755068187377690769e+00
2.992493272994129150e+00
3.784345951565557531e+00
3.461350293542074574e+00
4.346754219667318786e+00
3.618081886007827652e+00
2.719804916829745789e+00
3.158115215264187814e+00
3.182630565068492956e+00
2.696780210371819919e+00
3.484428510273972712e+00
3.143904415362035021e+00
2.890143407534246478e+00
3.062209515655577086e+00
3.224697284735812186e+00
2.601111484833659393e+00
3.238319471624266033e+00
4.331434992661447936e+00
3.202490521037181903e+00
4.048946612035225101e+00
2.691054611056751256e+00
3.682791095890411093e+00
3.040018040606653482e+00
3.967832681017612551e+00
3.664024278375733967e+00
3.605491682974559797e+00
2.636879280821917693e+00
3.783321612035225101e+00
3.321627323874755344e+00
3.623119496086105507e+00
2.914933953033268299e+00
3.295606042074363806e+00
4.407220829256360162e+00
3.089423312133072308e+00
3.016733427103718057e+00
3.508125917318982268e+00
2.861683586105675303e+00
3.594774339530332874e+00
3.421255809686888583e+00
3.460861056751467490e+00
3.084355124755381539e+00
3.196680834148728056e+00
2.918786692759295587e+00
2.762368517612524332e+00
3.182615276418786721e+00
2.688562561154598907e+00
3.063784246575342429e+00
2.587596318493150527e+00
2.758844483855185992e+00
2.457069471624266033e+00
2.391840447651663482e+00
2.194081763698630283e+00
2.669887475538160526e+00
2.387154476516633927e+00
2.518109405577299231e+00
2.172264860567514777e+00
2.066926064090019555e+00
1.983641144814090040e+00
2.071092221135029554e+00
2.141893957925636194e+00
2.512452605185909960e+00
2.457971501956947247e+00
2.453576015166340607e+00
2.266320633561643927e+00
2.752262720156555709e+00
2.017482570939334696e+00
2.351669520547945424e+00
2.702138882093933603e+00
2.675788894324853118e+00
2.173533818493150527e+00
2.444219361545988178e+00
2.695213123776908137e+00
2.717977923189824008e+00
2.586250917318982268e+00
2.457658084637964979e+00
2.157052654109588907e+00
2.613571734344422914e+00
2.266939823874755344e+00
2.330181323385518422e+00
2.517635457436399271e+00
2.700067270058708502e+00
2.727540973581213279e+00
2.791638637475537976e+00
2.545713062622309231e+00
2.680902947651663482e+00
2.476669520547945424e+00
2.310015594422700769e+00
2.922058463796477490e+00
2.569548067514677125e+00
2.530745474559686681e+00
2.472266389432485223e+00
2.753615765655577086e+00
3.027764187866927692e+00
3.037067331213307408e+00
3.483021954500978623e+00
2.827895670254402916e+00
2.974162181996085952e+00
3.073393162915851295e+00
2.426438661937377894e+00
3.053464408023483401e+00
2.850217098825831741e+00
2.680039138943248744e+00
3.253929182974559797e+00
2.512674290606653482e+00
2.677615887964774899e+00
2.612325709393346518e+00
3.290193860078277854e+00
2.938554916829745789e+00
2.679190618884540243e+00
2.756849315068492956e+00
2.506398299902152793e+00
3.309732754403130972e+00
3.218092588062622106e+00
2.770326259784735790e+00
2.792380136986301498e+00
2.969048128669276032e+00
2.780753118884540243e+00
2.887123899217221012e+00
2.586495535714285587e+00
2.469812561154598907e+00
2.776227678571428381e+00
2.671905577299412915e+00
3.100614603718199636e+00
2.765900195694716235e+00
2.596287915851271944e+00
2.791837389921722146e+00
2.998020119863013644e+00
2.456671966731898138e+00
2.676415728962818097e+00
2.910270914872798542e+00
2.324310481898238745e+00
2.507567881604696680e+00
2.558211533757338341e+00
2.978955173679060486e+00
2.453927654109588907e+00
2.309579867906066397e+00
2.508760396281800364e+00
3.253386435909980445e+00
2.518850905088062753e+00
2.718879953522504778e+00
2.702093016144814008e+00
2.453438417318982268e+00
2.383890349804305142e+00
2.574463368395303320e+00
2.487371575342465668e+00
2.468803510273972712e+00
2.461617844911937247e+00
2.717870902641878583e+00
2.541508683953033199e+00
3.049764554794520688e+00
2.425345523483366073e+00
2.045177959882582996e+00
2.854948935909980445e+00
2.719827849804305142e+00
2.505557424168297409e+00
2.158015839041095951e+00
2.541730369373776721e+00
2.297196061643835829e+00
2.907465447651663482e+00
2.856707130626223279e+00
2.802959882583170081e+00
2.584645609099804453e+00
2.408787915851271944e+00
2.014271954500978623e+00
2.083017367906066397e+00
1.864382032778864939e+00
2.265663221624266033e+00
1.859543175146771032e+00
2.056078767123287854e+00
2.162487769080234656e+00
2.177417135518591174e+00
2.053158635029354251e+00
1.983602923189823786e+00
2.680811215753424737e+00
1.959431568003913826e+00
2.308394997553815831e+00
2.167938172700587085e+00
2.288886680528375628e+00
2.505136986301369717e+00
2.437354757827788543e+00
2.492202788649706680e+00
2.345171844422700769e+00
1.935183769569471579e+00
2.322934503424657571e+00
2.480881543542074574e+00
2.410056873776908137e+00
2.174451137475537976e+00
1.653077605185909960e+00
2.685359589041095951e+00
1.737830234833659393e+00
2.222136435909980445e+00
2.311842588062622106e+00
2.455792869373776721e+00
2.651449363992172348e+00
4.239343811154598463e+00
3.554909185420743523e+00
3.639516572896281943e+00
4.329737952544030932e+00
3.640663221624266033e+00
4.763622186888453847e+00
4.663007583170254655e+00
3.553846624266144616e+00
3.757919520547945424e+00
5.769271342954990445e+00
4.218834087573385183e+00
3.732249877690802187e+00
4.106355491682974979e+00
4.577245902641879027e+00
6.435718872309197813e+00
5.144470095401174170e+00
7.135862585616438380e+00
4.543289811643835385e+00
4.168335677592954980e+00
4.172211350293542509e+00
4.928028681506849473e+00
5.902687744618395627e+00
3.855812744618395183e+00
3.631566475048923603e+00
3.684992661448140971e+00
3.900180406066536154e+00
4.225996819960861295e+00
3.881948691291585263e+00
3.755358671722113684e+00
4.119312622309197813e+00
3.756765227495107773e+00
4.448240276418786721e+00
3.893667441291585263e+00
4.296836778375733523e+00
4.078170865949119595e+00
3.615459882583170081e+00
3.604069838551859029e+00
3.411799779843444291e+00
3.733954562133072308e+00
4.839041095890411093e+00
3.975362340998043198e+00
3.707910347358121417e+00
3.968887597847358339e+00
4.371154904598825830e+00
3.156311154598825830e+00
2.991897015655577086e+00
3.492982509784735790e+00
2.726998226516633927e+00
3.316131054305283765e+00
4.198202054794520244e+00
3.600270609099804453e+00
3.320962267612524332e+00
3.811192820450097773e+00
3.223535347358121417e+00
3.756895181017612551e+00
3.662052042563600729e+00
4.278536264677104128e+00
4.068921232876712146e+00
3.416783879647749433e+00
3.191375672700587085e+00
8.455731714774950447e+00
3.266893957925636194e+00
3.460991010273972712e+00
2.831610812133072308e+00
3.190198446673189636e+00
3.659047822896281943e+00
4.358878118884540243e+00
4.001620596868884938e+00
3.398039995107632105e+00
3.856225538160469757e+00
3.353328339041095951e+00
3.153322223581213279e+00
3.507071000489236923e+00
3.102319288160469757e+00
3.163443309686888583e+00
3.979406188845401093e+00
3.233771098336594818e+00
3.739855980919765344e+00
4.208330785225048665e+00
3.731011497064579352e+00
2.980965631115459757e+00
3.415132705479452024e+00
3.121949914383561620e+00
3.125458659491193725e+00
4.031074180528375628e+00
3.595049535225049109e+00
3.426216976516633927e+00
3.437293603228962713e+00
3.057561766144814008e+00
3.697934503424657571e+00
3.291241132583170081e+00
3.352953767123287854e+00
2.913244557240704413e+00
3.336900684931507044e+00
2.966815985812133238e+00
3.514600660469667126e+00
3.641947468199608462e+00
3.250947896281800364e+00
3.284070755870841296e+00
3.127560848825831741e+00
4.124059748043053197e+00
2.739015105185909960e+00
2.786455785225049109e+00
2.751383622798434292e+00
3.332589285714285587e+00
2.642872431506849473e+00
3.125183463796477490e+00
3.000435726516633927e+00
2.607807913405088218e+00
3.089797884050880405e+00
3.180765349804305142e+00
2.698125611545988178e+00
3.105873899217221012e+00
3.159475905088062753e+00
2.726424902152641661e+00
3.002721379647749433e+00
3.467595706947162348e+00
3.468979329745597084e+00
3.437400623776908137e+00
2.960593505381604817e+00
3.407771220645792631e+00
3.321245107632094129e+00
3.131291279354207369e+00
3.372523238747553886e+00
3.637162120841487489e+00
3.021809258806262388e+00
4.043167502446183725e+00
2.976080907534246478e+00
2.555497798434442469e+00
2.409300085616438380e+00
3.694693309686888583e+00
3.230789811643835829e+00
3.979834271037181903e+00
3.327880381604696680e+00
4.089782595401174170e+00
2.697766328277886316e+00
2.979880136986301498e+00
3.822330601761252389e+00
4.022267918297456113e+00
3.148919092465753522e+00
3.500680344911937247e+00
2.301553326810175992e+00
2.595469973091976357e+00
2.428143346379647571e+00
3.269141389432485223e+00
3.222511007827788543e+00
2.734940680039139149e+00
2.602938478473581174e+00
3.030646098336594818e+00
2.794444104696673037e+00
2.114489053326810364e+00
2.890021098336594818e+00
2.364221501956947247e+00
3.003264126712328785e+00
3.171638025929549798e+00
2.904147810665361984e+00
2.954760885518591174e+00
3.583812377690802187e+00
2.512322651663405182e+00
2.885747920743639838e+00
2.916554549902152793e+00
2.550001528864970446e+00
3.349789016634050931e+00
3.086052164872798542e+00
3.016007216242661659e+00
2.694441046966731701e+00
2.376956947162426559e+00
3.301560971135029554e+00
2.552646465264187814e+00
2.727609772504892227e+00
2.129945878180039109e+00
2.457367600293542065e+00
2.313929488747553886e+00
2.354345034246575263e+00
3.163496819960860851e+00
2.857440985812133238e+00
2.794130687377690769e+00
2.381834026418786721e+00
3.569800330234833563e+00
3.175941780821917693e+00
2.204844973091976357e+00
3.203025623776908137e+00
2.696596746575342429e+00
3.282679488747553886e+00
2.929756298923678948e+00
2.921278742661447936e+00
2.707749816536203724e+00
2.952498165362035021e+00
2.664758133561643927e+00
2.672104329745597084e+00
2.868892184442270121e+00
3.104130993150684859e+00
2.763530454990215102e+00
3.307103106653620284e+00
2.222908512720156438e+00
3.490635702054794454e+00
2.128806873776908137e+00
1.948591915362035243e+00
1.743724009295499089e+00
3.154675269080234656e+00
2.417571245107632105e+00
2.078927654109588907e+00
3.482020547945205546e+00
2.407755931996085952e+00
2.082986790606653482e+00
2.972648605675146882e+00
3.241912304305283765e+00
3.182791095890411093e+00
3.192002507338552064e+00
2.495887353228962713e+00
2.446910163894324697e+00
3.309679244129158704e+00
4.578568370841487045e+00
2.605568126223091863e+00
2.721234405577299231e+00
2.726860628669276032e+00
3.273628608121330608e+00
3.178487340998043198e+00
2.888048862524462024e+00
2.492485628669276032e+00
2.133752751956947247e+00
1.713161998532289676e+00
1.947185359589041154e+00
2.432355369373776721e+00
1.842129403131115506e+00
1.725538160469667348e+00
1.519049657534246478e+00
2.313700159001956802e+00
1.964469178082191680e+00
2.198599559686888583e+00
2.244656616927592996e+00
2.137628424657534332e+00
2.419604635518591174e+00
1.929725721624266255e+00
1.888721563111545931e+00
2.024110200587084130e+00
2.017818921232876761e+00
1.745864420254403138e+00
1.665247370352250567e+00
1.753302348336594818e+00
2.305207314090019555e+00
2.299665178571428381e+00
1.976730675146771032e+00
2.234237402152641661e+00
2.080234833659491134e+00
1.783535653131115506e+00
3.214813172700587085e+00
3.284292441291585263e+00
3.337848581213307408e+00
3.114680161448140971e+00
2.835379464285714413e+00
3.898705051369863117e+00
3.986224926614481578e+00
3.349383867416829919e+00
3.220462328767123239e+00
2.790102128180039109e+00
3.250275195694716235e+00
2.863327115949119595e+00
4.151097725048924048e+00
3.872133378180039109e+00
3.675016817514677125e+00
3.601004464285714413e+00
3.888698630136986356e+00
3.801484527886497045e+00
3.202276479941291498e+00
3.093390716731898138e+00
3.165285591976516599e+00
3.807019019080234656e+00
3.734711350293542065e+00
5.120894997553816275e+00
5.002774889921721702e+00
4.080204256360078219e+00
4.175009173189823564e+00
5.429175330234834007e+00
4.829814395792563886e+00
4.486278436888453847e+00
5.174198874755381539e+00
4.502125122309197813e+00
5.111010885518591174e+00
3.737616193737768988e+00
4.178930711839530687e+00
5.401908023483366073e+00
5.149308953033267855e+00
4.179848030821918137e+00
4.211900684931507044e+00
5.829027030332681214e+00
3.138652764187866762e+00
3.193898299902152793e+00
2.540163282778864939e+00
3.071757277397260122e+00
2.846211472602739878e+00
3.253394080234833563e+00
2.727701504403130972e+00
2.763010640900195547e+00
2.919971563111546153e+00
3.573630136986301498e+00
3.073148544520547976e+00
2.908275746086105507e+00
3.182645853718199636e+00
3.278345156555773077e+00
3.367355675146771254e+00
2.319104696673189636e+00
2.557011374755381539e+00
3.029308341487279677e+00
2.693080357142857206e+00
2.361056751467710324e+00
3.375588613013698502e+00
3.015281005381604817e+00
3.446856653620352429e+00
3.407136741682974534e+00
3.732150501467710324e+00
4.004854146281800809e+00
4.067094239236790365e+00
3.552210738747553886e+00
3.265403314579256477e+00
3.287426614481408826e+00
2.822078339041095951e+00
4.104559075342465668e+00
3.500512169765166437e+00
4.695228412426614817e+00
3.130824975538160526e+00
3.631023727984344251e+00
3.374755381604696680e+00
4.887980063600783076e+00
2.628325281311154615e+00
1.990949119373776943e+00
3.684755687377690769e+00
3.607937866927592996e+00
3.050077972113502955e+00
2.444502201565557531e+00
3.029736423679060486e+00
2.804832742172211457e+00
2.575074914383561620e+00
2.211082742172211457e+00
2.328484283268101862e+00
3.213062622309197813e+00
3.053716670743639838e+00
2.622133378180039109e+00
2.159368884540117328e+00
2.917716487279843562e+00
2.904644691780821741e+00
2.547203705968688947e+00
2.402313172700587085e+00
