1.669492187500000000e+02
1.708437500000000000e+02
1.500429687500000000e+02
1.870390625000000000e+02
1.191210937500000000e+02
1.547734375000000000e+02
1.416445312500000000e+02
1.370820312500000000e+02
1.440390625000000000e+02
1.973632812500000000e+02
1.961132812500000000e+02
1.591523437500000000e+02
1.236953125000000000e+02
1.683437500000000000e+02
1.389609375000000000e+02
1.395234375000000000e+02
1.258828125000000000e+02
1.992968750000000000e+02
1.171953125000000000e+02
1.634296875000000000e+02
1.759960937500000000e+02
1.736328125000000000e+02
1.306171875000000000e+02
2.034687500000000000e+02
2.061875000000000000e+02
1.988242187500000000e+02
1.762617187500000000e+02
1.673632812500000000e+02
1.670195312500000000e+02
1.451171875000000000e+02
1.405781250000000000e+02
1.956523437500000000e+02
1.722148437500000000e+02
1.735976562500000000e+02
1.155273437500000000e+02
1.218359375000000000e+02
1.278437500000000000e+02
1.178984375000000000e+02
1.831914062500000000e+02
1.771015625000000000e+02
1.615000000000000000e+02
1.272539062500000000e+02
1.631093750000000000e+02
1.336132812500000000e+02
1.730351562500000000e+02
1.164609375000000000e+02
1.190742187500000000e+02
1.236328125000000000e+02
1.224687500000000000e+02
1.258789062500000000e+02
1.438085937500000000e+02
1.914609375000000000e+02
1.635585937500000000e+02
1.800312500000000000e+02
1.800078125000000000e+02
1.176757812500000000e+02
1.246132812500000000e+02
1.891093750000000000e+02
1.253007812500000000e+02
1.837656250000000000e+02
1.775195312500000000e+02
1.461953125000000000e+02
1.725820312500000000e+02
1.660664062500000000e+02
1.543945312500000000e+02
1.219843750000000000e+02
1.237382812500000000e+02
1.740781250000000000e+02
1.923828125000000000e+02
1.255351562500000000e+02
1.245039062500000000e+02
1.236757812500000000e+02
1.238828125000000000e+02
1.063984375000000000e+02
1.081132812500000000e+02
1.066953125000000000e+02
1.097187500000000000e+02
1.076523437500000000e+02
1.399492187500000000e+02
1.095390625000000000e+02
1.049296875000000000e+02
1.417890625000000000e+02
1.350742187500000000e+02
1.097734375000000000e+02
1.507421875000000000e+02
1.549882812500000000e+02
1.395742187500000000e+02
1.111953125000000000e+02
1.152500000000000000e+02
1.308671875000000000e+02
1.374687500000000000e+02
1.108789062500000000e+02
1.335898437500000000e+02
1.287656250000000000e+02
1.362109375000000000e+02
1.495390625000000000e+02
1.294257812500000000e+02
1.419375000000000000e+02
1.308867187500000000e+02
1.044101562500000000e+02
1.044687500000000000e+02
1.078164062500000000e+02
1.065976562500000000e+02
1.397617187500000000e+02
1.320507812500000000e+02
1.461914062500000000e+02
1.466289062500000000e+02
1.621289062500000000e+02
9.980468750000000000e+01
1.457500000000000000e+02
1.113359375000000000e+02
1.195273437500000000e+02
1.575664062500000000e+02
1.816796875000000000e+02
1.465234375000000000e+02
9.983593750000000000e+01
1.154335937500000000e+02
1.440664062500000000e+02
1.613359375000000000e+02
1.461992187500000000e+02
1.731250000000000000e+02
1.684882812500000000e+02
1.357304687500000000e+02
1.445976562500000000e+02
1.287812500000000000e+02
1.477031250000000000e+02
1.459062500000000000e+02
1.093593750000000000e+02
1.119570312500000000e+02
1.549765625000000000e+02
1.474414062500000000e+02
1.644960937500000000e+02
1.456289062500000000e+02
1.699843750000000000e+02
1.657460937500000000e+02
1.512343750000000000e+02
1.034726562500000000e+02
1.401484375000000000e+02
1.463007812500000000e+02
1.603984375000000000e+02
1.878867187500000000e+02
1.627031250000000000e+02
1.584414062500000000e+02
1.878906250000000000e+02
1.923046875000000000e+02
1.781523437500000000e+02
1.682929687500000000e+02
1.819765625000000000e+02
1.583593750000000000e+02
1.755195312500000000e+02
1.759804687500000000e+02
2.037109375000000000e+02
1.736289062500000000e+02
2.160000000000000000e+02
2.193281250000000000e+02
2.130039062500000000e+02
1.976132812500000000e+02
1.606171875000000000e+02
1.669687500000000000e+02
1.733984375000000000e+02
1.692031250000000000e+02
1.670781250000000000e+02
1.979882812500000000e+02
1.789414062500000000e+02
1.748085937500000000e+02
1.786484375000000000e+02
1.874453125000000000e+02
1.843867187500000000e+02
1.750039062500000000e+02
1.798554687500000000e+02
1.613164062500000000e+02
1.672695312500000000e+02
1.769140625000000000e+02
1.244804687500000000e+02
1.345703125000000000e+02
1.490507812500000000e+02
1.283671875000000000e+02
1.324882812500000000e+02
1.393945312500000000e+02
1.464414062500000000e+02
1.330156250000000000e+02
1.268125000000000000e+02
1.510585937500000000e+02
1.187656250000000000e+02
1.580742187500000000e+02
1.277890625000000000e+02
1.228398437500000000e+02
9.978515625000000000e+01
1.327929687500000000e+02
1.288125000000000000e+02
1.334414062500000000e+02
1.457500000000000000e+02
1.215351562500000000e+02
1.242109375000000000e+02
1.358515625000000000e+02
1.510234375000000000e+02
1.243906250000000000e+02
1.118476562500000000e+02
1.241132812500000000e+02
1.742968750000000000e+02
1.209218750000000000e+02
1.414179687500000000e+02
1.181054687500000000e+02
1.261054687500000000e+02
1.245937500000000000e+02
1.565273437500000000e+02
1.566054687500000000e+02
1.191484375000000000e+02
1.473945312500000000e+02
1.053593750000000000e+02
1.055390625000000000e+02
1.556835937500000000e+02
1.256445312500000000e+02
1.171601562500000000e+02
1.297460937500000000e+02
1.834570312500000000e+02
1.556171875000000000e+02
1.527109375000000000e+02
1.555195312500000000e+02
1.166132812500000000e+02
1.371484375000000000e+02
1.386132812500000000e+02
1.383945312500000000e+02
1.410507812500000000e+02
1.351015625000000000e+02
1.362304687500000000e+02
1.114101562500000000e+02
1.246484375000000000e+02
1.182812500000000000e+02
1.331757812500000000e+02
1.243164062500000000e+02
1.114492187500000000e+02
1.304335937500000000e+02
1.324179687500000000e+02
1.287656250000000000e+02
1.372148437500000000e+02
1.191015625000000000e+02
1.440234375000000000e+02
1.350312500000000000e+02
1.146367187500000000e+02
1.014140625000000000e+02
1.265429687500000000e+02
1.088867187500000000e+02
1.210703125000000000e+02
1.328437500000000000e+02
1.072304687500000000e+02
1.122734375000000000e+02
1.113320312500000000e+02
1.382812500000000000e+02
1.221054687500000000e+02
1.340039062500000000e+02
1.070625000000000000e+02
1.182500000000000000e+02
1.247070312500000000e+02
1.029531250000000000e+02
1.345546875000000000e+02
1.155859375000000000e+02
1.309492187500000000e+02
1.146328125000000000e+02
9.881250000000000000e+01
1.453593750000000000e+02
1.212304687500000000e+02
1.206250000000000000e+02
1.455585937500000000e+02
1.437578125000000000e+02
9.987500000000000000e+01
1.289375000000000000e+02
1.323437500000000000e+02
1.374140625000000000e+02
1.208437500000000000e+02
1.277539062500000000e+02
9.420703125000000000e+01
1.049804687500000000e+02
1.891445312500000000e+02
1.602539062500000000e+02
1.512421875000000000e+02
1.608828125000000000e+02
1.369882812500000000e+02
1.159570312500000000e+02
1.266406250000000000e+02
1.110781250000000000e+02
1.374921875000000000e+02
1.509648437500000000e+02
1.446992187500000000e+02
1.358828125000000000e+02
1.140546875000000000e+02
1.043945312500000000e+02
1.668007812500000000e+02
1.541328125000000000e+02
1.133750000000000000e+02
1.034179687500000000e+02
1.511562500000000000e+02
1.395390625000000000e+02
1.751093750000000000e+02
1.546406250000000000e+02
1.650937500000000000e+02
1.795039062500000000e+02
1.534648437500000000e+02
1.038476562500000000e+02
1.146757812500000000e+02
1.066406250000000000e+02
1.004453125000000000e+02
1.017539062500000000e+02
9.981640625000000000e+01
9.703125000000000000e+01
9.701953125000000000e+01
9.487109375000000000e+01
9.160937500000000000e+01
8.774218750000000000e+01
8.796875000000000000e+01
8.356250000000000000e+01
9.265625000000000000e+01
8.287890625000000000e+01
8.569140625000000000e+01
9.147265625000000000e+01
9.663671875000000000e+01
1.113828125000000000e+02
1.166015625000000000e+02
8.512890625000000000e+01
1.054960937500000000e+02
9.186718750000000000e+01
9.456640625000000000e+01
9.976953125000000000e+01
9.972265625000000000e+01
9.682421875000000000e+01
1.109960937500000000e+02
8.776953125000000000e+01
1.020859375000000000e+02
1.008906250000000000e+02
9.439453125000000000e+01
9.266406250000000000e+01
1.016523437500000000e+02
9.446875000000000000e+01
1.243632812500000000e+02
9.339453125000000000e+01
9.314453125000000000e+01
9.550000000000000000e+01
1.007031250000000000e+02
9.662109375000000000e+01
9.019140625000000000e+01
9.157421875000000000e+01
9.774609375000000000e+01
9.369921875000000000e+01
1.002500000000000000e+02
9.618359375000000000e+01
9.593750000000000000e+01
9.226171875000000000e+01
9.564843750000000000e+01
9.701953125000000000e+01
1.034648437500000000e+02
1.052460937500000000e+02
1.253750000000000000e+02
1.151796875000000000e+02
1.036445312500000000e+02
1.171171875000000000e+02
1.035898437500000000e+02
1.011328125000000000e+02
1.032539062500000000e+02
1.065820312500000000e+02
1.117929687500000000e+02
1.031757812500000000e+02
1.014335937500000000e+02
1.035390625000000000e+02
1.259218750000000000e+02
9.998437500000000000e+01
1.087812500000000000e+02
1.119960937500000000e+02
1.028945312500000000e+02
1.380507812500000000e+02
1.213632812500000000e+02
1.038320312500000000e+02
1.100195312500000000e+02
1.085937500000000000e+02
1.105351562500000000e+02
1.159218750000000000e+02
1.032890625000000000e+02
1.262968750000000000e+02
1.091875000000000000e+02
1.019882812500000000e+02
1.069492187500000000e+02
1.021640625000000000e+02
9.019531250000000000e+01
1.042929687500000000e+02
9.942968750000000000e+01
1.011289062500000000e+02
1.047851562500000000e+02
1.073515625000000000e+02
1.133789062500000000e+02
1.090507812500000000e+02
1.102265625000000000e+02
9.720312500000000000e+01
9.526171875000000000e+01
9.465234375000000000e+01
1.039179687500000000e+02
9.371484375000000000e+01
9.892968750000000000e+01
1.056562500000000000e+02
1.024375000000000000e+02
1.031953125000000000e+02
1.250000000000000000e+02
1.200820312500000000e+02
1.204843750000000000e+02
1.231562500000000000e+02
1.258437500000000000e+02
1.458750000000000000e+02
1.285351562500000000e+02
1.271992187500000000e+02
1.126914062500000000e+02
1.116015625000000000e+02
1.762500000000000000e+02
1.552929687500000000e+02
1.311640625000000000e+02
1.271875000000000000e+02
1.114218750000000000e+02
1.103750000000000000e+02
1.096210937500000000e+02
1.109101562500000000e+02
1.103007812500000000e+02
1.118125000000000000e+02
1.224648437500000000e+02
1.084492187500000000e+02
1.139648437500000000e+02
1.392304687500000000e+02
1.282265625000000000e+02
1.098750000000000000e+02
1.089609375000000000e+02
1.171679687500000000e+02
8.530859375000000000e+01
1.272460937500000000e+02
1.074648437500000000e+02
1.266054687500000000e+02
1.309687500000000000e+02
8.821093750000000000e+01
9.808984375000000000e+01
1.050039062500000000e+02
1.135859375000000000e+02
1.339101562500000000e+02
1.118281250000000000e+02
9.607421875000000000e+01
1.031562500000000000e+02
9.781250000000000000e+01
1.049062500000000000e+02
9.504296875000000000e+01
1.062812500000000000e+02
1.014687500000000000e+02
9.517578125000000000e+01
1.001445312500000000e+02
8.976953125000000000e+01
9.960546875000000000e+01
9.637500000000000000e+01
1.031562500000000000e+02
9.847656250000000000e+01
1.013750000000000000e+02
9.667187500000000000e+01
1.038789062500000000e+02
1.027851562500000000e+02
9.792187500000000000e+01
1.012734375000000000e+02
1.028710937500000000e+02
9.820703125000000000e+01
1.025312500000000000e+02
1.001289062500000000e+02
1.077656250000000000e+02
1.000468750000000000e+02
9.966796875000000000e+01
1.004531250000000000e+02
1.046406250000000000e+02
1.047226562500000000e+02
1.068632812500000000e+02
1.079882812500000000e+02
1.051875000000000000e+02
1.052070312500000000e+02
1.124218750000000000e+02
1.105507812500000000e+02
1.134101562500000000e+02
1.061171875000000000e+02
1.040273437500000000e+02
1.004453125000000000e+02
1.071171875000000000e+02
1.078554687500000000e+02
1.118710937500000000e+02
1.462031250000000000e+02
1.271914062500000000e+02
1.250937500000000000e+02
1.154726562500000000e+02
1.136015625000000000e+02
1.082734375000000000e+02
1.079101562500000000e+02
1.219765625000000000e+02
1.057460937500000000e+02
1.058398437500000000e+02
1.477226562500000000e+02
1.100312500000000000e+02
9.865234375000000000e+01
9.757421875000000000e+01
1.426054687500000000e+02
1.104960937500000000e+02
1.139570312500000000e+02
1.112578125000000000e+02
1.262304687500000000e+02
1.227968750000000000e+02
1.315859375000000000e+02
1.135039062500000000e+02
1.318476562500000000e+02
1.454101562500000000e+02
1.091054687500000000e+02
1.077851562500000000e+02
1.210937500000000000e+02
1.295312500000000000e+02
1.071015625000000000e+02
1.176484375000000000e+02
1.175117187500000000e+02
1.070273437500000000e+02
1.073945312500000000e+02
1.150039062500000000e+02
1.406367187500000000e+02
1.330039062500000000e+02
1.604570312500000000e+02
2.065820312500000000e+02
1.132304687500000000e+02
1.430312500000000000e+02
1.279687500000000000e+02
1.578984375000000000e+02
1.175273437500000000e+02
1.209882812500000000e+02
1.529296875000000000e+02
1.135546875000000000e+02
1.552539062500000000e+02
1.088554687500000000e+02
1.298125000000000000e+02
1.370156250000000000e+02
9.996875000000000000e+01
1.226210937500000000e+02
1.340195312500000000e+02
1.209648437500000000e+02
1.325937500000000000e+02
1.045507812500000000e+02
1.366484375000000000e+02
1.295898437500000000e+02
1.094335937500000000e+02
1.925468750000000000e+02
1.120781250000000000e+02
1.712851562500000000e+02
1.092109375000000000e+02
1.323750000000000000e+02
1.188437500000000000e+02
1.258164062500000000e+02
1.336367187500000000e+02
1.256250000000000000e+02
1.247382812500000000e+02
1.340742187500000000e+02
1.216328125000000000e+02
1.283515625000000000e+02
1.298632812500000000e+02
1.140664062500000000e+02
1.269140625000000000e+02
1.290039062500000000e+02
1.239960937500000000e+02
1.253867187500000000e+02
1.264296875000000000e+02
1.079843750000000000e+02
1.179882812500000000e+02
1.130195312500000000e+02
1.124843750000000000e+02
1.243125000000000000e+02
1.352109375000000000e+02
1.198203125000000000e+02
1.179257812500000000e+02
1.314648437500000000e+02
1.202734375000000000e+02
1.255000000000000000e+02
1.122773437500000000e+02
1.122304687500000000e+02
1.060039062500000000e+02
1.226875000000000000e+02
1.242109375000000000e+02
1.153085937500000000e+02
1.169218750000000000e+02
1.068515625000000000e+02
1.168437500000000000e+02
1.077890625000000000e+02
1.091992187500000000e+02
1.050234375000000000e+02
1.056796875000000000e+02
1.189179687500000000e+02
1.181250000000000000e+02
1.070000000000000000e+02
1.138203125000000000e+02
1.173164062500000000e+02
1.108945312500000000e+02
1.164843750000000000e+02
1.439218750000000000e+02
1.445390625000000000e+02
1.376523437500000000e+02
1.463046875000000000e+02
1.387382812500000000e+02
1.346562500000000000e+02
1.327578125000000000e+02
1.390429687500000000e+02
1.307578125000000000e+02
1.332070312500000000e+02
1.325507812500000000e+02
1.347421875000000000e+02
1.297578125000000000e+02
1.312265625000000000e+02
1.308320312500000000e+02
1.353203125000000000e+02
1.398125000000000000e+02
1.335429687500000000e+02
1.319921875000000000e+02
1.363828125000000000e+02
1.372968750000000000e+02
1.332421875000000000e+02
1.373984375000000000e+02
1.331953125000000000e+02
1.482109375000000000e+02
1.228828125000000000e+02
1.263320312500000000e+02
1.239101562500000000e+02
1.230898437500000000e+02
1.219609375000000000e+02
1.239726562500000000e+02
1.308867187500000000e+02
1.243242187500000000e+02
1.287070312500000000e+02
1.291210937500000000e+02
1.212500000000000000e+02
1.248164062500000000e+02
1.234414062500000000e+02
1.216171875000000000e+02
1.266757812500000000e+02
1.333867187500000000e+02
1.255273437500000000e+02
1.226210937500000000e+02
1.228281250000000000e+02
1.238085937500000000e+02
1.242421875000000000e+02
1.235703125000000000e+02
1.301406250000000000e+02
1.346210937500000000e+02
1.373242187500000000e+02
1.304687500000000000e+02
1.319335937500000000e+02
1.367070312500000000e+02
1.350742187500000000e+02
1.313359375000000000e+02
1.339882812500000000e+02
1.331679687500000000e+02
1.350820312500000000e+02
1.338476562500000000e+02
1.368320312500000000e+02
1.348515625000000000e+02
1.347695312500000000e+02
1.426406250000000000e+02
1.375000000000000000e+02
1.470703125000000000e+02
1.341328125000000000e+02
1.319882812500000000e+02
1.396171875000000000e+02
1.371953125000000000e+02
1.370273437500000000e+02
1.340117187500000000e+02
1.402851562500000000e+02
1.152070312500000000e+02
1.294843750000000000e+02
8.860937500000000000e+01
8.507421875000000000e+01
9.729687500000000000e+01
1.159882812500000000e+02
1.240820312500000000e+02
1.041718750000000000e+02
1.187187500000000000e+02
1.237617187500000000e+02
9.408984375000000000e+01
8.314843750000000000e+01
1.184531250000000000e+02
1.490273437500000000e+02
1.145390625000000000e+02
1.314492187500000000e+02
1.069921875000000000e+02
1.119921875000000000e+02
1.220312500000000000e+02
1.375781250000000000e+02
1.147851562500000000e+02
1.158320312500000000e+02
1.054882812500000000e+02
1.244296875000000000e+02
1.336523437500000000e+02
1.390937500000000000e+02
1.171054687500000000e+02
1.323984375000000000e+02
1.421445312500000000e+02
1.138281250000000000e+02
1.142343750000000000e+02
1.025156250000000000e+02
1.054218750000000000e+02
1.076484375000000000e+02
1.529492187500000000e+02
1.146015625000000000e+02
1.227265625000000000e+02
1.123242187500000000e+02
1.191523437500000000e+02
1.057617187500000000e+02
1.090664062500000000e+02
1.182148437500000000e+02
1.478476562500000000e+02
1.234492187500000000e+02
1.090156250000000000e+02
1.204960937500000000e+02
1.230312500000000000e+02
1.273789062500000000e+02
1.178476562500000000e+02
1.220976562500000000e+02
1.050195312500000000e+02
1.532656250000000000e+02
1.467343750000000000e+02
1.809687500000000000e+02
1.633085937500000000e+02
1.357617187500000000e+02
1.842226562500000000e+02
1.774765625000000000e+02
1.879843750000000000e+02
1.258320312500000000e+02
1.317304687500000000e+02
1.296210937500000000e+02
1.367734375000000000e+02
1.776015625000000000e+02
1.441445312500000000e+02
1.337695312500000000e+02
1.494414062500000000e+02
1.480976562500000000e+02
1.769453125000000000e+02
1.351289062500000000e+02
1.800234375000000000e+02
1.717382812500000000e+02
1.371406250000000000e+02
1.312070312500000000e+02
1.476210937500000000e+02
1.414414062500000000e+02
1.840546875000000000e+02
1.866718750000000000e+02
1.573515625000000000e+02
1.301015625000000000e+02
1.784375000000000000e+02
1.739140625000000000e+02
2.036093750000000000e+02
1.333593750000000000e+02
1.564453125000000000e+02
1.853164062500000000e+02
1.049843750000000000e+02
1.386054687500000000e+02
1.447578125000000000e+02
1.740039062500000000e+02
1.161601562500000000e+02
1.200156250000000000e+02
9.766406250000000000e+01
1.212929687500000000e+02
1.257226562500000000e+02
1.194726562500000000e+02
1.110898437500000000e+02
1.143320312500000000e+02
1.329609375000000000e+02
9.775781250000000000e+01
1.355390625000000000e+02
1.218085937500000000e+02
9.533203125000000000e+01
1.194062500000000000e+02
1.794882812500000000e+02
2.262617187500000000e+02
1.427617187500000000e+02
1.171250000000000000e+02
1.938203125000000000e+02
2.355429687500000000e+02
2.552812500000000000e+02
1.529726562500000000e+02
1.573632812500000000e+02
1.494023437500000000e+02
1.632148437500000000e+02
1.827812500000000000e+02
1.850742187500000000e+02
1.766718750000000000e+02
1.355898437500000000e+02
1.424531250000000000e+02
1.470351562500000000e+02
1.928046875000000000e+02
2.008945312500000000e+02
1.828945312500000000e+02
1.771171875000000000e+02
1.992890625000000000e+02
1.486328125000000000e+02
1.425937500000000000e+02
1.631601562500000000e+02
1.965390625000000000e+02
1.100390625000000000e+02
1.086015625000000000e+02
1.084492187500000000e+02
1.116171875000000000e+02
1.099335937500000000e+02
1.066562500000000000e+02
1.119726562500000000e+02
1.210000000000000000e+02
1.124570312500000000e+02
1.314023437500000000e+02
1.327773437500000000e+02
1.086054687500000000e+02
1.059453125000000000e+02
1.023476562500000000e+02
9.836718750000000000e+01
9.903515625000000000e+01
1.102578125000000000e+02
1.311523437500000000e+02
9.874218750000000000e+01
1.079609375000000000e+02
1.068593750000000000e+02
1.133750000000000000e+02
1.095390625000000000e+02
1.094296875000000000e+02
1.170898437500000000e+02
1.173281250000000000e+02
1.286445312500000000e+02
1.153945312500000000e+02
1.270273437500000000e+02
1.053007812500000000e+02
1.009921875000000000e+02
1.347656250000000000e+02
1.198242187500000000e+02
1.204687500000000000e+02
1.062031250000000000e+02
1.222109375000000000e+02
1.175039062500000000e+02
1.117578125000000000e+02
1.187968750000000000e+02
1.147031250000000000e+02
1.323046875000000000e+02
1.241289062500000000e+02
1.250195312500000000e+02
1.210390625000000000e+02
1.320742187500000000e+02
1.233593750000000000e+02
1.196132812500000000e+02
1.256367187500000000e+02
1.303203125000000000e+02
1.264101562500000000e+02
1.362968750000000000e+02
1.396445312500000000e+02
1.269140625000000000e+02
1.250195312500000000e+02
1.229218750000000000e+02
1.261210937500000000e+02
1.340156250000000000e+02
1.271875000000000000e+02
1.281796875000000000e+02
1.188164062500000000e+02
1.458632812500000000e+02
1.346132812500000000e+02
1.120078125000000000e+02
9.210937500000000000e+01
1.060937500000000000e+02
9.512890625000000000e+01
1.040625000000000000e+02
1.128398437500000000e+02
9.295703125000000000e+01
9.266015625000000000e+01
1.198007812500000000e+02
9.223437500000000000e+01
1.158125000000000000e+02
1.269570312500000000e+02
1.224960937500000000e+02
1.023476562500000000e+02
1.051171875000000000e+02
1.152148437500000000e+02
1.360195312500000000e+02
1.786367187500000000e+02
1.471562500000000000e+02
1.424960937500000000e+02
1.252968750000000000e+02
1.424609375000000000e+02
1.870273437500000000e+02
1.614648437500000000e+02
1.313046875000000000e+02
1.413789062500000000e+02
1.443320312500000000e+02
1.513242187500000000e+02
1.403085937500000000e+02
1.474375000000000000e+02
1.332968750000000000e+02
1.700351562500000000e+02
1.305820312500000000e+02
1.247031250000000000e+02
1.397343750000000000e+02
