9.560151616903569405e-01
9.204622264485423644e-01
9.287915871940496393e-01
9.180673042684854845e-01
9.704418249719932721e-01
8.983713939958520855e-01
9.224945753129736303e-01
9.034852452718280524e-01
8.863106501589421704e-01
9.407315466745620469e-01
9.505289838398993663e-01
8.991044226634281600e-01
9.768163745513900320e-01
9.051396232075887838e-01
9.292893053787625313e-01
8.908284852943939569e-01
8.950373248747502952e-01
9.193698861038501757e-01
9.526704497379034908e-01
9.223033472612797157e-01
9.081267165368318572e-01
9.034260691618760664e-01
8.637711442001477780e-01
9.304057721225296174e-01
9.486163114170170774e-01
9.229737831452020647e-01
8.958865522326798780e-01
9.103501250080898721e-01
9.170302116274298143e-01
8.708550735010234245e-01
9.064496914787055770e-01
9.307034519373541537e-01
8.964048790433386538e-01
9.233022132859016740e-01
9.225874510716211008e-01
9.276367041032644867e-01
9.851585429635556501e-01
9.385031784810397015e-01
9.525248735924544130e-01
9.487269751711160382e-01
9.631691233774886118e-01
9.589908851639386000e-01
9.251701838143896461e-01
9.373557443417612767e-01
9.288117659414416583e-01
9.786036871128206416e-01
9.767890684358406794e-01
9.798681247713152409e-01
9.675822031151115610e-01
9.705155148640098872e-01
9.475202930169341897e-01
9.759893380760242820e-01
9.403278927108885688e-01
9.796622629226672263e-01
9.613848539993242737e-01
9.554636027348620830e-01
9.647512798671751266e-01
9.656424683550133281e-01
9.786185281393640079e-01
9.803822484012865157e-01
9.657859926164216180e-01
9.141543527121244184e-01
9.569440270153629635e-01
9.455478012504127117e-01
9.031142008440327107e-01
9.768506466881295980e-01
9.658160458710061125e-01
9.397373215002080560e-01
9.875532395048283174e-01
9.859449461933367242e-01
9.875389922222264083e-01
9.803973072454730264e-01
9.227771644743796298e-01
9.327320616177543489e-01
9.318058647646121351e-01
9.408102731881404779e-01
9.167137546799826175e-01
9.068227057512875389e-01
9.504742477580037097e-01
9.590859733457395286e-01
8.942527431359356127e-01
9.523440157995330946e-01
9.567515091343836708e-01
9.214125372743611209e-01
9.475182094848189074e-01
9.562077478318509183e-01
9.741761052742489158e-01
9.282838594428800549e-01
9.501333942876462046e-01
9.495009876976927554e-01
9.512404611704211588e-01
9.615978417334221096e-01
9.556936425841779936e-01
9.450664011297753575e-01
9.587272288467214576e-01
9.713779153141031131e-01
9.239428255247104094e-01
9.556837985964603543e-01
9.653608704127832896e-01
9.498870180220173598e-01
9.574229393877345951e-01
9.095771300187294184e-01
9.048353552013430612e-01
9.689801024901805171e-01
9.530558585804578264e-01
9.338739899221194518e-01
9.775902763619214175e-01
9.318604393457836643e-01
9.167231876253336686e-01
9.684045702497940944e-01
9.826141589422453526e-01
9.357768618689992213e-01
8.982029023790694122e-01
9.257848345141344026e-01
9.679418256944516408e-01
9.150040693614167608e-01
9.020574093678508376e-01
9.662197014429032560e-01
9.488815994423205336e-01
9.781607462111938656e-01
9.554667982004989568e-01
9.549065553056597100e-01
9.690913755855821154e-01
9.768829873106512629e-01
8.791503612889222108e-01
9.780743295859355424e-01
9.085384835884169341e-01
9.338465953356367422e-01
9.806596429044651675e-01
9.489135024226689197e-01
9.534610983815821061e-01
9.200504312832780140e-01
9.414949536951346953e-01
9.357249722345157839e-01
9.083556367095946271e-01
9.096732277261460053e-01
8.677047220619262813e-01
9.496763134604080392e-01
9.530675890457882549e-01
8.780737166028480534e-01
9.320272904607969089e-01
9.818270436317171335e-01
9.178907218575146354e-01
9.105364229939481024e-01
9.179134929938171927e-01
9.244435870691114498e-01
8.595623703212779132e-01
9.215037315148895125e-01
8.708957766753185892e-01
9.238861274221166209e-01
9.045813724359789143e-01
8.407774997950032692e-01
8.161797988066515908e-01
8.531298076566559141e-01
8.469929210896460781e-01
8.445335402859182050e-01
9.812191788721870145e-01
8.773396127417365520e-01
9.067441952539977423e-01
9.701701408435734475e-01
8.639461442883196174e-01
8.657121905116416105e-01
9.585221619868908860e-01
9.382243725117470623e-01
9.084262482186986620e-01
9.263474149680084313e-01
9.209191603502500101e-01
9.225580364672170131e-01
9.052708132203837188e-01
9.272714289530765708e-01
7.738084032319304528e-01
8.908997290315777695e-01
9.388447485676657545e-01
9.265311049318002423e-01
9.340974752295090333e-01
9.770113447048114352e-01
9.036344350551754889e-01
9.575037188371962049e-01
9.538392088596452378e-01
9.311823912179374441e-01
9.580887892738896294e-01
9.061702312761183986e-01
9.626086528531246911e-01
8.887276444082341520e-01
9.039741448195556250e-01
9.278265756867698499e-01
9.375796981485744475e-01
8.858301531702600373e-01
9.636984507873512795e-01
9.414121868742215682e-01
9.003020527759473257e-01
9.494188068403592862e-01
8.255906983392773402e-01
8.348889585935289626e-01
9.560110915003442456e-01
8.837156488049245917e-01
9.164459412012440076e-01
8.701875920870369985e-01
9.687735391641627558e-01
9.340166303217566357e-01
9.277031588407067542e-01
7.754238224322140827e-01
9.041755515546532340e-01
8.636714053470723185e-01
9.288184244707594628e-01
8.919963086372406647e-01
9.143013833405164714e-01
9.037741082119362668e-01
9.360776370193951701e-01
8.783205012736465811e-01
7.948538180664973529e-01
9.096989810364272122e-01
8.692473708224417450e-01
9.250293957234876352e-01
8.554449613661594398e-01
8.994155007834184756e-01
8.383052473827787843e-01
7.690648775951822724e-01
8.462441691448583381e-01
8.994554418592602962e-01
9.714551988158988127e-01
9.694567133073473952e-01
9.783405305801404772e-01
9.804325148778813004e-01
9.857420186024377085e-01
9.606998650085983860e-01
8.981225481168517710e-01
9.211036775673915322e-01
9.314355363624495787e-01
9.488070044865716257e-01
9.565708955301233107e-01
9.092627991344263139e-01
9.683706265143646741e-01
9.322939906017169154e-01
9.017666947273275113e-01
9.274020563942064754e-01
9.025243288712128109e-01
9.685133607967686409e-01
9.564703214056300418e-01
9.328818717974798336e-01
8.758730660345923624e-01
9.546794988259463821e-01
9.442184205521593210e-01
9.291873376599997236e-01
9.762698347054761250e-01
9.503834703076425861e-01
8.755681861551800615e-01
9.528959116764218473e-01
9.433155758443467764e-01
8.802796029689299306e-01
8.940393285422885139e-01
9.026478859938101840e-01
8.832213390645637929e-01
9.185265412276917285e-01
9.300976548647834630e-01
9.054858918739383533e-01
8.564604782797324845e-01
9.294335082841826967e-01
8.780497729323624156e-01
9.095282906552035751e-01
9.453055221959685284e-01
8.990683960557599441e-01
8.879218089866931507e-01
9.231964691653086197e-01
9.501215792656436676e-01
9.254021884135446019e-01
9.352380075643836888e-01
8.938171057790869067e-01
9.556338566449418259e-01
8.361188003937005675e-01
8.986542123330710785e-01
9.112976431349767426e-01
8.791679620657812944e-01
7.046727631052271956e-01
8.958801788400947430e-01
9.410610934225305257e-01
8.376377633207274798e-01
9.595505153473403714e-01
8.541011283697247380e-01
8.323381462603149927e-01
8.786540127139863543e-01
9.575509164727046274e-01
9.469269495159619021e-01
9.275976642169753150e-01
9.071166691049560304e-01
8.662702382535754086e-01
8.511137443647194267e-01
8.719317855603642142e-01
8.519539386742156495e-01
8.725390139862791994e-01
9.019241156541042415e-01
9.187094922629065463e-01
8.719753981503721718e-01
9.229348116621732823e-01
9.184636821636410486e-01
9.272725156111096823e-01
8.702486673732786615e-01
8.950498140084379717e-01
8.535341286673872041e-01
8.521130938175502934e-01
9.399324929093342273e-01
9.261549708890478572e-01
9.362806321701245826e-01
9.315252414834740424e-01
9.180074047070528875e-01
9.133380348268804738e-01
9.058888097436795794e-01
9.112088426627792392e-01
9.496866611238230504e-01
9.525392832120787023e-01
9.265888509494544234e-01
9.271800722572729470e-01
9.128556008706684155e-01
9.035960357404417831e-01
9.417818946549942893e-01
9.248674967229972843e-01
9.442979850226943528e-01
9.480104423692103932e-01
9.158272352526193316e-01
8.987843030135440614e-01
9.380206805108747270e-01
9.538574325337626503e-01
9.153203202900447311e-01
9.492561133550712071e-01
8.786800853883964812e-01
8.924589874499972986e-01
9.248357466505046087e-01
9.620944402547516594e-01
9.515377781597569307e-01
9.254135515513908228e-01
9.185126502065990017e-01
9.618922836753216465e-01
9.389898232878002293e-01
9.103952483025889997e-01
9.254988024781261036e-01
9.343743979567207258e-01
9.253676556415504351e-01
9.506322018991455458e-01
9.130402108456671106e-01
8.588235369809329445e-01
8.764096209096146062e-01
9.413229645767811071e-01
9.435726946550084815e-01
9.645167437279676959e-01
9.196741300289128507e-01
9.262242788148349337e-01
9.127414602836957380e-01
9.352319743435849597e-01
9.424674171358455865e-01
9.268935201555217329e-01
9.317314721529212918e-01
9.366141870992291674e-01
9.569777526653133748e-01
9.293940384862160453e-01
9.292843775172457965e-01
9.531785767297193956e-01
9.577606822932467345e-01
9.424530066615059987e-01
9.663848848941622993e-01
9.519153490477334500e-01
9.229146965782091261e-01
9.264400083915478312e-01
9.440280573203381209e-01
8.908442028795977574e-01
9.536167832495412444e-01
9.690335272133527855e-01
9.575847647227949677e-01
9.299144450707308440e-01
9.440708879641357409e-01
9.027410709707954783e-01
9.307816163063539205e-01
9.295233294011653324e-01
9.088475258588774031e-01
9.518517413800007265e-01
8.545910095559551278e-01
8.998537069423655499e-01
9.368670853980857194e-01
9.060253403330902344e-01
9.040904992762364145e-01
9.269887111307333338e-01
9.263686305661460452e-01
8.967110293488449457e-01
9.095856379122990720e-01
8.026690097603008667e-01
9.491547276712314352e-01
9.025835852491026490e-01
8.915586830603011714e-01
8.897653153097260237e-01
9.300731109663340490e-01
9.335869455166941888e-01
9.278204890408219274e-01
9.180337279655792493e-01
9.115716654677715747e-01
8.973041271800787921e-01
9.282539029045506762e-01
8.747677334173316055e-01
8.810225015762568335e-01
9.240458281657587536e-01
9.349010983243143391e-01
8.685844151010555514e-01
8.812457272710720879e-01
9.018118135391997026e-01
9.194308272854567754e-01
9.290234572981614924e-01
8.419435396578418551e-01
9.115087377067001562e-01
8.811588796814169289e-01
9.465506538586307972e-01
8.660009896686680086e-01
8.907756417289842688e-01
8.693085507224425079e-01
8.588411468301340168e-01
8.825894252758285097e-01
9.374636355644638819e-01
9.282658971926165403e-01
9.408554563082585087e-01
9.326400832728465318e-01
8.934965027708602348e-01
8.582966084809899865e-01
9.006995770099011089e-01
9.374594352966222344e-01
9.233678726584847452e-01
8.584738701835540331e-01
9.252083332179652508e-01
9.132042149719330482e-01
8.561862609188066742e-01
8.503344373382586419e-01
8.785927843078096267e-01
8.783991482479415192e-01
9.128233306471826847e-01
9.208802690747884823e-01
8.899538902460231160e-01
9.202880684903260722e-01
9.226275268540375940e-01
9.599149328874234666e-01
8.804476358400677993e-01
8.912630718940698360e-01
9.179740573682726446e-01
9.216761919539389059e-01
8.741084195132917678e-01
8.876885333306897552e-01
8.777807260865622130e-01
8.860177579813204307e-01
8.246466435899484360e-01
9.045941252985214565e-01
9.397401378619426593e-01
9.228080043798243537e-01
8.841895605362086741e-01
9.056756885967995885e-01
9.223787954090852947e-01
9.222416837407544365e-01
8.665668069325492828e-01
9.406681823865081782e-01
9.167100370497852646e-01
9.140663476249227815e-01
9.452280093885359058e-01
9.162000178764539982e-01
9.365329978426188973e-01
9.332347411871573239e-01
9.581267179952714930e-01
9.339289664032808247e-01
9.462538263444234543e-01
9.655881445912319894e-01
9.492995310171604695e-01
9.483766708663456946e-01
9.625010017527377837e-01
9.127652382486255433e-01
9.275644043032520436e-01
8.967843306903878764e-01
9.293789187535146379e-01
9.552238175025608014e-01
9.339745962743555285e-01
9.460670226934475568e-01
9.600168031982769801e-01
9.492995693298676985e-01
9.678215829506617851e-01
9.561677669989208095e-01
9.343704528204923587e-01
9.629078838361155857e-01
9.502608396317793193e-01
9.297640290395233764e-01
9.121457279764006998e-01
9.144138064321765125e-01
9.357366710868921800e-01
9.161123992107256253e-01
9.359318398161616814e-01
9.706071841382195586e-01
9.647753681331119324e-01
9.211293383869980644e-01
9.459859733363457091e-01
9.643239896729938199e-01
8.149905696485689743e-01
9.208065807702042749e-01
9.536016340293005378e-01
8.766639018391649829e-01
8.814162133078259354e-01
8.965155846228136660e-01
9.112060238174777282e-01
9.095000136754248787e-01
9.147686584591525616e-01
8.868885068975209673e-01
8.647956970013137568e-01
9.630783391173838304e-01
9.216986416342840549e-01
8.743752126007446890e-01
8.568344602311180891e-01
8.971971324773779788e-01
8.819327973985664482e-01
8.534600053084326898e-01
9.010782271055569614e-01
8.677917530237169164e-01
9.170970334065633445e-01
9.237826105899491491e-01
9.629539422105501956e-01
9.286113163981359886e-01
8.989023834062576102e-01
7.247165128323576067e-01
8.486069766300834427e-01
8.101889073364043625e-01
8.576374123024311791e-01
7.345259262525455357e-01
8.648897862612103804e-01
8.573260211353885829e-01
8.874551266684074236e-01
8.006039088494646405e-01
8.847484598229504726e-01
9.178142544589680263e-01
8.340229228509737913e-01
8.943102806052016795e-01
9.066682757958848260e-01
9.646787959598347451e-01
9.439054853587748317e-01
8.949923701848183644e-01
9.247852726940604118e-01
9.343746284346761133e-01
9.082261096600379169e-01
9.478366922860181898e-01
9.652020832976877518e-01
9.358058805530130586e-01
8.641787814897115005e-01
7.621260151221520562e-01
8.884121165264063924e-01
7.554808597297959505e-01
8.919461060964360977e-01
9.573990158250494931e-01
8.915382591625440334e-01
9.205610286939893694e-01
9.074994900483064342e-01
8.984898499177196296e-01
8.878181454346965040e-01
8.848977129672576103e-01
8.853022454983855427e-01
8.612761209728627687e-01
8.758111014225534730e-01
8.670395337367708954e-01
8.622765603247821709e-01
8.720543382407279775e-01
8.847681969909900745e-01
8.909722527766217315e-01
8.917067188844126635e-01
8.772303256348177314e-01
8.381771120772055772e-01
8.581864233965063038e-01
8.328331925755343423e-01
8.813277328851387704e-01
8.641919796252242048e-01
8.725131486599777553e-01
8.427979439635879810e-01
8.690731964520931330e-01
9.405650663293869673e-01
9.466659813143246671e-01
9.416024071449056176e-01
9.144086208837861607e-01
9.556916677885777256e-01
9.579857820786050748e-01
9.582048903661306571e-01
9.103136758821994690e-01
9.230786560102041127e-01
9.234516237878100942e-01
9.148187354682676409e-01
8.937370547460417036e-01
9.114061136302249455e-01
9.019201783884561729e-01
9.274243188540753913e-01
9.279363208488592418e-01
9.589373399788339025e-01
8.914292470120703804e-01
9.119401504631361455e-01
9.288822826206810657e-01
9.293072877813559618e-01
9.222624664633793934e-01
9.429639420261037852e-01
9.355123903526961771e-01
9.647179730215633686e-01
9.289702957283585416e-01
9.378821510614961943e-01
9.492119079515166646e-01
9.595107034290062398e-01
9.346739406377768677e-01
9.521887168178512217e-01
9.623142309678319739e-01
9.468496168445368344e-01
9.503295001288020183e-01
9.648880290679893168e-01
9.697023909227084904e-01
9.648913497050504162e-01
9.701322200464999046e-01
9.048478459215945069e-01
9.583531307474690841e-01
9.590151352936111540e-01
9.606151281651149620e-01
9.515239100036108066e-01
9.713871595902177081e-01
9.034496812980248315e-01
9.036782775439899940e-01
9.416995632201284883e-01
8.973783729257576169e-01
8.793402157632714822e-01
9.283935095547553029e-01
9.023527728649377577e-01
9.211956665117678744e-01
9.267146375401651426e-01
9.439389645175898513e-01
9.334792081517455653e-01
9.488589479765915380e-01
9.227730097211899185e-01
9.249808607297665963e-01
9.510087810738050429e-01
9.443255806624550885e-01
9.567059842479214149e-01
9.319330235641832827e-01
9.740748598264610258e-01
9.350563785671581751e-01
9.449849968775528852e-01
9.654723551711608120e-01
9.368095601134329709e-01
9.359537324418170101e-01
9.277667510302480824e-01
9.304682156542902760e-01
9.449720311873454071e-01
9.441565265931597395e-01
9.592330766397529906e-01
9.578736866563561936e-01
9.325853807524608907e-01
9.348354202865443163e-01
9.310865162215813395e-01
9.297596360433608709e-01
9.431773044961848651e-01
9.216434126363783896e-01
9.087004355683510060e-01
9.199845535830442067e-01
9.608082330018049566e-01
9.415566298212254548e-01
9.276346002453110806e-01
9.081923392006885365e-01
9.061303248737543337e-01
9.121583147530052393e-01
9.309275682174682487e-01
9.293148422338963766e-01
9.130657871052343388e-01
8.855198191487820836e-01
9.371058562332756914e-01
9.291218358901718322e-01
9.376729885190864255e-01
8.362365833357169320e-01
8.767054547263795072e-01
8.598729530094673112e-01
7.857483169589336569e-01
9.303774248809735248e-01
8.534930524447165157e-01
8.412936277521098072e-01
9.163818373890133540e-01
8.651953875446202202e-01
9.326040979658968277e-01
8.670987847629532119e-01
8.469029476406502166e-01
9.066633832773434154e-01
8.456491060940469762e-01
9.133901020197396914e-01
8.447213615058021263e-01
8.613270457654973455e-01
9.234625955223646487e-01
8.791875750492750274e-01
9.071236745218833608e-01
9.154437018332132192e-01
8.022201792560827993e-01
8.810260535486920119e-01
7.933912934265875405e-01
8.554025456466204380e-01
9.002479083965828632e-01
9.105697873259510633e-01
9.445098708899731799e-01
8.882496220641501461e-01
9.198836882460832420e-01
8.683014790253700266e-01
8.803022806063539596e-01
9.043802374662668342e-01
9.464427700389521636e-01
9.307871555500961680e-01
9.337942177217990469e-01
8.834197773891128147e-01
9.086119876763221193e-01
9.332253449012447577e-01
8.876766291186702906e-01
8.848149761853787432e-01
9.383063002432355804e-01
9.008040615741090829e-01
9.085886010732284745e-01
9.474636361638467674e-01
9.214192288238484130e-01
8.869627214441655472e-01
9.665509240545959724e-01
8.964602420846874420e-01
8.637085968795989999e-01
9.280743367346406814e-01
9.191567997250718047e-01
9.732434169233437071e-01
9.332885906670851384e-01
9.093540983036777492e-01
9.781398478674954156e-01
9.638137231243225633e-01
9.689805939083616648e-01
9.515508678140518484e-01
9.494960380111406861e-01
9.346522069959224410e-01
9.508973889489794606e-01
9.758808610014572116e-01
8.823823806668598113e-01
9.323613424983736575e-01
9.355779661852354767e-01
9.315644795803593725e-01
9.774563679222629808e-01
9.399596315917186917e-01
9.891429939402835991e-01
9.659193198279881765e-01
9.426934114603275905e-01
9.381163873188624880e-01
9.453504784905428782e-01
9.293755241002881196e-01
9.905580669203877253e-01
9.785735415592093922e-01
7.982112582263725109e-01
8.546476918664359657e-01
8.512904127534541843e-01
7.488648217715300204e-01
7.982537867192728287e-01
8.285577380759864274e-01
9.134307059732327261e-01
8.403714021840045234e-01
7.829694446531587637e-01
8.630770972834120869e-01
7.141359580375390426e-01
9.332317011004127583e-01
8.317834443123761634e-01
8.444357186274771276e-01
8.174836188211405119e-01
8.449335800576359690e-01
8.426797546700557362e-01
7.381865420115137910e-01
8.586845597953473019e-01
8.189715976461923175e-01
8.439832437843167723e-01
8.221053375678386566e-01
8.365392008487293474e-01
8.252755927750525800e-01
7.947950073048719588e-01
7.597993096954935854e-01
7.527896964749644093e-01
7.320772012257115158e-01
6.865720328029556452e-01
7.406161986069825787e-01
7.876033080198451275e-01
7.136042045588208982e-01
7.781577933589300944e-01
7.208338059781095319e-01
7.489647632322761206e-01
7.888814534127797096e-01
7.322086300775587642e-01
7.613774843794260949e-01
8.089296728777154444e-01
7.619381573273931174e-01
6.971423577214009848e-01
6.680248317683640247e-01
7.904449265865371999e-01
7.063546330458356781e-01
7.076293647647489138e-01
7.335138120279846019e-01
8.188045461308635087e-01
7.609630643884481849e-01
6.828194687464671508e-01
8.023970497916335098e-01
7.343357552749116834e-01
8.008318039716457726e-01
9.289512422799953706e-01
9.440656930906412558e-01
9.359053678164189760e-01
9.451945843494129473e-01
9.260509904662673764e-01
9.234077291883565630e-01
9.530358088589396814e-01
9.018682213801314518e-01
9.415862020274119448e-01
7.548039497727017100e-01
9.041771506711795414e-01
8.931276091305759834e-01
9.329063597272593267e-01
9.215995206814320273e-01
9.144328031332404905e-01
9.015685783752889204e-01
9.564404659272611742e-01
9.175285736703249206e-01
8.965352567857165500e-01
9.520227637024928358e-01
9.500754468288427068e-01
9.315537100555623118e-01
9.368716133188967898e-01
9.447587739678453556e-01
9.316799064596802404e-01
9.264973493216230871e-01
9.459764540037532976e-01
9.197262970439127328e-01
9.545603136504429154e-01
9.368354310858444389e-01
9.418159755286207302e-01
9.541536198100218913e-01
9.645740601889212229e-01
9.379017383830370314e-01
9.106926083009480033e-01
9.226142677198516662e-01
9.600995791618496256e-01
9.082966061893729126e-01
9.401665009314885690e-01
9.400894628595467539e-01
9.112622237504237610e-01
9.630108125925709306e-01
9.574994562020162636e-01
9.700407780171961258e-01
9.684902371280535993e-01
9.416042921231044804e-01
9.508436423498899392e-01
9.587610600579734577e-01
9.391744094721979907e-01
9.238315611019081164e-01
9.929157878493861666e-01
9.491548972360248637e-01
9.360708576473825149e-01
9.609415458643875141e-01
9.504654671253074394e-01
9.300035752596040872e-01
9.592213206690873850e-01
9.459017055367574534e-01
9.349255563892968635e-01
9.149360710957588072e-01
9.739958929019603140e-01
9.292865541147292685e-01
9.407562093828321093e-01
9.255429647516739688e-01
9.367130289990504011e-01
9.115658847742464932e-01
9.454484262494556868e-01
9.331612494279566405e-01
9.224642038161325885e-01
9.156979528111582889e-01
9.698213959419923480e-01
8.854226471311861246e-01
9.252352453722052505e-01
9.367186879846707281e-01
9.307810505874416496e-01
9.219253140223323539e-01
9.483532537003558360e-01
9.203319515837282694e-01
9.234643564036995045e-01
9.306976493420693330e-01
9.371027837788553638e-01
8.852316549983091365e-01
8.722683703136226985e-01
9.284991321171780498e-01
9.316434307957119909e-01
8.802754857265795430e-01
8.760460356769639301e-01
8.398434572445923063e-01
8.586737169514002677e-01
9.210650370136423959e-01
9.766427949442877399e-01
9.234364206423911758e-01
8.981099379827510720e-01
9.111364853198051783e-01
9.175859419940389783e-01
9.048012921939462272e-01
9.052558175263647477e-01
