3.267107999021526266e-01
3.343321917808219079e-01
2.936261619373776721e-01
3.660255626223091752e-01
2.331136863992172292e-01
3.028834393346379605e-01
2.771908635029354251e-01
2.682622920743639727e-01
2.818768346379647571e-01
3.862295132093933603e-01
3.837833292563600507e-01
3.114527274951076063e-01
2.420651908023483401e-01
3.294398238747553997e-01
2.719392123287671104e-01
2.730399951076321052e-01
2.463460127201565486e-01
3.900134540117417004e-01
2.293450342465753466e-01
3.198232632093933603e-01
3.444150562622309009e-01
3.397902397260273988e-01
2.556109344422700658e-01
3.981775929549902227e-01
4.034980430528375961e-01
3.890884907045009666e-01
3.449348703522505111e-01
3.275210983365949291e-01
3.268483977495107440e-01
2.839866682974559464e-01
2.751039628180039220e-01
3.828812989236790587e-01
3.370153498043053086e-01
3.397214408023483401e-01
2.260809075342465890e-01
2.384264921722113462e-01
2.501834637964774899e-01
2.307210127201565486e-01
3.584959026418786943e-01
3.465784001956946914e-01
3.160469667318982490e-01
2.490291707436399216e-01
3.191964285714285476e-01
2.614741316046966801e-01
3.386206580234833452e-01
2.279079011741682870e-01
2.330219545009784843e-01
2.419428816046966801e-01
2.396648727984344307e-01
2.463383683953033199e-01
2.814258194716242611e-01
3.746789383561643927e-01
3.200755259295499089e-01
3.523116438356164171e-01
3.522657778864970446e-01
2.302852862035225101e-01
2.438616071428571508e-01
3.700770547945205213e-01
2.452070083170254378e-01
3.596196183953033199e-01
3.473963429549902227e-01
2.860965019569471357e-01
3.377339163405088107e-01
3.249831824853228746e-01
3.021419398238747722e-01
2.387169765166340385e-01
2.421492783757338563e-01
3.406616927592954758e-01
3.764829990215264321e-01
2.456656678082191902e-01
2.436475660469667182e-01
2.420269691780821963e-01
2.424321183953033199e-01
2.082161203522504833e-01
2.115719789628180136e-01
2.087970890410958957e-01
2.147137964774951113e-01
2.106699486301369939e-01
2.738732265166340385e-01
2.143621575342465890e-01
2.053418542074363917e-01
2.774737035225048887e-01
2.643331090998042865e-01
2.148208170254403138e-01
2.949944960861056731e-01
3.033038772015655415e-01
2.731393713307240789e-01
2.176033512720156604e-01
2.255381604696673203e-01
2.561001712328767055e-01
2.690190802348336740e-01
2.169841609589041043e-01
2.614282656555773077e-01
2.519875244618395294e-01
2.665576076320939070e-01
2.926400440313111639e-01
2.532794153620352429e-01
2.777641878669275810e-01
2.561383928571428492e-01
2.043251590019569408e-01
2.044398238747553720e-01
2.109910102739726012e-01
2.086059809197651771e-01
2.735062989236790587e-01
2.584164016634050709e-01
2.860888576320939070e-01
2.869450220156555820e-01
3.172777030332680770e-01
1.953125000000000000e-01
2.852250489236790587e-01
2.178785469667318953e-01
2.339086961839530465e-01
3.083491316046966801e-01
3.555375489236790587e-01
2.867386252446184058e-01
1.953736545988258300e-01
2.258974437377690714e-01
2.819303449119373584e-01
3.157259050880626416e-01
2.861041462818003644e-01
3.387964774951076063e-01
3.297226638943248633e-01
2.656173556751467713e-01
2.829699730919765233e-01
2.520181017612524443e-01
2.890472113502935425e-01
2.855308219178082085e-01
2.140105185909980390e-01
2.190939946183952935e-01
3.032809442270058553e-01
2.885350415851272166e-01
3.219101638943248633e-01
2.849880748532289676e-01
3.326504403131115284e-01
3.243563478473581174e-01
2.959576810176125505e-01
2.024905210371819864e-01
2.742630870841487045e-01
2.863028987279843673e-01
3.138912671232876872e-01
3.676843811154598685e-01
3.184014187866927581e-01
3.100614603718199747e-01
3.676920254403130972e-01
3.763301125244618572e-01
3.486347235812133349e-01
3.293404476516634261e-01
3.561185176125244434e-01
3.099009295499021710e-01
3.434824486301369939e-01
3.443844789628179859e-01
3.986515410958904049e-01
3.397825954011741700e-01
4.227005870841487045e-01
4.292135518590998178e-01
4.168373899217220901e-01
3.867187500000000000e-01
3.143193493150684970e-01
3.267490215264187703e-01
3.393315802348336740e-01
3.311215753424657793e-01
3.269630626223091752e-01
3.874526051859099596e-01
3.501788772015655415e-01
3.420911815068493067e-01
3.496055528375733856e-01
3.668205724070450202e-01
3.608350660469667459e-01
3.424733977495107440e-01
3.519676492172211235e-01
3.156876834637964979e-01
3.273376345401174392e-01
3.462114726027397116e-01
2.436017000978473457e-01
2.633469911937377783e-01
2.916845034246575152e-01
2.512078033268101973e-01
2.592725660469667459e-01
2.727877323874755566e-01
2.865780944227006022e-01
2.603045499021526266e-01
2.481653620352250456e-01
2.956136863992172015e-01
2.324180528375733856e-01
3.093428938356164171e-01
2.500764432485322875e-01
2.403910836594911893e-01
1.952742783757338563e-01
2.598688233855185881e-01
2.520792563600782743e-01
2.611377813111546153e-01
2.852250489236790587e-01
2.378378791585127328e-01
2.430742416829745622e-01
2.658543297455968624e-01
2.955448874755381428e-01
2.434258806262230845e-01
2.188799535225048887e-01
2.428831335616438436e-01
3.410897749510763410e-01
2.366377201565557642e-01
2.767474926614481578e-01
2.311261619373776999e-01
2.467817392367906149e-01
2.438233855185910071e-01
3.063157411937377783e-01
3.064686276908023532e-01
2.331671966731898304e-01
2.884433096868884716e-01
2.061827299412915815e-01
2.065343688845401038e-01
3.046645670254403138e-01
2.458797089041095951e-01
2.292762353228962879e-01
2.539062500000000000e-01
3.590157167318982490e-01
3.045346135029354251e-01
2.988472358121330719e-01
3.043435053816047065e-01
2.282060298434442358e-01
2.683922455968688614e-01
2.712588674168297520e-01
2.708307852250489423e-01
2.760289261252446003e-01
2.643866193737768877e-01
2.665958292563600507e-01
2.180237891389432414e-01
2.439304060665362095e-01
2.314701565557729934e-01
2.606179672211350051e-01
2.432806384540117384e-01
2.181002323874755289e-01
2.552516511741683147e-01
2.591349681996086285e-01
2.519875244618395294e-01
2.685221991193737501e-01
2.330754647749510855e-01
2.818462573385518422e-01
2.642490215264187703e-01
2.243380014677103795e-01
1.984619618395303264e-01
2.476379036203522621e-01
2.130855552837573330e-01
2.369282045009784843e-01
2.599681996086105618e-01
2.098443615459882616e-01
2.197131849315068497e-01
2.178709026418786665e-01
2.706090998043053086e-01
2.389539505870841574e-01
2.622385640900195547e-01
2.095156555772994256e-01
2.314090019569471635e-01
2.440450709393346407e-01
2.014738258317025354e-01
2.633164138943248633e-01
2.261955724070450202e-01
2.562607020547945091e-01
2.243303571428571508e-01
1.933708414872798431e-01
2.844606164383561842e-01
2.372416218199608628e-01
2.360567514677103795e-01
2.848504770058708502e-01
2.813264432485322875e-01
1.954500978473581174e-01
2.523238747553815942e-01
2.589897260273972823e-01
2.689120596868884716e-01
2.364848336594911893e-01
2.500076443248532287e-01
1.843581824853229023e-01
2.054412304305283654e-01
3.701458537181996356e-01
3.136084271037182236e-01
2.959729696673190080e-01
3.148391634050880517e-01
2.680788282778864828e-01
2.269217832681017510e-01
2.478290117416829808e-01
2.173740215264187980e-01
2.690649461839530465e-01
2.954302226027397116e-01
2.831687255381604706e-01
2.659154843444226923e-01
2.231989970645792687e-01
2.042945817025440258e-01
3.264203155577299342e-01
3.016297700587083908e-01
2.218688845401174115e-01
2.023835004892367839e-01
2.958047945205479201e-01
2.730705724070450202e-01
3.426797945205479201e-01
3.026235322896281832e-01
3.230797455968688614e-01
3.512796599804305364e-01
3.003225905088062753e-01
2.032243762230919737e-01
2.244144447162426670e-01
2.086900684931506933e-01
1.965661692759295420e-01
1.991270181017612551e-01
1.953354329745596862e-01
1.898850293542074241e-01
1.898620963796477379e-01
1.856577177103718168e-01
1.792747064579256477e-01
1.717068248532289676e-01
1.721501956947162348e-01
1.635273972602739601e-01
1.813233855185910071e-01
1.621896404109589018e-01
1.676935543052837652e-01
1.790071550880626139e-01
1.891129525440313208e-01
2.179702788649706402e-01
2.281830968688845496e-01
1.665927715264187980e-01
2.064502813111545876e-01
1.797792318982387449e-01
1.850614603718199747e-01
1.952437010763209413e-01
1.951519691780821963e-01
1.894798801369863006e-01
2.172134907045009666e-01
1.717603351272015688e-01
1.997767857142857262e-01
1.974376223091976468e-01
1.847251100782778821e-01
1.813386741682974646e-01
1.989282656555773077e-01
1.848703522504892283e-01
2.433723703522504833e-01
1.827681629158512677e-01
1.822789261252446280e-01
1.868884540117416726e-01
1.970706947162426670e-01
1.890823752446184058e-01
1.764998165362035298e-01
1.792059075342465890e-01
1.912839408023483401e-01
1.833644202544031376e-01
1.961839530332681047e-01
1.882262108610567586e-01
1.877446183953033199e-01
1.805513087084148760e-01
1.871789383561643927e-01
1.898620963796477379e-01
2.024752323874755289e-01
2.059610445205479479e-01
2.453522504892367839e-01
2.254005626223092029e-01
2.028268713307240789e-01
2.291921477495107717e-01
2.027198507827788765e-01
1.979115704500978568e-01
2.020624388454011766e-01
2.085754036203522621e-01
2.187729329745596862e-01
2.019095523483366017e-01
1.985001834637964702e-01
2.026204745596868750e-01
2.464224559686888361e-01
1.956641389432485223e-01
2.128791585127201569e-01
2.191704378669275810e-01
2.013591609589041043e-01
2.701580846379647571e-01
2.375015288649706402e-01
2.031937989236790587e-01
2.153024094911937247e-01
2.125122309197651771e-01
2.163114603718199747e-01
2.268529843444226923e-01
2.021312377690802353e-01
2.471563111545988234e-01
2.136741682974559742e-01
1.995856775929549798e-01
2.092939701565557642e-01
1.999296722113503011e-01
1.765074608610567586e-01
2.040958292563600784e-01
1.945786448140900127e-01
1.979039261252446280e-01
2.050590141878669281e-01
2.100813356164383527e-01
2.218765288649706402e-01
2.134066169275929681e-01
2.157075587084148760e-01
1.902213796477495167e-01
1.864221501956947191e-01
1.852296355185910071e-01
2.033619740704500911e-01
1.833949975538160526e-01
1.936001712328767055e-01
2.067636986301369939e-01
2.004647749510763133e-01
2.019477739726027454e-01
2.446183953033267966e-01
2.349941903131115561e-01
2.357815557729941169e-01
2.410102739726027454e-01
2.462695694716242611e-01
2.854696673189823786e-01
2.515365092954990334e-01
2.489221501956947191e-01
2.205311276908023532e-01
2.183983610567514777e-01
3.449119373776908248e-01
3.039001345401174392e-01
2.566811399217220901e-01
2.488992172211350329e-01
2.180467221135029277e-01
2.159980430528375683e-01
2.145226883561643927e-01
2.170453155577299342e-01
2.158528008806262222e-01
2.188111545988258300e-01
2.396572284735812020e-01
2.122293909001956858e-01
2.230231775929549798e-01
2.724666707436399493e-01
2.509326076320939070e-01
2.150195694716242611e-01
2.132307974559686792e-01
2.292915239726027454e-01
1.669444104696673203e-01
2.490138820939334641e-01
2.103030210371819864e-01
2.477602128180039220e-01
2.562989236790606529e-01
1.726241438356164448e-01
1.919566413894324974e-01
2.054870963796477379e-01
2.222816780821917915e-01
2.620551002935420648e-01
2.188417318982387449e-01
1.880121697651663537e-01
2.018713307240704580e-01
1.914138943248532287e-01
2.052959882583170192e-01
1.859940680039138816e-01
2.079867906066536209e-01
1.985689823874755289e-01
1.862539750489236867e-01
1.959775562622309286e-01
1.756742294520547976e-01
1.949226394324853340e-01
1.886007827788649671e-01
2.018713307240704580e-01
1.927134295499021432e-01
1.983855185909980390e-01
1.891817514677103795e-01
2.032855308219178037e-01
2.011451198630136994e-01
1.916279354207436336e-01
1.981867661448140916e-01
2.013132950097847318e-01
1.921859711350293598e-01
2.006482387475538032e-01
1.959469789628180136e-01
2.108916340508806275e-01
1.957864481409001822e-01
1.950449486301369939e-01
1.965814579256359995e-01
2.047761741682974646e-01
2.049367049902152682e-01
2.091257950097847318e-01
2.113273605675146660e-01
2.058463796477495167e-01
2.058846012720156604e-01
2.200036692759295420e-01
2.163420376712328896e-01
2.219376834637964702e-01
2.076657289628180136e-01
2.035760151663404960e-01
1.965661692759295420e-01
2.096226761252446280e-01
2.110674535225048887e-01
2.189258194716242611e-01
2.861117906066535932e-01
2.489068615459882616e-01
2.448018590998043142e-01
2.259738869863013588e-01
2.223122553816047065e-01
2.118853962818003922e-01
2.111744740704500911e-01
2.387016878669275810e-01
2.069395181017612551e-01
2.071229818982387449e-01
2.890854329745596862e-01
2.153253424657534110e-01
1.930574241682974646e-01
1.909475905088062753e-01
2.790713674168297520e-01
2.162350171232876594e-01
2.230078889432485223e-01
2.177256604696673203e-01
2.470263576320939347e-01
2.403069960861056731e-01
2.575067270058708502e-01
2.221211472602739601e-01
2.580188967710371761e-01
2.845599926614481578e-01
2.135136374755381705e-01
2.109298556751467713e-01
2.369740704500978568e-01
2.534858121330724190e-01
2.095920988258317130e-01
2.302317759295499089e-01
2.299642245596868750e-01
2.094468566536203391e-01
2.101654231898238689e-01
2.250565680039138816e-01
2.752186276908023532e-01
2.602816169275929403e-01
3.140059319960861184e-01
4.042701198630136994e-01
2.215860445205479479e-01
2.799045988258316853e-01
2.504280821917808098e-01
3.089988992172211235e-01
2.299948018590998178e-01
2.367676736790606529e-01
2.992753180039138816e-01
2.222205234833659615e-01
3.038236912915851518e-01
2.130244006849315030e-01
2.540362035225048887e-01
2.681323385518590841e-01
1.956335616438356073e-01
2.399630014677103795e-01
2.622691413894324697e-01
2.367218077299412804e-01
2.594789628180039220e-01
2.046003546966732034e-01
2.674137720156555820e-01
2.536004770058708502e-01
2.141557607632093851e-01
3.768040606653620395e-01
2.193309686888454124e-01
3.351960004892368117e-01
2.137200342465753466e-01
2.590508806262231123e-01
2.325709393346379605e-01
2.462160591976516599e-01
2.615199975538160526e-01
2.458414872798434514e-01
2.441062255381604706e-01
2.623761619373776721e-01
2.380289872798434514e-01
2.511772260273972823e-01
2.541355797455968624e-01
2.232219300391389549e-01
2.483641144814089929e-01
2.524538282778864828e-01
2.426538038160469535e-01
2.453751834637964702e-01
2.474162181996086007e-01
2.113197162426614373e-01
2.308968321917808098e-01
2.211732509784735679e-01
2.201259784735812020e-01
2.432729941291585096e-01
2.646006604696672926e-01
2.344820205479452024e-01
2.307745229941291498e-01
2.572697529354207591e-01
2.353687622309197647e-01
2.455968688845401038e-01
2.197208292563600784e-01
2.196290973581213335e-01
2.074440435420743523e-01
2.400929549902152682e-01
2.430742416829745622e-01
2.256528253424657515e-01
2.288099315068493067e-01
2.091028620352250456e-01
2.286570450097847318e-01
2.109375000000000000e-01
2.136971012720156604e-01
2.055253180039138816e-01
2.068095645792563664e-01
2.327161815068493067e-01
2.311643835616438436e-01
2.093933463796477379e-01
2.227403375733855162e-01
2.295820083170254378e-01
2.170147382583170192e-01
2.279537671232876594e-01
2.816475048923678948e-01
2.828553082191780921e-01
2.693783635029354251e-01
2.863105430528375961e-01
2.715034858121330719e-01
2.635151663405088107e-01
2.598000244618395294e-01
2.720997431506849140e-01
2.558861301369863006e-01
2.606791218199608351e-01
2.593948752446184058e-01
2.636833414872798431e-01
2.539291829745596862e-01
2.568034491193737501e-01
2.560313723091976468e-01
2.648147015655577530e-01
2.736056751467710324e-01
2.613365337573385627e-01
2.583017367906066397e-01
2.668939579256360273e-01
2.686827299412916092e-01
2.607479207436399493e-01
2.688814823874755566e-01
2.606561888454011489e-01
2.900409735812133349e-01
2.404751712328767055e-01
2.472251100782778821e-01
2.424856286692759211e-01
2.408803204500978568e-01
2.386711105675146660e-01
2.426079378669275810e-01
2.561383928571428492e-01
2.432959271037181959e-01
2.518728595890410982e-01
2.526831580234833452e-01
2.372798434442270066e-01
2.442591120352250456e-01
2.415683096868884439e-01
2.379984099804305364e-01
2.478978106653620395e-01
2.610307607632094129e-01
2.456503791585127328e-01
2.399630014677103795e-01
2.403681506849315030e-01
2.422868762230919737e-01
2.431353962818003922e-01
2.418205724070450202e-01
2.546783268101761033e-01
2.634463674168297520e-01
2.687362402152642105e-01
2.553204500978473734e-01
2.581870719178082085e-01
2.675284368884540132e-01
2.643331090998042865e-01
2.570174902152642105e-01
2.622079867906066397e-01
2.606026785714285476e-01
2.643483977495107440e-01
2.619327910958904049e-01
2.677730552837573330e-01
2.638973825831702480e-01
2.637368517612524443e-01
2.791401663405088107e-01
2.690802348336595040e-01
2.878088307240704302e-01
2.624908268101761033e-01
2.582940924657534110e-01
2.732234589041095951e-01
2.684839774951076063e-01
2.681552715264187703e-01
2.622538527397260122e-01
2.745306384540117661e-01
2.254540728962818041e-01
2.533940802348336740e-01
1.734038649706458046e-01
1.664857509784735679e-01
1.904048434442270066e-01
2.269829378669275810e-01
2.428219789628180136e-01
2.038588551859099873e-01
2.323263209393346407e-01
2.421951443248532287e-01
1.841288527397260399e-01
1.627170988258317130e-01
2.318065068493150582e-01
2.916386374755381428e-01
2.241468933463796609e-01
2.572391756360078441e-01
2.093780577299412804e-01
2.191627935420743523e-01
2.388087084148728112e-01
2.692331213307240789e-01
2.246284858121330719e-01
2.266771648727984312e-01
2.064349926614481301e-01
2.435023238747553720e-01
2.615505748532289676e-01
2.721991193737768877e-01
2.291692147749510855e-01
2.590967465753424848e-01
2.781693370841487045e-01
2.227556262230919737e-01
2.235506360078277910e-01
2.006176614481408882e-01
2.063050391389432414e-01
2.106623043052837652e-01
2.993135396281800253e-01
2.242692025440313208e-01
2.401693982387475557e-01
2.198125611545988234e-01
2.331748409980430592e-01
2.069700954011741700e-01
2.134371942270058831e-01
2.313402030332681047e-01
2.893300513698630061e-01
2.415835983365949013e-01
2.133378180039138816e-01
2.358044887475538032e-01
2.407656555772994256e-01
2.492737891389432414e-01
2.306216364970645749e-01
2.389386619373776999e-01
2.055176736790606529e-01
2.999327299412916092e-01
2.871514187866927581e-01
3.541462818003913715e-01
3.195862891389432692e-01
2.656785102739726012e-01
3.605140044031311386e-01
3.473122553816047065e-01
3.678754892367905871e-01
2.462466364970645749e-01
2.577895670254403138e-01
2.536616316046966801e-01
2.676583904109589018e-01
3.475568737769080263e-01
2.820832314090019333e-01
2.617799045988258300e-01
2.924489359099804453e-01
2.898192881604696458e-01
3.462726272015655415e-01
2.644401296477494889e-01
3.522963551859099596e-01
3.360827421722113462e-01
2.683769569471624039e-01
2.567652274951076063e-01
2.888866805283757389e-01
2.767933586105675303e-01
3.601852984344422470e-01
3.653069960861056731e-01
3.079286937377690991e-01
2.546018835616438158e-01
3.491927592954990334e-01
3.403406311154598685e-01
3.984527886497064575e-01
2.609772504892368117e-01
3.061552103718199747e-01
3.626544153620352429e-01
2.054488747553815942e-01
2.712435787671232945e-01
2.832833904109589018e-01
3.405164505870841296e-01
2.273192881604696736e-01
2.348642367906066675e-01
1.911234099804305364e-01
2.373639310176125228e-01
2.460325954011741700e-01
2.338016756360078163e-01
2.173969545009784843e-01
2.237417441291585096e-01
2.601975293542074241e-01
1.913068737769080263e-01
2.652427837573385627e-01
2.383729818982387449e-01
1.865597480430528365e-01
2.336717221135029277e-01
3.512490826810176214e-01
4.427822284735812297e-01
2.793771404109589018e-01
2.292074363992172292e-01
3.792961105675146660e-01
4.609451443248532287e-01
4.995719178082191902e-01
2.993594055772993978e-01
3.079516267123287854e-01
2.923724926614481578e-01
3.194028253424657793e-01
3.576932485322896205e-01
3.621804672211350051e-01
3.457375244618395294e-01
2.653421599804305364e-01
2.787732387475538309e-01
2.877400318003913715e-01
3.773085861056751367e-01
3.931399828767123128e-01
3.579149339530332541e-01
3.466089774951076063e-01
3.899981653620352429e-01
2.908665606653620395e-01
2.790484344422700658e-01
3.192958047945205213e-01
3.846165606653620395e-01
2.153406311154598962e-01
2.125275195694716346e-01
2.122293909001956858e-01
2.184289383561643927e-01
2.151342343444226923e-01
2.087206457925636083e-01
2.191245719178082085e-01
2.367906066536203391e-01
2.200724681996086007e-01
2.571474437377690991e-01
2.598382460861056731e-01
2.125351638943248633e-01
2.073293786692759211e-01
2.002889554794520521e-01
1.924993884540117384e-01
1.938065680039138816e-01
2.157687133072407060e-01
2.566582069471624039e-01
1.932332436399217257e-01
2.112738502935420648e-01
2.091181506849315030e-01
2.218688845401174115e-01
2.143621575342465890e-01
2.141481164383561564e-01
2.291386374755381705e-01
2.296049412915851240e-01
2.517505503913894382e-01
2.258210004892367839e-01
2.485857999021526543e-01
2.060680650684931503e-01
1.976363747553815942e-01
2.637292074363992156e-01
2.344896648727984312e-01
2.357509784735812020e-01
2.078339041095890460e-01
2.391603473581213335e-01
2.299489359099804175e-01
2.187041340508806275e-01
2.324792074363992156e-01
2.244679549902152682e-01
2.589132827788649949e-01
2.429137108610567586e-01
2.446566169275929681e-01
2.368670499021526543e-01
2.584622676125244434e-01
2.414077788649706402e-01
2.340768713307240789e-01
2.458644202544031376e-01
2.550299657534246811e-01
2.473779965753424570e-01
2.667257827788649949e-01
2.732769691780821963e-01
2.483641144814089929e-01
2.446566169275929681e-01
2.405516144814089929e-01
2.468123165362035298e-01
2.622614970645792409e-01
2.488992172211350329e-01
2.508408757338551620e-01
2.325174290606653593e-01
2.854467343444226923e-01
2.634310787671232945e-01
2.191933708414872672e-01
1.802531800391389549e-01
2.076198630136986412e-01
1.861622431506849418e-01
2.036448140900195825e-01
2.208216120352250456e-01
1.819119985322896205e-01
1.813310298434442358e-01
2.344437989236790587e-01
1.804977984344422748e-01
2.266389432485322875e-01
2.484482020547945091e-01
2.397183830724070319e-01
2.002889554794520521e-01
2.057087818003913993e-01
2.254693615459882616e-01
2.661830357142856984e-01
3.495826198630136994e-01
2.879770058708414626e-01
2.788573263209393471e-01
2.451993639921722090e-01
2.787885273972602884e-01
3.660026296477494889e-01
3.159781678082191902e-01
2.569563356164383805e-01
2.766710494129158704e-01
2.824501590019569686e-01
2.961335004892368117e-01
2.745765044031311386e-01
2.885273972602739878e-01
2.608549412915851518e-01
3.327498165362035021e-01
2.555421355185910071e-01
2.440374266144814119e-01
2.734527886497064575e-01
