2.723119206109734236e-01
2.553281031220329678e-01
3.367339981916733782e-01
1.713388412201897193e-01
6.357728259259194381e-01
2.613406521393459303e-01
3.940866520508002346e-01
4.331533841839531607e-01
3.830255013599860869e-01
2.116590205611980635e-01
2.126621745178003953e-01
2.598142528814004204e-01
6.274348792514545803e-01
2.048813005928820652e-01
4.007635704183379888e-01
3.890120770964094477e-01
4.737741910258027045e-01
1.524077665102701040e-01
6.473204971678423458e-01
2.626509596068857810e-01
2.239264913531680556e-01
1.962820405885709885e-01
4.259064103759949704e-01
1.729523023986013208e-01
2.074730498708537707e-01
1.701894301835345513e-01
1.851242858814671766e-01
1.938560278312176921e-01
2.458090263687703891e-01
3.443728527721272026e-01
3.582791428141935408e-01
1.830833239296532078e-01
1.663949168766871156e-01
2.176818014842787363e-01
6.031104370237995171e-01
6.268492313192596255e-01
6.396910452171246098e-01
5.457862165474060001e-01
3.456991726423724876e-01
3.897558120661501757e-01
4.191891433538411649e-01
5.830387599240450802e-01
4.069915364988452855e-01
5.075412850894013284e-01
3.587272148979995245e-01
7.098203113681965659e-01
6.869139900989944536e-01
6.474664565286292195e-01
6.452426185752364596e-01
6.255590818292398048e-01
4.641695190017134376e-01
3.784105231544229175e-01
4.359116910873989115e-01
4.001726297037214164e-01
3.890980854196916527e-01
6.179137158106781103e-01
6.307900934161908557e-01
3.704650354602848084e-01
6.260738657204880653e-01
3.991401182596692188e-01
3.979298554225708107e-01
4.526961255343874835e-01
3.651903067123180580e-01
4.393830895116109803e-01
4.316022069475400347e-01
6.496276198989753281e-01
6.179249044307003613e-01
3.456011160010538652e-01
3.677727399314592027e-01
6.533276836547076138e-01
6.620776917258375249e-01
6.569030718645023637e-01
6.449708345917788410e-01
6.441096236910809347e-01
6.304984185265326557e-01
6.445611441551925003e-01
6.200878724541603049e-01
6.136989693334227169e-01
6.261166640601033562e-01
6.362859121508573912e-01
6.209417845862703622e-01
6.296246563923302286e-01
6.406809060212088625e-01
6.351440948862836500e-01
5.680436685600698254e-01
5.797586133961114552e-01
6.446356961257375673e-01
6.722489039780565889e-01
6.482579526010445736e-01
6.197932071562204381e-01
6.323748737384566887e-01
6.994970257378221312e-01
6.066394668726229344e-01
5.971563048353697445e-01
6.165896069871225071e-01
5.740712135130232596e-01
5.717268447936124653e-01
5.792628216535825603e-01
6.345211267543033884e-01
6.696880386815040609e-01
6.678570775844875351e-01
6.211838624102223871e-01
6.205799114501036051e-01
6.152611004341839163e-01
5.794046332838787006e-01
4.428859121940162957e-01
4.773725930887813274e-01
3.695710711372920398e-01
6.285906472478278717e-01
4.835513977368805505e-01
6.415150824432638288e-01
5.239165648573760325e-01
3.503526741881453077e-01
2.748858696508904020e-01
4.712817227234028516e-01
6.638820141530792363e-01
5.339072277609514527e-01
4.785465116026458299e-01
3.605839276731485632e-01
4.764064401706771812e-01
3.125514215921456618e-01
3.352394758379004802e-01
5.343030115370245303e-01
4.966874212428137314e-01
4.247513166532814743e-01
4.870959067856120983e-01
4.180779894059564183e-01
5.681240653069433710e-01
6.176584945152320261e-01
4.101593139478187378e-01
4.547991167381015276e-01
3.282427614586709286e-01
4.135669180774859677e-01
3.004748712155903556e-01
3.300168340604110462e-01
4.096343168450305439e-01
5.523299772799245000e-01
5.149586630023709199e-01
4.791699043031823479e-01
3.534000284269885883e-01
3.086248809889852729e-01
4.477577017510622759e-01
4.461671947584616160e-01
2.991239104689208950e-01
2.960613500724482150e-01
3.161907684672509156e-01
3.363100346850131928e-01
3.213947765251864430e-01
4.638499065039335401e-01
3.676293638398717700e-01
3.444367377746466730e-01
2.423821488092556820e-01
2.027028347111125284e-01
2.224121924453965615e-01
2.019036326175265017e-01
2.285387836726516797e-01
2.962276972101511308e-01
3.592105745583186183e-01
3.690737077530448218e-01
3.418246809990357904e-01
3.618121604182706341e-01
3.363082815767701184e-01
2.663533067430965962e-01
3.356260172030045008e-01
3.615922522427300057e-01
3.352919380393816207e-01
2.915257135069068695e-01
3.130389352719138429e-01
3.121239140152564095e-01
3.151876127231434399e-01
3.277008661159505620e-01
3.355054826766653009e-01
3.325435174248864145e-01
5.546961692107270636e-01
4.365631012742221539e-01
4.221542017903860411e-01
4.835703152601522059e-01
5.020230455295920935e-01
4.556338400655135512e-01
3.794976783398479880e-01
5.134314757638310800e-01
4.935973677048433594e-01
3.917883220651326437e-01
5.130807285075476010e-01
3.457342415015666193e-01
4.958003245573902040e-01
5.399641264388492790e-01
6.083942011688737717e-01
4.934352946923124539e-01
5.009259321792791653e-01
4.053323998831676045e-01
4.224649878946003523e-01
5.159198199389457562e-01
4.567955678860140534e-01
4.709074597727518907e-01
4.583901027949925377e-01
5.649287603880878139e-01
5.659052819440442139e-01
6.686601803809963940e-01
3.442876599165701768e-01
6.592134255856458847e-01
4.287329598016960119e-01
6.484305589348896559e-01
4.819073919299343145e-01
5.370074362531940260e-01
4.275608497121199392e-01
4.356767826144561373e-01
6.303869516477840218e-01
4.154752060731795038e-01
5.639675587080941188e-01
5.203379450314611354e-01
4.317662324445749045e-01
5.503473556809094225e-01
6.238504429081663805e-01
4.676728775834025353e-01
4.301021610387823491e-01
3.970741967340335465e-01
3.878760509674690216e-01
3.824352588082537974e-01
5.932947720923604784e-01
6.154130830710593525e-01
6.169524229447655994e-01
5.973788780299342793e-01
5.972979940932777732e-01
6.273369107229391783e-01
6.145898627201603626e-01
5.816819472912940769e-01
6.056346694877211556e-01
6.289794371859998012e-01
6.017276660014045930e-01
6.243745335010976172e-01
6.583666917393729001e-01
6.645363749517504415e-01
5.668098969241492924e-01
6.079059423074575363e-01
5.683315715988310757e-01
5.662680240450039815e-01
5.904845946757713016e-01
5.699498172731771728e-01
6.312597699318825972e-01
6.345442621005862316e-01
6.105599733914222060e-01
6.538017372559269402e-01
5.875772971922715859e-01
6.592951230606981516e-01
6.665977951160749759e-01
6.119892571838088102e-01
6.424895339539243855e-01
4.889339022949982794e-01
5.858053269026668453e-01
5.658793672109940776e-01
6.423388513478112127e-01
5.605026423874908126e-01
5.809483287535820439e-01
6.813445456920211862e-01
5.203361754163526864e-01
5.686854386312156784e-01
5.676343481318408823e-01
4.965897069298186861e-01
6.314688953130169757e-01
5.152657020197246585e-01
5.911479264758972008e-01
5.362729698909703968e-01
4.878109214414040884e-01
5.099186103946681259e-01
6.802760799051064122e-01
6.025415748262911153e-01
5.298957685748297841e-01
5.045649846160905616e-01
4.619223515682317482e-01
5.389506253418132609e-01
6.991778793121409263e-01
6.227184680151430785e-01
3.859308464158453522e-01
4.604110030855428914e-01
5.271350784320940619e-01
4.364390414601849733e-01
5.922370196364942219e-01
5.924453536599513237e-01
4.447584444564535167e-01
5.741448720168934594e-01
5.583658987482890135e-01
4.794086047979430054e-01
4.908863203650781215e-01
4.996031410014336038e-01
6.006525735573996494e-01
6.078731542290994883e-01
4.491984711709950950e-01
4.289977023711073478e-01
6.084307983027618105e-01
6.670258952224780158e-01
4.983449493037845901e-01
4.611545745321742329e-01
3.778191222775023062e-01
5.112926706637422880e-01
5.108448367676291513e-01
3.717501583121181064e-01
4.079171605621676466e-01
6.255454880883031255e-01
5.596181803567942259e-01
7.064498859504353412e-01
7.072382121815992129e-01
6.979643624143992975e-01
7.112146007418396199e-01
7.073377660505496545e-01
7.052919025685995269e-01
7.078806327828841560e-01
7.319226548838770885e-01
7.567190476427940737e-01
7.681739618069908238e-01
7.708188095641342885e-01
7.244039546536461538e-01
7.682018825043318566e-01
7.169258574340474643e-01
7.397952244842217473e-01
7.102664064745887185e-01
6.842262638757520277e-01
6.659365459345863991e-01
7.377293869627156164e-01
6.734030064016911510e-01
7.488809074059222803e-01
7.394466210584840216e-01
6.908392116995328847e-01
7.024998499339853986e-01
6.434164309269069237e-01
5.904884391612971184e-01
7.411474081812416959e-01
6.872725608431103916e-01
6.875965783125064235e-01
7.178373465170589940e-01
7.149467215449085700e-01
6.912087753775240095e-01
7.218176743762592107e-01
6.349733119968994366e-01
6.950020733405944950e-01
7.109849032427529858e-01
7.060457641972981424e-01
6.939975638285641457e-01
6.865035828130723328e-01
6.750679979260476582e-01
6.864277796611246707e-01
7.052611194072793133e-01
7.358636633071955480e-01
7.052915554153501576e-01
6.747700356505863528e-01
6.856419224275588364e-01
7.046772722166416703e-01
7.163104182425195088e-01
7.044055177916799249e-01
6.369349320415426119e-01
6.429412169406441002e-01
6.290222846811943658e-01
5.729371925600285076e-01
6.561578098039133611e-01
6.448413118758230533e-01
6.698621040100284363e-01
6.786704766474198625e-01
6.684109287451975856e-01
6.728972889449151840e-01
6.350625443410822246e-01
6.526264232226159923e-01
6.545586261659125382e-01
6.554661063458914194e-01
6.173731178850491164e-01
6.805778434037531577e-01
6.603896944330533980e-01
6.382824055126483653e-01
6.326609620871856965e-01
6.057609543110745731e-01
5.864146837280976854e-01
6.472026800962090709e-01
6.323480867371017444e-01
6.085835916878009622e-01
6.428008013470781767e-01
5.877438323378948448e-01
6.501180310865125600e-01
6.450966219212526109e-01
6.429597390296850623e-01
6.695958098842587081e-01
6.197738130478500640e-01
6.601127410296862008e-01
7.196757758303931052e-01
6.015163319314464907e-01
6.267464073452271300e-01
6.922019102160223980e-01
6.718342075983495532e-01
6.562392015709804793e-01
6.218771847905033567e-01
6.099182298541795388e-01
6.158637921110358127e-01
7.059976834547342373e-01
6.652059009738321427e-01
6.632146070186323294e-01
6.232924980322256392e-01
7.248056229511447013e-01
6.194272621990993821e-01
6.623872197342860479e-01
6.947990305561023705e-01
6.943403308415135866e-01
5.703515107421877062e-01
5.812530154935094950e-01
5.810983587052445110e-01
5.915657709171456835e-01
6.321613210731336086e-01
4.759831049264340863e-01
5.760504734739748667e-01
5.891184136191677245e-01
6.233266694406315311e-01
5.567541904396585695e-01
4.592141005093588468e-01
5.482960655711618392e-01
5.495633223738215500e-01
5.834283456661374379e-01
6.509546661333848183e-01
5.702925845824025064e-01
6.270352981695906935e-01
6.546409593434188157e-01
5.825430789464557391e-01
5.949665408235487174e-01
6.030240748329264155e-01
6.716147935051840490e-01
6.473505068327887191e-01
5.152581326448736343e-01
5.947846359593379484e-01
6.482702254649150841e-01
5.764504263184133670e-01
5.254868282347774366e-01
7.364252858368471877e-01
5.588377976556845317e-01
6.410041612177979076e-01
5.520639598667008707e-01
5.423939614092497807e-01
7.089120970605549132e-01
6.172007112362807302e-01
6.232778127401396029e-01
5.299017148868235827e-01
4.943416769240346342e-01
5.882957806662829636e-01
6.208362593345395641e-01
5.607567980086175519e-01
6.586354931151687797e-01
5.953290673306210756e-01
6.740494839640057689e-01
5.685485514210022462e-01
6.315594021533604829e-01
7.055704877203354819e-01
6.834243747809537473e-01
7.053809580620422626e-01
6.982424124025990997e-01
7.097960077330003337e-01
6.925325426594035605e-01
6.255671966744713597e-01
6.803364620028856669e-01
6.842745759753873225e-01
6.013117566480576937e-01
6.720550372106781634e-01
6.748006854258918885e-01
6.444222722593062613e-01
6.549204660244880571e-01
7.096908205629246513e-01
6.691892465402335954e-01
6.735726754560940055e-01
6.701052880797920830e-01
6.172391149983406100e-01
6.872710826386586591e-01
7.009528062018519634e-01
6.368478493687677044e-01
6.057095346374729017e-01
6.132997923963537934e-01
6.265088300590115900e-01
6.687797437441503901e-01
6.242086616807666077e-01
6.470032092686556213e-01
6.606815708304629720e-01
6.375951641079234955e-01
6.733049998474508469e-01
6.704243758007860654e-01
6.678831434009788737e-01
6.696202584317618722e-01
6.621699620306782386e-01
6.128261331283544333e-01
5.464260005194085945e-01
5.878574497459756465e-01
6.069798055647310786e-01
5.910198613434310966e-01
6.387852900927800670e-01
6.891346839051365469e-01
6.824811947339325391e-01
5.749462571178318715e-01
6.659160752872607114e-01
6.864791978603780320e-01
5.212415800107454977e-01
6.304226286497349729e-01
6.972110997228390117e-01
6.690683651588283931e-01
5.191673984013619458e-01
6.027894462449656654e-01
6.141208752838590579e-01
6.200103178858822339e-01
6.045362189642135009e-01
5.864358668418200304e-01
4.398773111631348876e-01
6.415341661145299579e-01
5.536051234941421484e-01
4.728801450168935161e-01
5.981239467629869688e-01
5.843883434689239875e-01
5.617659973985430488e-01
5.177121712943495435e-01
6.376279745517055009e-01
5.949056919270029331e-01
5.109433126826216087e-01
6.457009021041801855e-01
6.636168177952095348e-01
6.219177556007341456e-01
5.324125907320127471e-01
4.480377422182610370e-01
5.015476187740801617e-01
3.340940167929276616e-01
5.692493380472645192e-01
4.122086134600245755e-01
5.624450516838337411e-01
4.833567258353957397e-01
5.751032605813179988e-01
5.341773443904531682e-01
5.466970987898985834e-01
6.149547099873631240e-01
4.694548760424698819e-01
6.116514599116680273e-01
5.843658468735809519e-01
5.732610039212898689e-01
7.013402833469860598e-01
5.634556295203648757e-01
6.200677034861187265e-01
6.383361489205255923e-01
5.696102257282920078e-01
6.542824471972379374e-01
5.839824732293449339e-01
5.834635445267809528e-01
5.967146255787286746e-01
2.115163156535279643e-01
5.736697865108225658e-01
3.048705137053375203e-01
5.734127574047344078e-01
6.202071633890252622e-01
5.925524694061852227e-01
6.111363415516307684e-01
5.739957043864262198e-01
5.176470487851475566e-01
5.189760494301468574e-01
4.881199611639842617e-01
4.642603569322066304e-01
4.823177979303264751e-01
4.910355864608365040e-01
5.052441496251850461e-01
4.624007983705191727e-01
5.175711502480456749e-01
5.162368290407628457e-01
5.284744102140519484e-01
5.154775842301940747e-01
5.350140511255817577e-01
4.983017859996091148e-01
5.120630850144799462e-01
5.106413008601674575e-01
5.719131589259086601e-01
5.472230074465203042e-01
5.460090279048523954e-01
4.957443511927831503e-01
4.704508662701911148e-01
6.655305735371073173e-01
6.468921938150037354e-01
6.209847022026601104e-01
5.975410466615166394e-01
6.492015460880954381e-01
6.678160381579406613e-01
6.590344997747648037e-01
6.474236562612940560e-01
6.182902558552737515e-01
6.356932614236981971e-01
6.431010448246479161e-01
6.365488579946558811e-01
6.561742606939678923e-01
6.482448618370986182e-01
6.473489810721054782e-01
6.528008930448975233e-01
6.916286184291103867e-01
6.488744226103007051e-01
6.612939342079858784e-01
6.320086279547263430e-01
6.450126777605269535e-01
6.451615781206352374e-01
5.336818996838860185e-01
5.318127027704449006e-01
5.615445193524437606e-01
5.201064492121139082e-01
5.404589944860193063e-01
5.561942960080313858e-01
5.630424087515738529e-01
5.357587194721026291e-01
5.621539859455759736e-01
5.756874971293747256e-01
5.583198142526721863e-01
5.546534980724016073e-01
5.807048418897922115e-01
5.745654293303131821e-01
5.739321069596708957e-01
5.656655674768821251e-01
5.332420714327142930e-01
5.664652159103363838e-01
5.694936843784105251e-01
5.573534875991449367e-01
5.489270126139066397e-01
5.727492735017278846e-01
5.030511272604398787e-01
5.501364198855590582e-01
5.330274372153367413e-01
5.385942780341362868e-01
5.322472330521134110e-01
5.718077774262902979e-01
5.590125650309025751e-01
5.573488148115963714e-01
5.567632616822145719e-01
5.865177246137559530e-01
5.573683470323078648e-01
5.720407735221519907e-01
5.724657118981005821e-01
5.760041769349826257e-01
5.607029211857166295e-01
5.751350879139046635e-01
5.757619070710202624e-01
5.848316776861864907e-01
5.916321084478579628e-01
5.641800015682826297e-01
5.698131168797900825e-01
5.747221116466084689e-01
5.560177817834596192e-01
5.934767057512794208e-01
5.675795270093224598e-01
5.844450272443987293e-01
6.096598617961055400e-01
5.616444014186640077e-01
5.626336431926565185e-01
5.564328246587635363e-01
5.458275064195106108e-01
5.368217285889966828e-01
5.434098381562748603e-01
5.347862685846790365e-01
5.460546625170280555e-01
5.368787182377640077e-01
5.323665938876205317e-01
5.462279501090387956e-01
5.578878548360740597e-01
5.389231764435220562e-01
5.515505155195654652e-01
5.323712131973139527e-01
5.452176875499331610e-01
5.416931135723070945e-01
5.437906997003103537e-01
5.408238901872625126e-01
5.295885537590722114e-01
5.364935619153372581e-01
5.411544722911683092e-01
5.291210372377518345e-01
6.052023572750808711e-01
5.164631053981726394e-01
6.569850730052054777e-01
6.790617930128604041e-01
5.814005126145409541e-01
6.320878217006877797e-01
5.029006831884028639e-01
6.094149563558270977e-01
5.883088878454805215e-01
5.993005288261561425e-01
7.296847370732765237e-01
7.134324070506585791e-01
5.913458826836111015e-01
4.477550806309459341e-01
5.830072038547958746e-01
6.554666602829993804e-01
6.012318316380127481e-01
6.354067222008035198e-01
6.861338071204551303e-01
5.191537685082265874e-01
6.188221700668825598e-01
7.059765077398026945e-01
6.287281545679872519e-01
6.577502502283196772e-01
5.099173776026553195e-01
5.235384011017191197e-01
5.626916359046983951e-01
5.334379102497583958e-01
5.533253917260307908e-01
5.906651438703365287e-01
5.859833262352064365e-01
5.696724053325687986e-01
6.052867045586676209e-01
5.907077133930951351e-01
5.422918295330317884e-01
5.996875128395675603e-01
5.776663285714354057e-01
5.827883327451069961e-01
5.939917411077147991e-01
6.224781434560303639e-01
5.897216865923963214e-01
5.557605452170258920e-01
5.436659370963197180e-01
5.685949344887303303e-01
5.977430091663203937e-01
6.679057470456215562e-01
5.657425069890460456e-01
4.887676874654791614e-01
6.857449062119386207e-01
5.347492004066418669e-01
5.818375692775857866e-01
5.516629003377291340e-01
5.558833596270571498e-01
5.324806586695675081e-01
5.712391951490797259e-01
5.065933449803101674e-01
5.175335908321133660e-01
5.213632421563134667e-01
5.102435696794308528e-01
6.002079669523948668e-01
5.801828435921239091e-01
5.989265379466036654e-01
5.368936514207771626e-01
5.382863744879199386e-01
5.390958054732706284e-01
5.651927611622389325e-01
5.540988221145135562e-01
5.445672957963597627e-01
5.349037254289203958e-01
5.711204009800988635e-01
5.436098439867534937e-01
5.472085845091798628e-01
5.632286018543420925e-01
5.879290967340609075e-01
5.517217066009582060e-01
5.501086140291053805e-01
5.285075832715091515e-01
5.188805091390605861e-01
4.765764004032728707e-01
5.032741913222021912e-01
2.644335358225651800e-01
3.078617191005827980e-01
3.019305773998865461e-01
4.495076477882003485e-01
3.749904881694385295e-01
2.975888128040373171e-01
5.381389346808826968e-01
5.159017542724060323e-01
4.175958053405326442e-01
3.533037911255473840e-01
4.620354566391844386e-01
4.832826494890204994e-01
5.579532247131452349e-01
5.087339018579049021e-01
4.898279421905686326e-01
4.588263502858233589e-01
5.997403151023680268e-01
5.969512323247876395e-01
3.933774909397187436e-01
6.310103192352294332e-01
4.625397999103624813e-01
4.249308522796287901e-01
5.418796162433590080e-01
4.444180253072577691e-01
2.848022672340099204e-01
1.415627883471297366e-01
3.620575771571296064e-01
3.919964419257328525e-01
1.923251117679707356e-01
1.621529852087993384e-01
1.287198251830541651e-01
3.103666013853571548e-01
2.629101966473240126e-01
3.224398267594739687e-01
3.023222511000965840e-01
2.247812853113991538e-01
2.536547599807815190e-01
2.214499484951882313e-01
3.295391137426073591e-01
3.257126821510364367e-01
4.527606889804615675e-01
2.278140199368941798e-01
1.970875198470936895e-01
2.499642204024015157e-01
3.431759613221550542e-01
2.338706863305631267e-01
3.188161914349504911e-01
4.035742618565207329e-01
2.786204247490622343e-01
2.122419693808908214e-01
6.935777310005724061e-01
6.717097933390373532e-01
6.715128525168241325e-01
7.019998503907307619e-01
6.814643605055655806e-01
6.996554160966037550e-01
6.933148821614097956e-01
6.066763902425391652e-01
6.519406198060064828e-01
4.086381148932778373e-01
4.570652637708834676e-01
5.735650369930960224e-01
6.856379514955789345e-01
7.262465429679243467e-01
7.067879157184666639e-01
7.124956370204100775e-01
7.218465196611359991e-01
5.473643290906380354e-01
7.088089433551756358e-01
7.159900164774378739e-01
7.220968030156383888e-01
6.508572934052068160e-01
7.043067202766007950e-01
6.863866528474280582e-01
6.734027397031581152e-01
6.632882175872019115e-01
6.418621211945457761e-01
6.801060765785025275e-01
6.672409808422870015e-01
6.665234740808122504e-01
7.042346269564275785e-01
6.682376168872087296e-01
6.597778375574301357e-01
6.254097573392480847e-01
6.732473209119230750e-01
6.022350470630267738e-01
6.782573099195341459e-01
6.756390824501568027e-01
6.757271091547534247e-01
6.826567003102100850e-01
4.822691896951550872e-01
5.332675098046255613e-01
5.188133586473622216e-01
5.571680183506729778e-01
6.172960269086970042e-01
5.729521589569560591e-01
5.379107164217062920e-01
5.296518303576447373e-01
5.290751981052426167e-01
4.686149629162125740e-01
6.415334370925792618e-01
5.499598760476717141e-01
5.381692792564152228e-01
5.643481464691660898e-01
5.259885132077494196e-01
5.991034375085918517e-01
5.878361154096944929e-01
5.639647339781707069e-01
5.709862069213514912e-01
5.500669168384443308e-01
5.751851514131834930e-01
5.683938785129081239e-01
5.612871809281196889e-01
6.988881640901238868e-01
5.921020622352459739e-01
6.233542753566980732e-01
6.548154235316397953e-01
5.604384355148407382e-01
6.355390972799229710e-01
6.406227804832929085e-01
5.556405449848385025e-01
6.450901618416933214e-01
5.839901514248563297e-01
5.955384950554157841e-01
5.569563669011362572e-01
6.650178477357973073e-01
6.386960526444800390e-01
6.666716379964585659e-01
5.528576038083551358e-01
3.995226111651455914e-01
4.087696085402535706e-01
4.986499372859726775e-01
5.414581140344431054e-01
6.038606514182920382e-01
4.350341505458954483e-01
4.471029303257559873e-01
5.702769121198294489e-01
5.396957818573548948e-01
4.954670770920949208e-01
5.213565471782407590e-01
6.417798389686274474e-01
5.491423279367967369e-01
5.869868953184878002e-01
4.258736330633139389e-01
6.273375292655212210e-01
5.933440554987122750e-01
5.180996875592709383e-01
