2.529866715530050894e-02
2.427224952770461186e-02
7.654473765721110656e-02
1.494463186189474123e-02
5.845293577369840843e-02
1.813902631616585645e-02
8.314318500489993602e-02
6.373773020487338847e-02
1.265888061968462389e-02
3.518547919627307979e-02
2.617668831912021120e-03
6.754405801695623213e-02
9.731852088799215414e-03
3.869066926877059911e-03
7.164924217681611918e-02
1.582386116505965154e-02
4.260702876625661190e-02
4.034021979749796705e-02
4.203774973045006080e-02
1.937350131643805415e-02
7.018418771794334397e-03
3.836007460602414848e-02
3.030397489447948789e-02
9.418241226934624677e-02
1.021633473235866035e-01
