2.114136832289512796e-02
7.885032878352399299e-02
6.551714677104374454e-03
7.622586129037733915e-02
8.972006269318562321e-02
8.907443772436261786e-02
3.975828422550694435e-02
4.190306863043261748e-02
7.036777191733790959e-02
7.250268920287545639e-03
5.187063041258141438e-03
6.449573299486049960e-02
3.901940071802641186e-02
4.831992118196859476e-02
4.236724202652623200e-02
2.064430451509291845e-02
3.072568658600487515e-02
4.265926860839310691e-02
8.284802583479328186e-02
1.028901873080618895e-01
