3.310329704020218561e-02
5.081858702994950655e-02
1.042899620163748042e-02
7.896838310199005839e-02
6.499819548911098255e-02
6.767006709488988803e-02
4.267904627427755032e-02
5.038124480724962689e-02
5.774291738830213822e-02
2.379641036243816676e-02
8.224943585230383436e-03
5.136330353145344280e-02
5.181079928683681585e-02
5.748213164684114890e-02
4.894686563031256515e-02
3.219277899833907636e-02
3.846756547107819946e-02
4.505150974747561959e-02
7.780550536643021653e-02
6.766503068482643268e-02
