5.483280952960876281e-02
2.923356577315785326e-02
3.263494592415397411e-02
4.158439551730023359e-02
3.520831707474204875e-02
1.564600079586059636e-02
6.648138606367143266e-02
5.137713941121704875e-02
6.600866993699743522e-03
1.804416883470566502e-02
3.513463523295251405e-03
9.032867847168290359e-03
6.325452605029699589e-03
4.171296067024814896e-02
1.215312025962967668e-01
3.748357443014890822e-02
2.381347608403379737e-02
5.619172252051340966e-02
7.833486148452230291e-02
3.094720956017516303e-02
9.005724427864503917e-03
4.053848505087490756e-02
4.981305002158587653e-02
6.392834021246378284e-02
7.618401304766189708e-02
