4.304963437037997998e-02
3.273416154025516472e-02
3.345585411474863435e-02
4.457916942738724547e-02
4.452894607102138996e-02
2.777494958758044627e-02
5.902760079960452794e-02
4.672919771160993080e-02
1.406025076335441250e-02
2.687840359792442388e-02
5.303393557356711994e-03
1.559858548561627624e-02
1.043641601646955533e-02
4.754875513711728785e-02
7.983472230382930579e-02
4.519789760759349018e-02
2.689473325104553558e-02
4.352184889368332366e-02
6.790022863600428393e-02
3.258852614728290076e-02
1.386913299082104256e-02
4.544161049601275204e-02
3.868995223884524881e-02
6.126364945235290155e-02
6.906839662881773811e-02
