5.549543219739357797e-02
5.965917361076833458e-02
1.485858523594622317e-02
9.164080876991122226e-02
9.848808548593794565e-02
1.069464961706236422e-01
2.357361812425664421e-02
4.615383233943200908e-02
2.859017511665622527e-02
7.190995072565983977e-03
6.193515097900238395e-03
8.675567797832395289e-02
7.886101689267767390e-02
2.838657301219144058e-02
4.653108273382889487e-02
1.152766343905542099e-02
2.086854350798125063e-02
3.083014706411911152e-02
7.193447511056830224e-02
8.551410303986195505e-02
