2.765421172003970987e-02
6.246294061627143124e-02
2.225839734324467495e-02
6.981377146143044610e-02
7.502862891514645860e-02
1.002910990709543204e-01
1.757999363059551540e-02
4.392048510464575950e-02
6.240823378532301541e-02
4.213545123795179453e-02
4.212295326245966282e-02
6.338061185105872686e-02
6.736115455811325647e-02
5.862233551548214072e-02
5.815960435858902322e-02
5.786574831716269351e-02
5.874609983628605731e-02
6.013742605674884945e-02
6.289902478272958730e-02
7.615993960501259152e-02
