1.578775782747991394e-02
4.865303969270638740e-02
9.935507053842695599e-03
6.128947915949560510e-02
7.004262595176020956e-02
1.146890686594823627e-01
6.607137249192982995e-03
2.491830748906843571e-02
9.178541541688250982e-02
2.368247503386224431e-02
2.560790274227050384e-02
6.922730461274453906e-02
5.873944867738666031e-02
4.498366933519944155e-02
3.893616525077032986e-02
4.073217569902091301e-02
4.831816744815852632e-02
4.137723767009883480e-02
6.371759878823721190e-02
1.009695162423397130e-01
