5.743696463326065232e-02
5.837042378008014398e-02
3.968706492672498948e-02
8.603314431823996800e-02
1.010763224861680742e-01
8.038316254539934480e-02
4.405308446633081354e-02
5.866440718220161665e-02
1.057951058478290851e-01
3.481054451777598063e-02
5.157906090805789399e-03
8.426297897728379782e-02
3.059266535624419192e-02
6.604501887200948940e-02
3.022128634934514654e-02
1.766056644486802343e-02
4.345020281067048934e-02
7.429293851856773323e-02
4.977230249704938519e-02
6.939394477825598651e-02
