1.214435029379362825e-02
4.937489374624090543e-02
4.807282448472734171e-02
3.449757568492335669e-02
1.288124458974586606e-01
2.293278451865202183e-02
7.405169820605930764e-02
7.995535413289131532e-02
1.289626378646307157e-02
5.466687036201216265e-02
5.045003304708904103e-03
1.346417646003823798e-01
1.395382800767071274e-02
1.071887136280869936e-03
7.831554040096548597e-02
1.136782299116919151e-02
1.737740908059096784e-02
3.192503289921889975e-02
2.832428063085654091e-02
9.408883504716733515e-03
3.292742263258181725e-04
2.041631124214125098e-02
3.770461685783187133e-02
2.850901296139956437e-02
6.420427104251906492e-02
