6.487548122310660137e-02
3.510282113762759615e-02
3.515943961143182250e-02
1.988776628723970541e-01
1.265565852361815458e-01
2.631647764019707236e-01
3.444963298174407579e-02
1.102431630513616423e-01
3.510413166159559450e-01
1.739411643447208097e-02
1.701254734308406055e-02
3.838132361208786980e-01
3.194435819576155883e-02
2.087371225367724847e-01
3.176946152283596780e-02
1.873729219628750969e-02
3.060404603728470938e-02
1.527585099977330774e-01
3.543566761532691151e-02
1.689766822402442026e-01
