1.016105290256296041e-02
1.236844249802229560e-02
8.263767412451649211e-03
2.509785205051036014e-02
2.449483145941282192e-02
2.530666024592957003e-02
6.394213877873024428e-03
1.423964098469255625e-02
4.940595399076770644e-02
5.237022089741574446e-03
6.670023409503184151e-04
4.409858647236735568e-02
4.446506873848134721e-03
2.072633654183442253e-02
4.254601442133242560e-03
2.193853950768752305e-03
9.105363867537243430e-03
2.136838047675108931e-02
9.185707509489729472e-03
2.986607445841034381e-02
