2.724893176832373851e-02
2.620895800871883563e-02
4.537592903930001004e-02
1.947343417810085131e-02
6.258767334783703340e-02
1.711594974219027288e-02
1.019147625643468252e-01
7.827102215945698493e-02
1.337934126905010283e-02
5.031619001064916580e-02
2.817990145269664930e-04
4.382037973059100394e-02
4.541675095138163198e-03
2.317428073124231779e-03
6.783722260753120847e-02
2.210790233020805753e-02
4.339912620647239788e-02
6.025305200676914913e-02
4.242089479445283751e-02
1.223385832759126511e-02
1.702669712198441598e-02
4.630476002546709408e-02
3.718198994886771219e-02
7.492582569781987278e-02
8.345519693148197027e-02
