4.141549963307240567e+00
3.827819227005870850e+00
2.412923495596869028e+00
3.315297822896281943e+00
3.299718688845401093e+00
3.474743150684931337e+00
3.018315802348336518e+00
2.436246330724070486e+00
3.755022321428571619e+00
3.367722602739726234e+00
4.760121086105675303e+00
3.820052592954990001e+00
2.571948385518591174e+00
3.316880198140900404e+00
3.605377018101761255e+00
2.534926920254402916e+00
4.657786509295498867e+00
4.227143468688845829e+00
2.955227189334638016e+00
2.885121086105675303e+00
2.853871086105675303e+00
3.034697590508806275e+00
2.795743639921722146e+00
2.908214591487279677e+00
3.514096135029354251e+00
3.379105002446184169e+00
2.998562866927592996e+00
2.696581457925636194e+00
2.781632216242661659e+00
2.646923923679060486e+00
2.984153314579256477e+00
2.951129831213307408e+00
2.680192025440313319e+00
3.337726272015655749e+00
2.728718199608610728e+00
3.668702605185909960e+00
2.584913160469667126e+00
4.165170927103718057e+00
3.482570939334638016e+00
3.449685053816046842e+00
3.030783696183953158e+00
3.500061154598825830e+00
3.177401846868884494e+00
2.921683891878669392e+00
2.925276724559686681e+00
4.175276724559687125e+00
3.956022199119373806e+00
4.645945450097847207e+00
2.851226149706457935e+00
3.029124877690802187e+00
2.397206763698630283e+00
2.464599131604696680e+00
3.521939212328767166e+00
3.265227495107632105e+00
4.505893774461839918e+00
4.194135273972602995e+00
3.236752385029354251e+00
3.571344483855185992e+00
3.597962022994129150e+00
2.962902091487279677e+00
3.227686215753424737e+00
3.015219850782778988e+00
2.873035408512720323e+00
3.050177348336594818e+00
3.230766878669276032e+00
3.975377629647749433e+00
3.366262536692759433e+00
2.453293175146771254e+00
3.288879036203522510e+00
3.854398544520547976e+00
3.563111545988258300e+00
2.898590386497064575e+00
3.086006298923678948e+00
3.850354696673189636e+00
4.400677287181996356e+00
3.676492172211350162e+00
3.275692575831702591e+00
3.081480858610567530e+00
4.315924657534246478e+00
2.940366621819960891e+00
3.053273299902152793e+00
3.306652091487279677e+00
2.498685176125244656e+00
3.153261068982387449e+00
2.154354207436399271e+00
2.419619924168297409e+00
2.397619557240704413e+00
2.826970706947162348e+00
2.496598275440313319e+00
2.306583292563600729e+00
2.263950892857142794e+00
2.740597480430528421e+00
3.318821856653620284e+00
2.393988502935420648e+00
2.627002813111546153e+00
2.749915912426614373e+00
3.472656250000000000e+00
2.365337573385518422e+00
2.445671783268101862e+00
2.997355063600782632e+00
2.786906800391389272e+00
3.047448324363992267e+00
3.617776113013698502e+00
2.437889860567514777e+00
2.686597969667318786e+00
2.873325892857142794e+00
2.763744496086105507e+00
2.461296783268101862e+00
2.899301308708414737e+00
3.217114114481408826e+00
2.502935420743639838e+00
2.429465814579256477e+00
2.969415056262231012e+00
2.528696795499021377e+00
3.146113625244618461e+00
3.843795865949119595e+00
2.426667991682974534e+00
2.804763943248532510e+00
2.729796049412915870e+00
2.889822345890411093e+00
2.614802470645792631e+00
2.672945205479452024e+00
3.123287671232876761e+00
2.873318248532289676e+00
2.626635885518591174e+00
3.793297455968688947e+00
2.231936460371819919e+00
2.574692698140900404e+00
2.840455295988258300e+00
3.070251345401174170e+00
3.263454011741683036e+00
2.981668909001956802e+00
2.558723703522504778e+00
2.824004708904109595e+00
3.110429916829745789e+00
2.996353657045009999e+00
2.734703705968688947e+00
3.440809992661447936e+00
3.294994496086105507e+00
2.020563233855185992e+00
2.031509907045009999e+00
2.348833476027397449e+00
2.172371881115459757e+00
2.146029537671232834e+00
1.914796355185909960e+00
2.222618028375733967e+00
2.210486484833659393e+00
2.061246330724070486e+00
2.278994924168297409e+00
2.209890227495107773e+00
2.110429916829745789e+00
1.690458353718199636e+00
2.049045988258316964e+00
1.697422333659491134e+00
1.712840936888454069e+00
1.669123043052837652e+00
1.920812438845401093e+00
1.967557485322896316e+00
2.143506910469667126e+00
2.366048495596869028e+00
2.081786631604696680e+00
1.979788405088062531e+00
2.218604757827788543e+00
2.138484589041095951e+00
2.205051369863013644e+00
2.146098336594911782e+00
2.211120963796477490e+00
2.073714224559686681e+00
2.087344055772994089e+00
2.033168725538160526e+00
1.942782228473581174e+00
2.001796416340508866e+00
2.450441841976516599e+00
4.600270609099804453e+00
3.968490092954990001e+00
2.611561276908023643e+00
4.275753730430528421e+00
3.812102495107632105e+00
3.219644386007827652e+00
2.988227739726027288e+00
2.967519263698630283e+00
2.418037548923678948e+00
2.848091976516633927e+00
3.237944899706457935e+00
3.368685787671232834e+00
3.238006054305283765e+00
4.250107020547945424e+00
3.416264065557729879e+00
3.357188723091976357e+00
2.751635885518591174e+00
3.576771954500978623e+00
2.772512536692759433e+00
2.317285347358121417e+00
3.304557546477495222e+00
3.495917930528375628e+00
2.760579745596869028e+00
3.219919581702543887e+00
2.734183891878669392e+00
2.706977739726027288e+00
3.160844239236790809e+00
2.952758072407045020e+00
3.351531922700587085e+00
2.971379647749510688e+00
2.939288772015655749e+00
2.820404231898238745e+00
3.076718444227005911e+00
4.211052164872798542e+00
3.166952054794520688e+00
3.825908145792563442e+00
2.971494312622309231e+00
2.929580479452054576e+00
3.040943003913894493e+00
2.765242783757338341e+00
3.433486729452054576e+00
3.287289016634050931e+00
2.958216120352250567e+00
3.193172089041095951e+00
2.756650562622309231e+00
3.252063967710371983e+00
2.722480430528375628e+00
2.880985506360078219e+00
2.798801369863013644e+00
2.334523299902152793e+00
3.043756115459882672e+00
2.593711778375733967e+00
3.056690313111546153e+00
2.573515472113502955e+00
2.587015349804305142e+00
2.703660102739726234e+00
2.788504464285714413e+00
3.523857937866927692e+00
2.751207803326810364e+00
2.742019324853228746e+00
3.130014677103718057e+00
3.026242967221135061e+00
3.136802837573385627e+00
3.075097847358121417e+00
2.672777030332681214e+00
2.919650501467710324e+00
2.915751895792563442e+00
2.676446306262231012e+00
2.628462879158512511e+00
2.933035714285714413e+00
3.373738686399217368e+00
2.662495413405088218e+00
2.999969422700587085e+00
2.592924412915851295e+00
3.104811338062622106e+00
2.818982387475537976e+00
2.749915912426614373e+00
2.199700342465753522e+00
2.770303326810175992e+00
2.436345706947162348e+00
2.777626590019569353e+00
2.889126712328767166e+00
3.024117844911937247e+00
2.200732326320939514e+00
2.611416034735812186e+00
2.428219789628180081e+00
3.092802103718199636e+00
2.431262230919765344e+00
2.691895486790606640e+00
2.258989726027397449e+00
2.460838123776908137e+00
2.564449302837573441e+00
2.719499143835616639e+00
2.620979085127201458e+00
2.632277397260273766e+00
2.878042441291585263e+00
2.177661753913894493e+00
2.682263637475537976e+00
2.333567759295498867e+00
2.630435114970645749e+00
2.958583047945205546e+00
2.456962451076321052e+00
2.216869496086105507e+00
2.596456090998043198e+00
2.754716548434442469e+00
2.406731592465753522e+00
2.520035775440313319e+00
2.161983243639921781e+00
2.792150807240704413e+00
2.753921538649706680e+00
2.262681934931507044e+00
2.144989909491193725e+00
2.635816719667318786e+00
2.129280821917808098e+00
2.403184625733855384e+00
2.506199547455968624e+00
2.482158145792563442e+00
2.280401479941291498e+00
2.424458781800391538e+00
2.202261191291585263e+00
2.277947651663405182e+00
2.307684075342465668e+00
2.807760518590998178e+00
2.157251406555773077e+00
2.785706641389432470e+00
2.413443309686888583e+00
2.161409919275929514e+00
4.355040667808219190e+00
4.724659063111546153e+00
4.012437316536203724e+00
8.342954990215263322e+00
8.311322773972602107e+00
4.620910286203522510e+00
3.718887597847358339e+00
4.687614664872798542e+00
3.784108977495107773e+00
4.923304488747553442e+00
4.787946428571428825e+00
5.391183035714285587e+00
4.883439334637964535e+00
4.096226761252446558e+00
5.929909185420743967e+00
5.255649156066536598e+00
3.660408512720156438e+00
3.684694532778864939e+00
4.399515349804305586e+00
4.247018713307240567e+00
4.650409735812132794e+00
4.643147627201565264e+00
3.852900256849315141e+00
5.009364297945205102e+00
2.710906922700587085e+00
2.958590692270058664e+00
2.909598214285714413e+00
3.486607142857142794e+00
3.776487585616438380e+00
3.674275318003914048e+00
3.660148605675146882e+00
3.371368945694716235e+00
2.977823813600782632e+00
2.972618028375733967e+00
3.030141572896281943e+00
3.443118578767123239e+00
4.306476272015655304e+00
3.643766817514677125e+00
3.184633378180039109e+00
2.844652030332681214e+00
4.180872370352250122e+00
4.729559075342465668e+00
3.261894569471624372e+00
3.456817208904109595e+00
3.718581824853228746e+00
3.752285653131115506e+00
2.873639310176125061e+00
3.865314640410959068e+00
3.561590325342465668e+00
5.575204867906066397e+00
4.670705418297456113e+00
2.604069838551859029e+00
4.122018713307240567e+00
3.307859894814090040e+00
3.031915056262231012e+00
3.620879708904109595e+00
4.344674963307240567e+00
5.491461289138943158e+00
5.487807301859099596e+00
3.069509845890411093e+00
3.817140105185909960e+00
3.545414933953033199e+00
3.217557485322896316e+00
2.828683035714285587e+00
3.584553877201565708e+00
2.995275807240704413e+00
3.977625061154598907e+00
3.064304060665361984e+00
3.281097113502935425e+00
3.101172639432485223e+00
3.513836227984344251e+00
3.825418909001956802e+00
3.983702299412915870e+00
4.014012047455969068e+00
3.386810481898238745e+00
4.609214469178081863e+00
2.908405699608610728e+00
3.299542869373776721e+00
3.605782167318982268e+00
2.821382705479452024e+00
4.404713490704501133e+00
3.707413466242661659e+00
4.095179488747553442e+00
4.332703950587084130e+00
3.798870168786692592e+00
4.288405088062622106e+00
2.725438784246575263e+00
3.073133255870841296e+00
4.377729023972602995e+00
4.478595890410958624e+00
3.990261130136986356e+00
3.930199669765166437e+00
3.644898177592954980e+00
4.323859466731898138e+00
4.244687194227005911e+00
3.091754831213307408e+00
2.890250428082191902e+00
3.665652519569471579e+00
2.960861056751467490e+00
2.904751712328767166e+00
3.256887536692759433e+00
2.441757888943248744e+00
3.067048373287671215e+00
2.226019752935420648e+00
3.080089591487279677e+00
2.899584148727984534e+00
2.548151602250489312e+00
2.492990154109588907e+00
2.871881115459882672e+00
2.538382155088062753e+00
2.363158940802348340e+00
2.121728228962818097e+00
2.140021098336594818e+00
2.680604818982387449e+00
3.032824730919765344e+00
3.360292318982387449e+00
2.903559197651663482e+00
3.371774094911937247e+00
2.533184014187866762e+00
2.602877323874755344e+00
3.912105552837573441e+00
2.551576259784735790e+00
2.927592954990215102e+00
2.176186399217221012e+00
2.984397932974559797e+00
3.650440313111546153e+00
2.800314946183953158e+00
2.622225110078277854e+00
2.549015410958904049e+00
2.676859099804305142e+00
2.488632888943248744e+00
2.133706886007827652e+00
2.575319532778864939e+00
2.522718933463796276e+00
2.589430956457925426e+00
2.615528681506849473e+00
2.695954623287671215e+00
2.451236851761252389e+00
2.428808402641878583e+00
2.795751284246575263e+00
2.805857081702543887e+00
2.925674229452054576e+00
2.968329562133072308e+00
2.530424412915851295e+00
3.637154476516633927e+00
3.635273972602739878e+00
3.667494801859099596e+00
4.112929611056751256e+00
2.657045009784735790e+00
2.809702177103718057e+00
3.423021648727984534e+00
2.944249938845401093e+00
2.597541585127201458e+00
3.294421171722113684e+00
3.308861301369863117e+00
2.965707558708414737e+00
2.603259540117417004e+00
2.981003852739726234e+00
2.647718933463796276e+00
3.216869496086105507e+00
3.147321428571428381e+00
3.291531616927592996e+00
2.821344483855185992e+00
3.009777091487279677e+00
3.589958414872798542e+00
3.196527947651663482e+00
3.408084637964774899e+00
3.191123409980430647e+00
3.917403069960860851e+00
3.092175269080234656e+00
3.302623532289628017e+00
3.380771465264187814e+00
2.635457436399217368e+00
2.759693003913894493e+00
2.459301614481408826e+00
2.857463918786692592e+00
3.105499327299412915e+00
2.977288710861056842e+00
2.901434075342465668e+00
3.213865276418786721e+00
3.091961227984344251e+00
2.685894691780821741e+00
2.630695022015655749e+00
3.142780699608610728e+00
2.714981347847358339e+00
2.874816536203522510e+00
2.855216487279843562e+00
2.806285163894324697e+00
2.727907901174168259e+00
2.978083720645792631e+00
3.533940802348336518e+00
3.230132399706457935e+00
2.576573202054794454e+00
2.815022627201565708e+00
3.034949853228962713e+00
2.621789383561643927e+00
2.850698691291585263e+00
2.569792685909980445e+00
2.622890166340508866e+00
2.666340508806262388e+00
2.775188050391389272e+00
2.316796110567514777e+00
2.683257399706457935e+00
2.663061093444226923e+00
2.904935176125244656e+00
3.089132827788649838e+00
2.673052226027397449e+00
2.757048067514677125e+00
2.943256176614481578e+00
2.765900195694716235e+00
3.209324547455968624e+00
2.781219422700587085e+00
2.564074730919765344e+00
2.726119129158512511e+00
2.671408696183953158e+00
2.939915606653620284e+00
2.377828400195694858e+00
2.235131788160469757e+00
2.263209393346379716e+00
2.298052226027397449e+00
2.431407473091976357e+00
2.238938661937377894e+00
2.098734099804305142e+00
2.444632155088062753e+00
2.528368089530332874e+00
2.110192942759295587e+00
2.668855491682974534e+00
2.643881482387475668e+00
2.314686276908023643e+00
2.513484589041095951e+00
2.429886252446184169e+00
2.601012108610567530e+00
2.659223642367905871e+00
2.420651908023483401e+00
2.369175024461839474e+00
2.236454256360078219e+00
2.656731592465753522e+00
2.511107204011741700e+00
2.337733916340508866e+00
2.025715508806262388e+00
2.143269936399217368e+00
2.699440435420743523e+00
2.087007705479452024e+00
2.270181017612524332e+00
2.749678938356164171e+00
2.561215753424657571e+00
2.329493334148728056e+00
3.950373043052837652e+00
3.094369190313111417e+00
3.125152886497064575e+00
3.455127813111546153e+00
3.626276602250489312e+00
4.084653253424657571e+00
4.009563050391389716e+00
3.787892918297456113e+00
3.927355980919765344e+00
3.899232509784735790e+00
3.771664016634050931e+00
4.024538282778864939e+00
3.314434014187866762e+00
4.683876590019569797e+00
4.863931017612524776e+00
4.897520181017612551e+00
5.245008255870841296e+00
3.998639310176125061e+00
3.812438845401174170e+00
4.031196489726027288e+00
4.221547822896281943e+00
4.333659491193738056e+00
6.926790300880626639e+00
3.837321122798434292e+00
4.205036081213306964e+00
4.682485322896281943e+00
4.985521648727984534e+00
4.335173067514676681e+00
3.556636802837573441e+00
3.968535958904109595e+00
5.250810298434442025e+00
4.602479818982387449e+00
3.895066352739726234e+00
4.149530638454011822e+00
4.078209087573385183e+00
4.187477067025440647e+00
4.188707803326810364e+00
3.977647994129158704e+00
4.345515839041095951e+00
4.645861362524462024e+00
4.188822468199608906e+00
4.648743272994129150e+00
4.478099009295498867e+00
3.937607020547945424e+00
4.829401602250489312e+00
3.330066658512720323e+00
4.235773911448140971e+00
2.874319655088062753e+00
3.655416768590998178e+00
3.819899706457925426e+00
3.755121697651663482e+00
3.686215753424657571e+00
4.203721257338552064e+00
4.764493639921721702e+00
4.345508194716242834e+00
3.448423740215264210e+00
7.818195022015655304e+00
5.511672884050880405e+00
5.195618272994129150e+00
4.097587451076321052e+00
4.236889982876712146e+00
4.051797945205479756e+00
5.463758255870841296e+00
4.434113564090019999e+00
4.318913588551859029e+00
3.710325954011741700e+00
4.303540851272015466e+00
4.151877446183952713e+00
3.714323935909980445e+00
3.626635885518591174e+00
3.763071795499021377e+00
3.209775562622309231e+00
3.792540667808219190e+00
2.936957252935420648e+00
3.095630503913894493e+00
3.904728779354207369e+00
3.280607876712328785e+00
3.280600232387475668e+00
4.210631727005870850e+00
3.027756543542074574e+00
2.887712512230919959e+00
3.333873532289628017e+00
3.076634356653620284e+00
3.314739787181995911e+00
3.735483427103718057e+00
3.013668052837573441e+00
3.154017857142857206e+00
3.658925513698630283e+00
3.271159491193737612e+00
3.676453950587084130e+00
3.056514493639921781e+00
3.547035530821917693e+00
3.321321550880626194e+00
3.153161692759295587e+00
3.402175574853228746e+00
4.170414933953033199e+00
4.812094850782778543e+00
3.631283635029354251e+00
3.392604880136986356e+00
3.699279904598825830e+00
3.951978351272015466e+00
3.356661264677103684e+00
3.245436338062622106e+00
3.544000733855185992e+00
3.498387047455968624e+00
2.729582008317025466e+00
3.384723581213307408e+00
2.944028253424657571e+00
2.913940190802348340e+00
3.574127018101761255e+00
3.221226761252446114e+00
3.242531494618395183e+00
2.770654965753424737e+00
3.082589285714285587e+00
3.172455968688845385e+00
2.981913527397260122e+00
3.230101822407045020e+00
2.887636068982387449e+00
2.968964041095890405e+00
2.741965814579256477e+00
3.285683708414872672e+00
2.982096991193737612e+00
3.207161203522504778e+00
2.923503241193737612e+00
3.240765655577299231e+00
2.832421110567514777e+00
3.369970034246575263e+00
3.183738992172211457e+00
2.891611117906066397e+00
2.403864970645792631e+00
3.215409430039139149e+00
2.648552164872798542e+00
1.018918939579256389e+01
3.001345401174168259e+00
3.399133133561643927e+00
4.261267734833659837e+00
2.882820144324853118e+00
3.408925513698630283e+00
3.843505381604696680e+00
2.990391083659491134e+00
3.306697957436399271e+00
2.456840141878669392e+00
2.394210188356164171e+00
2.553663160469667126e+00
3.140548556751467490e+00
3.001865215264187814e+00
2.981034430039139149e+00
2.702154170743639838e+00
3.804695144324853118e+00
3.961365582191780810e+00
2.387490826810175992e+00
2.917082008317025466e+00
2.651258255870841296e+00
3.471509601272015466e+00
3.189464591487279677e+00
3.418198079745597084e+00
2.909972786203522510e+00
3.268017673679060486e+00
2.306988441780821741e+00
3.364244434931507044e+00
2.848420682485322875e+00
2.742799045988258300e+00
3.204539200097847207e+00
3.317086594911937247e+00
2.884134968199608462e+00
2.761137781311154615e+00
2.390005809686888583e+00
3.216364970645792631e+00
2.597755626223091863e+00
3.058654904598825830e+00
2.256490031800391538e+00
2.150180406066536154e+00
2.342878546966731701e+00
2.809740398727984534e+00
2.883118272994129150e+00
3.220684014187866762e+00
3.276854513209393360e+00
3.397283206947162348e+00
2.754594239236790809e+00
3.595714591487279677e+00
2.404476516634050931e+00
3.024026113013698502e+00
2.828514860567514777e+00
2.553395609099804453e+00
3.322720462328767166e+00
3.126781127690802187e+00
2.427562377690802187e+00
4.050215569960861295e+00
2.824600966242661659e+00
2.793098703522504778e+00
3.015930772994129150e+00
2.881635273972602551e+00
3.219590875733855384e+00
3.138935604207436558e+00
2.309893285225049109e+00
2.876184870352250567e+00
2.141909246575342429e+00
2.038420376712328785e+00
1.991767062133072308e+00
3.147038588551859029e+00
3.046882644324853118e+00
2.111928204500978623e+00
3.044031311154598907e+00
2.701695511252446114e+00
2.089874327299412915e+00
3.117011680528375628e+00
2.668144569471624372e+00
2.881910469667318786e+00
3.580754647749510688e+00
2.452582252935420648e+00
2.370268162915851295e+00
2.985995596868884494e+00
4.565435420743639838e+00
2.512414383561643927e+00
2.763094728473581174e+00
2.417662977005870850e+00
3.058761925146771254e+00
3.098520058708414737e+00
3.342916768590998178e+00
2.589881971624266033e+00
2.343184319960860851e+00
2.263469300391389272e+00
2.482211656066536154e+00
2.269386007827788543e+00
1.882025134540117328e+00
2.242439762720156438e+00
1.723076687866927692e+00
2.268461044520547976e+00
2.531494618395303320e+00
2.194991438356164171e+00
2.098221930039139149e+00
2.130266939823874939e+00
2.425001528864970446e+00
2.419528192270058664e+00
2.011741682974559797e+00
2.818263820939334696e+00
2.016725782778864939e+00
1.814586900684931559e+00
1.780470278864970668e+00
1.810573630136986356e+00
2.193623104207436558e+00
2.337825648238747611e+00
2.109482020547945424e+00
2.819089408023483401e+00
2.610147076810175992e+00
1.769569471624266255e+00
3.399423617906066397e+00
3.760426859099804453e+00
3.366476577788649838e+00
3.033405699608610728e+00
3.583025012230919959e+00
3.727923189823874939e+00
3.587405210371819919e+00
4.148322835127201458e+00
4.078942942759295143e+00
2.660943615459882672e+00
3.329478045499021377e+00
3.296790912426614373e+00
3.848611790606653482e+00
3.986645364481408826e+00
3.682783451565557531e+00
3.822789261252446114e+00
3.462328767123287854e+00
4.189403436888453847e+00
3.929733365949119595e+00
3.128554611056751256e+00
4.875152886497065019e+00
5.261818126223092307e+00
3.504808280332681214e+00
3.765181629158512511e+00
5.337932668786693036e+00
3.460088979941291498e+00
4.171370474559687125e+00
5.018239359099804453e+00
3.792533023483366073e+00
5.915369679549901782e+00
4.702765716731898138e+00
3.586847174657534332e+00
3.906013025929549798e+00
4.212038282778864939e+00
5.434748043052837652e+00
4.972358121330723968e+00
4.216212084148727612e+00
4.846823018590997734e+00
5.162449547455969068e+00
4.312240092954990445e+00
5.253004219667318786e+00
3.400432668786692592e+00
2.650363869863013644e+00
2.815779415362035021e+00
3.751452421722113684e+00
3.568974743150684859e+00
3.297096685420743523e+00
3.654499449608610728e+00
4.207107693248532065e+00
3.845890410958904049e+00
2.916225843933463846e+00
3.099789016634050931e+00
3.000137597847358339e+00
3.403574486301369717e+00
3.439747431506849473e+00
2.791630993150684859e+00
2.956220951565557531e+00
3.638583965264187814e+00
3.215868089530332874e+00
3.305237891389432470e+00
3.566153987279843562e+00
2.820159613502935425e+00
3.087772137964774899e+00
3.364259723581213279e+00
3.734459087573385627e+00
3.902106775929549798e+00
3.679098886986301498e+00
3.218887597847358339e+00
3.198156188845401093e+00
3.190809992661447936e+00
3.026793358610567530e+00
3.432240704500978623e+00
3.124128546966731701e+00
2.905798984833659393e+00
3.210356531311154615e+00
4.152924718688845829e+00
3.168228657045009999e+00
3.658428632583170081e+00
3.076534980430528421e+00
2.536096501956947247e+00
3.924275318003914048e+00
2.973244863013698502e+00
3.711671355185909960e+00
2.856386068982387449e+00
2.873616377201565708e+00
2.804565190802348340e+00
2.669520547945205546e+00
2.309969728473581174e+00
2.431468627690802187e+00
2.961571978962818097e+00
2.658826137475537976e+00
3.397344361545988178e+00
2.360001834637964979e+00
2.937966303816046842e+00
2.651327054794520688e+00
3.227151113013698502e+00
2.333453094422700769e+00
