1.636289062500000000e+02
1.570351562500000000e+02
1.453632812500000000e+02
1.544960937500000000e+02
1.119687500000000000e+02
1.473750000000000000e+02
1.354843750000000000e+02
1.134062500000000000e+02
1.185664062500000000e+02
1.557968750000000000e+02
1.497226562500000000e+02
1.519218750000000000e+02
1.237226562500000000e+02
1.563828125000000000e+02
1.356914062500000000e+02
1.191484375000000000e+02
8.291015625000000000e+01
1.569375000000000000e+02
8.821484375000000000e+01
1.609921875000000000e+02
1.652968750000000000e+02
1.606406250000000000e+02
1.023007812500000000e+02
1.662851562500000000e+02
1.682695312500000000e+02
1.552265625000000000e+02
1.690585937500000000e+02
1.681093750000000000e+02
1.624179687500000000e+02
1.429101562500000000e+02
1.343125000000000000e+02
1.508671875000000000e+02
1.597148437500000000e+02
1.668320312500000000e+02
1.128281250000000000e+02
9.425000000000000000e+01
1.285273437500000000e+02
1.202773437500000000e+02
1.478906250000000000e+02
1.497890625000000000e+02
1.515898437500000000e+02
1.269023437500000000e+02
1.481875000000000000e+02
1.226562500000000000e+02
1.443125000000000000e+02
1.050039062500000000e+02
1.051835937500000000e+02
1.207265625000000000e+02
1.212500000000000000e+02
1.238007812500000000e+02
1.395937500000000000e+02
1.409726562500000000e+02
9.585937500000000000e+01
1.754101562500000000e+02
1.595859375000000000e+02
1.209179687500000000e+02
1.235312500000000000e+02
1.401718750000000000e+02
1.249609375000000000e+02
1.840234375000000000e+02
1.776914062500000000e+02
1.226796875000000000e+02
1.720625000000000000e+02
1.466210937500000000e+02
1.098359375000000000e+02
1.213437500000000000e+02
1.223281250000000000e+02
1.762929687500000000e+02
1.658710937500000000e+02
1.175156250000000000e+02
1.186484375000000000e+02
1.207578125000000000e+02
1.041484375000000000e+02
1.018828125000000000e+02
1.013984375000000000e+02
1.066640625000000000e+02
1.041210937500000000e+02
1.045117187500000000e+02
1.152070312500000000e+02
1.094257812500000000e+02
9.900390625000000000e+01
1.422343750000000000e+02
1.363750000000000000e+02
1.056484375000000000e+02
1.392226562500000000e+02
1.509609375000000000e+02
1.364570312500000000e+02
1.079765625000000000e+02
1.182265625000000000e+02
1.328007812500000000e+02
1.355976562500000000e+02
1.126250000000000000e+02
1.310625000000000000e+02
1.298242187500000000e+02
1.364414062500000000e+02
1.455078125000000000e+02
1.189921875000000000e+02
1.453515625000000000e+02
1.287421875000000000e+02
1.023437500000000000e+02
1.024960937500000000e+02
9.991406250000000000e+01
1.042226562500000000e+02
1.285742187500000000e+02
1.314843750000000000e+02
1.222265625000000000e+02
1.359335937500000000e+02
1.546132812500000000e+02
1.036679687500000000e+02
1.339882812500000000e+02
1.109921875000000000e+02
1.132812500000000000e+02
1.131992187500000000e+02
1.609414062500000000e+02
1.136171875000000000e+02
8.672265625000000000e+01
1.003085937500000000e+02
1.103984375000000000e+02
1.518554687500000000e+02
1.137226562500000000e+02
1.597773437500000000e+02
1.634140625000000000e+02
1.246210937500000000e+02
1.261796875000000000e+02
1.106640625000000000e+02
1.460390625000000000e+02
1.114101562500000000e+02
1.076875000000000000e+02
1.116210937500000000e+02
1.219257812500000000e+02
1.279882812500000000e+02
1.512890625000000000e+02
1.677304687500000000e+02
1.557304687500000000e+02
1.333906250000000000e+02
1.139179687500000000e+02
9.309765625000000000e+01
1.348867187500000000e+02
1.097734375000000000e+02
1.295390625000000000e+02
1.334492187500000000e+02
1.456132812500000000e+02
1.319609375000000000e+02
1.365468750000000000e+02
1.357421875000000000e+02
1.360117187500000000e+02
1.321367187500000000e+02
1.379609375000000000e+02
1.288476562500000000e+02
1.439335937500000000e+02
1.368515625000000000e+02
2.065703125000000000e+02
1.686015625000000000e+02
2.101875000000000000e+02
1.991250000000000000e+02
2.133515625000000000e+02
1.969140625000000000e+02
1.511992187500000000e+02
1.403515625000000000e+02
1.376835937500000000e+02
1.569921875000000000e+02
1.482187500000000000e+02
1.416289062500000000e+02
1.665898437500000000e+02
1.353789062500000000e+02
1.308242187500000000e+02
1.407617187500000000e+02
1.341953125000000000e+02
1.409218750000000000e+02
1.579492187500000000e+02
1.459726562500000000e+02
1.491562500000000000e+02
1.429921875000000000e+02
1.157812500000000000e+02
1.351992187500000000e+02
1.471640625000000000e+02
1.239804687500000000e+02
1.193750000000000000e+02
1.392734375000000000e+02
1.115546875000000000e+02
1.356250000000000000e+02
1.385351562500000000e+02
1.506445312500000000e+02
1.072695312500000000e+02
1.108906250000000000e+02
1.120468750000000000e+02
1.199218750000000000e+02
9.757812500000000000e+01
1.350625000000000000e+02
1.225195312500000000e+02
1.297812500000000000e+02
1.189062500000000000e+02
1.175976562500000000e+02
1.216093750000000000e+02
1.316445312500000000e+02
1.014960937500000000e+02
1.200468750000000000e+02
1.044218750000000000e+02
1.247265625000000000e+02
1.383398437500000000e+02
1.008125000000000000e+02
9.461718750000000000e+01
9.614453125000000000e+01
1.010625000000000000e+02
1.232851562500000000e+02
8.931250000000000000e+01
1.365351562500000000e+02
1.016835937500000000e+02
1.022031250000000000e+02
8.911718750000000000e+01
9.339062500000000000e+01
8.370312500000000000e+01
1.151992187500000000e+02
1.066328125000000000e+02
8.565625000000000000e+01
8.921093750000000000e+01
7.764453125000000000e+01
8.810937500000000000e+01
7.755078125000000000e+01
1.096757812500000000e+02
1.310468750000000000e+02
1.374414062500000000e+02
1.364218750000000000e+02
1.380976562500000000e+02
1.324531250000000000e+02
1.283281250000000000e+02
1.428437500000000000e+02
1.093593750000000000e+02
1.236289062500000000e+02
1.285234375000000000e+02
1.299609375000000000e+02
1.093828125000000000e+02
1.301171875000000000e+02
1.330664062500000000e+02
1.223789062500000000e+02
1.278671875000000000e+02
1.129609375000000000e+02
1.421445312500000000e+02
1.405273437500000000e+02
1.182421875000000000e+02
1.009179687500000000e+02
1.329531250000000000e+02
1.089101562500000000e+02
1.194023437500000000e+02
1.285234375000000000e+02
1.068828125000000000e+02
1.080546875000000000e+02
1.094960937500000000e+02
1.071484375000000000e+02
1.144648437500000000e+02
1.233554687500000000e+02
9.558593750000000000e+01
1.078828125000000000e+02
9.361718750000000000e+01
9.739843750000000000e+01
9.986328125000000000e+01
1.327187500000000000e+02
9.130468750000000000e+01
1.141718750000000000e+02
9.877343750000000000e+01
9.158203125000000000e+01
1.045937500000000000e+02
1.171093750000000000e+02
1.018242187500000000e+02
1.008281250000000000e+02
1.017734375000000000e+02
9.981640625000000000e+01
9.070703125000000000e+01
1.054726562500000000e+02
8.951953125000000000e+01
9.266015625000000000e+01
9.265625000000000000e+01
8.731250000000000000e+01
1.274414062500000000e+02
1.196367187500000000e+02
1.340000000000000000e+02
9.795312500000000000e+01
1.116445312500000000e+02
9.626562500000000000e+01
9.708203125000000000e+01
1.091757812500000000e+02
1.076054687500000000e+02
1.114335937500000000e+02
1.185625000000000000e+02
1.108710937500000000e+02
9.787109375000000000e+01
8.987500000000000000e+01
1.105664062500000000e+02
1.042968750000000000e+02
9.446093750000000000e+01
1.050195312500000000e+02
1.168554687500000000e+02
1.480546875000000000e+02
1.392890625000000000e+02
1.045078125000000000e+02
9.984375000000000000e+01
1.299648437500000000e+02
1.210039062500000000e+02
1.005039062500000000e+02
1.469804687500000000e+02
1.122265625000000000e+02
1.044453125000000000e+02
1.016367187500000000e+02
9.617968750000000000e+01
9.346875000000000000e+01
7.998437500000000000e+01
9.322656250000000000e+01
8.533984375000000000e+01
8.907421875000000000e+01
8.605078125000000000e+01
8.132812500000000000e+01
8.800781250000000000e+01
8.236718750000000000e+01
8.065625000000000000e+01
8.614843750000000000e+01
9.933203125000000000e+01
8.765625000000000000e+01
8.325781250000000000e+01
8.258203125000000000e+01
9.740625000000000000e+01
9.117968750000000000e+01
8.926171875000000000e+01
9.794531250000000000e+01
1.003750000000000000e+02
1.049687500000000000e+02
1.143437500000000000e+02
8.646484375000000000e+01
1.038789062500000000e+02
9.529296875000000000e+01
9.551953125000000000e+01
9.291796875000000000e+01
1.025195312500000000e+02
9.496484375000000000e+01
1.072304687500000000e+02
8.152734375000000000e+01
9.400781250000000000e+01
8.126171875000000000e+01
9.916796875000000000e+01
9.057031250000000000e+01
9.352343750000000000e+01
8.938671875000000000e+01
8.180859375000000000e+01
9.533984375000000000e+01
9.907421875000000000e+01
8.548046875000000000e+01
8.092187500000000000e+01
8.920703125000000000e+01
9.294531250000000000e+01
9.767968750000000000e+01
9.078515625000000000e+01
1.090585937500000000e+02
1.152578125000000000e+02
1.155429687500000000e+02
9.142578125000000000e+01
9.768359375000000000e+01
9.173437500000000000e+01
8.972656250000000000e+01
1.016093750000000000e+02
1.010312500000000000e+02
9.674609375000000000e+01
9.230468750000000000e+01
9.282812500000000000e+01
1.019648437500000000e+02
1.178554687500000000e+02
9.967968750000000000e+01
1.023632812500000000e+02
1.078984375000000000e+02
9.258203125000000000e+01
1.304101562500000000e+02
9.937890625000000000e+01
9.183203125000000000e+01
9.800390625000000000e+01
1.105273437500000000e+02
1.064804687500000000e+02
9.134765625000000000e+01
9.660546875000000000e+01
8.751562500000000000e+01
9.535546875000000000e+01
8.396484375000000000e+01
1.067148437500000000e+02
9.809765625000000000e+01
7.749218750000000000e+01
8.339843750000000000e+01
7.902734375000000000e+01
1.002500000000000000e+02
8.609375000000000000e+01
9.014453125000000000e+01
9.062500000000000000e+01
9.564843750000000000e+01
1.042617187500000000e+02
9.649218750000000000e+01
9.125781250000000000e+01
9.271093750000000000e+01
8.623828125000000000e+01
9.331640625000000000e+01
8.294921875000000000e+01
9.411718750000000000e+01
9.980859375000000000e+01
1.021523437500000000e+02
1.022460937500000000e+02
1.008750000000000000e+02
1.023789062500000000e+02
1.253867187500000000e+02
1.029726562500000000e+02
1.034375000000000000e+02
1.326953125000000000e+02
9.919140625000000000e+01
1.115468750000000000e+02
1.041015625000000000e+02
1.202851562500000000e+02
1.170664062500000000e+02
1.333671875000000000e+02
1.288437500000000000e+02
1.135664062500000000e+02
1.041210937500000000e+02
1.002695312500000000e+02
1.085468750000000000e+02
9.141015625000000000e+01
1.001328125000000000e+02
1.146835937500000000e+02
9.337890625000000000e+01
9.694921875000000000e+01
1.175820312500000000e+02
1.147734375000000000e+02
1.071445312500000000e+02
7.928906250000000000e+01
8.428515625000000000e+01
8.627734375000000000e+01
1.282890625000000000e+02
1.019726562500000000e+02
1.203671875000000000e+02
1.433007812500000000e+02
8.647656250000000000e+01
1.111250000000000000e+02
1.051132812500000000e+02
8.744140625000000000e+01
8.806640625000000000e+01
1.075429687500000000e+02
1.209804687500000000e+02
8.462890625000000000e+01
8.872265625000000000e+01
1.176484375000000000e+02
8.600390625000000000e+01
1.059570312500000000e+02
9.239843750000000000e+01
8.837890625000000000e+01
9.923437500000000000e+01
7.736718750000000000e+01
8.348437500000000000e+01
8.994140625000000000e+01
8.270312500000000000e+01
8.794140625000000000e+01
9.178906250000000000e+01
9.999218750000000000e+01
9.759375000000000000e+01
1.034179687500000000e+02
9.700000000000000000e+01
1.040820312500000000e+02
1.026718750000000000e+02
9.934375000000000000e+01
1.025273437500000000e+02
1.061914062500000000e+02
1.087148437500000000e+02
1.057656250000000000e+02
9.906250000000000000e+01
1.036718750000000000e+02
9.705859375000000000e+01
1.014179687500000000e+02
9.001953125000000000e+01
9.675781250000000000e+01
1.060859375000000000e+02
9.605859375000000000e+01
1.160351562500000000e+02
1.123984375000000000e+02
1.073007812500000000e+02
1.017734375000000000e+02
1.011718750000000000e+02
9.478906250000000000e+01
1.083164062500000000e+02
1.100312500000000000e+02
1.074179687500000000e+02
1.080156250000000000e+02
1.231171875000000000e+02
1.048164062500000000e+02
1.136953125000000000e+02
1.121796875000000000e+02
1.083867187500000000e+02
1.091718750000000000e+02
1.136914062500000000e+02
1.078867187500000000e+02
1.053281250000000000e+02
8.913281250000000000e+01
8.760937500000000000e+01
1.014726562500000000e+02
7.829296875000000000e+01
9.659375000000000000e+01
9.169921875000000000e+01
1.155937500000000000e+02
1.033632812500000000e+02
1.074453125000000000e+02
9.608984375000000000e+01
9.887109375000000000e+01
1.107968750000000000e+02
9.419921875000000000e+01
9.400390625000000000e+01
8.846093750000000000e+01
8.889843750000000000e+01
8.444921875000000000e+01
8.881250000000000000e+01
8.414062500000000000e+01
9.064843750000000000e+01
8.639062500000000000e+01
8.478906250000000000e+01
1.069062500000000000e+02
1.160078125000000000e+02
8.693359375000000000e+01
8.338671875000000000e+01
1.170664062500000000e+02
2.020546875000000000e+02
8.421093750000000000e+01
8.464062500000000000e+01
1.091953125000000000e+02
1.315781250000000000e+02
1.172382812500000000e+02
9.287109375000000000e+01
1.174570312500000000e+02
9.346484375000000000e+01
1.324179687500000000e+02
1.076679687500000000e+02
1.150625000000000000e+02
9.965625000000000000e+01
9.425781250000000000e+01
1.195507812500000000e+02
1.008398437500000000e+02
1.070742187500000000e+02
9.888281250000000000e+01
1.063710937500000000e+02
9.821484375000000000e+01
9.347265625000000000e+01
9.587500000000000000e+01
1.095507812500000000e+02
9.596875000000000000e+01
1.167226562500000000e+02
9.517968750000000000e+01
1.103085937500000000e+02
1.043476562500000000e+02
1.037382812500000000e+02
7.333203125000000000e+01
1.171132812500000000e+02
1.047421875000000000e+02
7.054687500000000000e+01
8.766796875000000000e+01
7.318750000000000000e+01
7.258984375000000000e+01
1.161093750000000000e+02
7.156640625000000000e+01
7.324609375000000000e+01
1.085000000000000000e+02
1.132695312500000000e+02
8.260546875000000000e+01
1.071875000000000000e+02
1.197695312500000000e+02
9.624218750000000000e+01
8.758984375000000000e+01
9.510546875000000000e+01
9.916015625000000000e+01
1.171406250000000000e+02
7.440234375000000000e+01
7.833203125000000000e+01
1.107695312500000000e+02
1.240468750000000000e+02
1.148476562500000000e+02
1.087578125000000000e+02
1.011484375000000000e+02
1.212421875000000000e+02
1.183515625000000000e+02
1.144375000000000000e+02
1.164140625000000000e+02
1.081718750000000000e+02
1.183398437500000000e+02
1.092812500000000000e+02
1.101796875000000000e+02
1.056523437500000000e+02
1.044218750000000000e+02
1.254570312500000000e+02
1.135859375000000000e+02
1.073242187500000000e+02
1.116171875000000000e+02
1.259375000000000000e+02
1.174375000000000000e+02
1.083007812500000000e+02
1.393125000000000000e+02
1.420273437500000000e+02
1.367695312500000000e+02
1.413984375000000000e+02
1.357734375000000000e+02
1.327851562500000000e+02
1.330937500000000000e+02
1.364687500000000000e+02
1.296796875000000000e+02
1.333828125000000000e+02
1.305273437500000000e+02
1.342812500000000000e+02
1.275351562500000000e+02
1.301757812500000000e+02
1.293164062500000000e+02
1.342695312500000000e+02
1.387851562500000000e+02
1.330664062500000000e+02
1.293710937500000000e+02
1.327382812500000000e+02
1.330585937500000000e+02
1.320000000000000000e+02
1.374765625000000000e+02
1.318164062500000000e+02
1.037382812500000000e+02
1.232656250000000000e+02
1.222617187500000000e+02
1.231601562500000000e+02
1.218828125000000000e+02
1.226953125000000000e+02
1.238046875000000000e+02
1.307812500000000000e+02
1.241132812500000000e+02
1.267851562500000000e+02
1.277734375000000000e+02
1.213164062500000000e+02
1.249140625000000000e+02
1.236054687500000000e+02
1.213671875000000000e+02
1.259335937500000000e+02
1.282890625000000000e+02
1.231250000000000000e+02
1.230000000000000000e+02
1.225117187500000000e+02
1.210390625000000000e+02
1.265156250000000000e+02
1.230195312500000000e+02
1.299648437500000000e+02
1.362812500000000000e+02
1.300703125000000000e+02
1.276093750000000000e+02
1.280273437500000000e+02
1.347304687500000000e+02
1.267109375000000000e+02
1.266679687500000000e+02
1.314687500000000000e+02
1.289960937500000000e+02
1.288945312500000000e+02
1.245742187500000000e+02
1.326328125000000000e+02
1.276171875000000000e+02
1.294531250000000000e+02
1.429414062500000000e+02
1.324140625000000000e+02
1.455078125000000000e+02
1.298203125000000000e+02
1.294726562500000000e+02
1.327031250000000000e+02
1.330195312500000000e+02
1.144257812500000000e+02
1.321757812500000000e+02
1.353437500000000000e+02
1.152187500000000000e+02
1.080859375000000000e+02
8.846875000000000000e+01
8.563671875000000000e+01
7.833203125000000000e+01
1.123632812500000000e+02
1.246054687500000000e+02
9.001953125000000000e+01
1.208242187500000000e+02
1.050859375000000000e+02
8.380859375000000000e+01
7.141406250000000000e+01
9.710156250000000000e+01
1.256718750000000000e+02
8.003125000000000000e+01
1.049726562500000000e+02
7.313671875000000000e+01
9.769140625000000000e+01
7.730468750000000000e+01
1.056875000000000000e+02
1.051093750000000000e+02
9.841406250000000000e+01
1.003437500000000000e+02
1.008554687500000000e+02
7.311328125000000000e+01
1.452851562500000000e+02
1.169960937500000000e+02
1.187617187500000000e+02
1.252421875000000000e+02
1.113554687500000000e+02
1.167773437500000000e+02
1.028046875000000000e+02
1.101796875000000000e+02
1.088320312500000000e+02
1.104843750000000000e+02
1.147929687500000000e+02
1.102968750000000000e+02
1.091445312500000000e+02
1.154453125000000000e+02
1.065039062500000000e+02
1.109218750000000000e+02
1.176054687500000000e+02
1.312265625000000000e+02
9.951171875000000000e+01
1.058906250000000000e+02
1.125351562500000000e+02
1.128515625000000000e+02
1.289921875000000000e+02
1.180390625000000000e+02
1.153515625000000000e+02
1.037382812500000000e+02
1.292031250000000000e+02
1.395742187500000000e+02
1.853007812500000000e+02
1.535429687500000000e+02
1.366289062500000000e+02
1.456796875000000000e+02
1.402500000000000000e+02
1.665781250000000000e+02
1.258203125000000000e+02
1.322890625000000000e+02
1.251835937500000000e+02
1.206132812500000000e+02
1.562773437500000000e+02
1.181054687500000000e+02
1.275507812500000000e+02
1.412734375000000000e+02
1.437968750000000000e+02
1.347304687500000000e+02
1.367890625000000000e+02
1.465078125000000000e+02
1.405976562500000000e+02
1.378437500000000000e+02
1.270273437500000000e+02
1.447226562500000000e+02
1.369453125000000000e+02
1.477500000000000000e+02
1.609687500000000000e+02
1.368007812500000000e+02
1.299687500000000000e+02
1.686601562500000000e+02
1.339023437500000000e+02
1.332656250000000000e+02
1.367460937500000000e+02
1.146601562500000000e+02
1.249218750000000000e+02
1.005312500000000000e+02
1.141484375000000000e+02
1.758085937500000000e+02
1.451679687500000000e+02
1.054921875000000000e+02
1.211210937500000000e+02
9.525390625000000000e+01
1.144179687500000000e+02
1.268281250000000000e+02
9.928125000000000000e+01
1.141484375000000000e+02
9.774609375000000000e+01
1.139296875000000000e+02
9.338281250000000000e+01
1.169609375000000000e+02
1.061210937500000000e+02
8.449609375000000000e+01
8.195312500000000000e+01
1.485000000000000000e+02
1.352070312500000000e+02
1.169023437500000000e+02
1.132734375000000000e+02
2.077773437500000000e+02
1.282070312500000000e+02
2.161992187500000000e+02
1.344101562500000000e+02
9.824609375000000000e+01
1.531601562500000000e+02
1.527148437500000000e+02
1.752812500000000000e+02
1.852773437500000000e+02
1.357109375000000000e+02
1.205156250000000000e+02
9.162890625000000000e+01
1.455390625000000000e+02
1.505429687500000000e+02
1.367109375000000000e+02
1.750234375000000000e+02
1.577578125000000000e+02
1.538476562500000000e+02
1.458750000000000000e+02
1.369570312500000000e+02
1.174921875000000000e+02
1.961914062500000000e+02
1.102343750000000000e+02
1.013203125000000000e+02
8.930078125000000000e+01
1.056250000000000000e+02
8.397265625000000000e+01
9.319140625000000000e+01
9.720703125000000000e+01
1.160078125000000000e+02
9.148437500000000000e+01
1.213515625000000000e+02
1.357968750000000000e+02
9.883984375000000000e+01
1.009531250000000000e+02
7.252734375000000000e+01
8.654687500000000000e+01
7.166406250000000000e+01
8.952734375000000000e+01
7.370312500000000000e+01
7.949218750000000000e+01
9.295312500000000000e+01
8.582031250000000000e+01
9.511718750000000000e+01
8.994921875000000000e+01
9.359375000000000000e+01
8.846093750000000000e+01
9.977343750000000000e+01
9.067578125000000000e+01
1.012500000000000000e+02
1.006484375000000000e+02
1.060039062500000000e+02
1.002070312500000000e+02
9.233984375000000000e+01
1.079335937500000000e+02
9.604296875000000000e+01
8.971093750000000000e+01
8.225000000000000000e+01
9.295312500000000000e+01
8.675781250000000000e+01
8.882031250000000000e+01
8.625390625000000000e+01
1.144765625000000000e+02
1.213046875000000000e+02
1.202929687500000000e+02
1.168515625000000000e+02
1.243867187500000000e+02
1.131132812500000000e+02
1.148203125000000000e+02
1.172031250000000000e+02
1.178007812500000000e+02
1.100234375000000000e+02
1.195078125000000000e+02
1.259335937500000000e+02
1.149687500000000000e+02
1.182773437500000000e+02
1.159804687500000000e+02
1.114882812500000000e+02
1.316250000000000000e+02
1.125937500000000000e+02
1.177929687500000000e+02
1.111015625000000000e+02
1.185585937500000000e+02
1.175742187500000000e+02
1.131445312500000000e+02
8.523828125000000000e+01
1.024843750000000000e+02
9.334765625000000000e+01
8.903125000000000000e+01
9.002734375000000000e+01
9.466015625000000000e+01
9.105468750000000000e+01
1.168515625000000000e+02
8.779687500000000000e+01
1.022187500000000000e+02
1.076953125000000000e+02
1.128671875000000000e+02
9.678125000000000000e+01
1.003085937500000000e+02
8.986328125000000000e+01
1.260468750000000000e+02
1.340039062500000000e+02
1.299023437500000000e+02
1.058632812500000000e+02
1.075703125000000000e+02
1.072890625000000000e+02
1.742460937500000000e+02
1.184023437500000000e+02
1.164570312500000000e+02
1.199882812500000000e+02
1.026523437500000000e+02
1.069960937500000000e+02
1.374648437500000000e+02
1.193125000000000000e+02
1.250742187500000000e+02
1.120273437500000000e+02
1.170976562500000000e+02
1.218437500000000000e+02
1.178593750000000000e+02
