9.241858316138615859e-01
8.746906110018881630e-01
8.907092087488016618e-01
9.170748669115236229e-01
9.392894054795787318e-01
8.850481253366933032e-01
8.850264315889009303e-01
8.805392763038519810e-01
8.826037368692793983e-01
9.128903995562027696e-01
8.497505276650252348e-01
8.759175248900108457e-01
9.757433451940978886e-01
9.127759306756381141e-01
8.994981925784547583e-01
8.701743193226797457e-01
8.781854281829679643e-01
8.802125215228657762e-01
9.143979024005128853e-01
8.846494954407984057e-01
9.007901723720257436e-01
8.813435180844614303e-01
8.616913243874775308e-01
9.089238685253151484e-01
8.989217446416991608e-01
8.977527765908610569e-01
8.763545804539836226e-01
8.877046338525367286e-01
8.808020399963273350e-01
8.423709885090966409e-01
8.846147258146895842e-01
8.992512553909091100e-01
8.867497603372536119e-01
8.798836205934646992e-01
9.165192623494460289e-01
9.338164225199474533e-01
9.827512685249074620e-01
9.304424173770982076e-01
9.202593700334920079e-01
9.127180472830782598e-01
9.368758451926701980e-01
9.639865117029569053e-01
9.273655973907827255e-01
9.210670137151029113e-01
8.828153241249989680e-01
9.454313499767408313e-01
9.341854632900876698e-01
9.541234214412550596e-01
9.616547470036093115e-01
9.681501722407056532e-01
9.235894634849897145e-01
9.341762772500993295e-01
9.278349389232534161e-01
9.534574125161021652e-01
9.011240313446690076e-01
9.673147004643074531e-01
9.747705381958242654e-01
8.137402231247652384e-01
9.813198784926240315e-01
9.800842485593750375e-01
9.570983539798896267e-01
9.074435862552145959e-01
9.568169388533892539e-01
9.282349599245118821e-01
8.376527636011790179e-01
9.730239871562866849e-01
9.671803963273708504e-01
9.657168303217764649e-01
9.266109412490834973e-01
9.574911105408152601e-01
9.658977938831292409e-01
9.772925824484164359e-01
9.202870908681807238e-01
9.369537840807667939e-01
9.312509713698926550e-01
9.325872841690570070e-01
9.372692424963442459e-01
9.014172703194126557e-01
9.037960875900287183e-01
9.529550130761943461e-01
9.331577947800794304e-01
9.549152847368477248e-01
9.530744582751746741e-01
9.226449420298636905e-01
9.211340745950162834e-01
9.401793942605654042e-01
9.593693856922367313e-01
9.357160304512027738e-01
9.508641926428815783e-01
9.559368996682967579e-01
9.560027446649528304e-01
9.564952571070287624e-01
9.437935017766618806e-01
9.473708462147603093e-01
9.611134983839659807e-01
9.617305290529009065e-01
9.615742438737482356e-01
9.742771818071969125e-01
9.648765285350704435e-01
9.376312703126785664e-01
9.541866137050893926e-01
9.564447562738052078e-01
9.387213313373543588e-01
9.391476955584334707e-01
9.463672749828208053e-01
9.296525422918227033e-01
9.424238651617011797e-01
9.034932419390782066e-01
9.543379591913276894e-01
9.330191227631313700e-01
9.842240796199694941e-01
9.400173307271818546e-01
8.851995363477409562e-01
9.018428639360758226e-01
9.374309165758054618e-01
8.795025743359807802e-01
9.470567206034492536e-01
9.538199304088463837e-01
9.103503952152387502e-01
9.579004479964020602e-01
9.145578007889967331e-01
9.037620516693827266e-01
9.453763861139010682e-01
9.461411175041007926e-01
8.578007639173578225e-01
9.660859290082441930e-01
9.000846479348525442e-01
9.458471775703399809e-01
9.795595218124111270e-01
8.997225987519550383e-01
9.080813982238806759e-01
8.911568239128627722e-01
9.807085981448675494e-01
8.661428710262570885e-01
8.536878512373079486e-01
9.182343989332109047e-01
8.401530570535031828e-01
9.374518771652173843e-01
9.202920511659792302e-01
8.904736613672008527e-01
8.949461104793083877e-01
9.554596322818105225e-01
9.001818697982107986e-01
8.800833016839408884e-01
8.915163277897268923e-01
8.926156247237411190e-01
8.365610722027007062e-01
8.901030905492722800e-01
8.043349209182424353e-01
8.904486913837147410e-01
8.829532171536953467e-01
8.480903864208650944e-01
8.150445302320936669e-01
8.573117889527811508e-01
8.476112770587805878e-01
8.434513702260724166e-01
9.744508803274406494e-01
8.701593588402011248e-01
9.030676761444446088e-01
9.168900040951433184e-01
8.467557022034836178e-01
8.478061247918078358e-01
8.366697161946667904e-01
8.854650944221840181e-01
8.856019747389174412e-01
8.964746978343745010e-01
8.803113632420291879e-01
9.014423905173534202e-01
8.755742375468410499e-01
8.873876988631881346e-01
7.706804216834506338e-01
8.756602866910825345e-01
8.974599869341848279e-01
8.986710709162001320e-01
9.261788108778292727e-01
9.701466454857569088e-01
8.671536515757589658e-01
9.364208794013932913e-01
9.357579615307221044e-01
8.784620681372286022e-01
9.651428363243541586e-01
9.361968914313243406e-01
9.603401090071347346e-01
8.511952786635409440e-01
7.853280841859746619e-01
9.166326632291766918e-01
9.081039998800284341e-01
8.870469236419730175e-01
9.724011694678943440e-01
9.383940953390684792e-01
8.837876399854873721e-01
9.104364320265352362e-01
8.488391841655168468e-01
8.289950373135396289e-01
9.431119524418187794e-01
8.836228923149818115e-01
8.836461315785594239e-01
8.217768677111618736e-01
9.758703016294504318e-01
8.641187955157679790e-01
8.871323269884023865e-01
8.789435506440578250e-01
8.730328342488882232e-01
9.052953649532929914e-01
9.272252445102101559e-01
8.564758951099382678e-01
8.028931116678268420e-01
9.193865556220890412e-01
8.946868405304562177e-01
8.711159010388794810e-01
8.969442153854292332e-01
8.813640310538495282e-01
8.540640720320370471e-01
9.076854069562715344e-01
8.806337827930663664e-01
8.078423356834227853e-01
8.642110110893277408e-01
8.147163542611794984e-01
8.561412817631479655e-01
9.161051011797896049e-01
9.753784753431529175e-01
9.671072087462919686e-01
9.707823382889080310e-01
9.769044135661959505e-01
9.752456570335921171e-01
9.269364561336908004e-01
9.388943217482700332e-01
9.247481920551289258e-01
9.425967917799733531e-01
9.441612858289347709e-01
9.696328625196438677e-01
9.073672209692933421e-01
9.506211737959169294e-01
9.679155092195541599e-01
9.201960694761034398e-01
9.201021504871307322e-01
8.931827188471539447e-01
9.674547622358490306e-01
9.682300684332847407e-01
9.242159604308207710e-01
9.096011414082458835e-01
9.455365360586345247e-01
9.184606376509251158e-01
9.472273479000812291e-01
9.675083680026652644e-01
9.452236112615153285e-01
8.677322508507333554e-01
9.511891276813770890e-01
9.435197435959659096e-01
9.118703506039078643e-01
8.661016934000900225e-01
9.250404010710813196e-01
9.105193724333345839e-01
9.092682195493095865e-01
9.013462070772393364e-01
8.816862918124308557e-01
8.392390023868445681e-01
8.715609278910940727e-01
8.630719555582295754e-01
9.197574399823933433e-01
8.427622424120462252e-01
8.851297027653248772e-01
9.123596489642789020e-01
8.440562568599594417e-01
8.493285039379183665e-01
9.160058584629836576e-01
8.981654679765882499e-01
8.753701149425698880e-01
8.610773230159860514e-01
8.053905350506322947e-01
8.608558739477411015e-01
9.061155784564668414e-01
8.810233305818341298e-01
7.288178158383700200e-01
9.355043434233178967e-01
9.021366475139831476e-01
8.667960438084019170e-01
9.193007517812759044e-01
8.614598585665390607e-01
8.577297116523399101e-01
8.845650878674864437e-01
9.082556667734591471e-01
9.289354467980286412e-01
8.622009304035385124e-01
8.467788839737920847e-01
8.912980315002962950e-01
8.541521102229805429e-01
8.343775228200861482e-01
8.539482017272925773e-01
8.689656498405267104e-01
9.114148169530786880e-01
8.558678460983687453e-01
9.101880792971484002e-01
8.177806984502140608e-01
8.704262208353189534e-01
9.122503714303351607e-01
8.817530157211875830e-01
8.957229708380356481e-01
8.779838498082659370e-01
9.054850894847337184e-01
9.682565551474944243e-01
9.388287417571695714e-01
9.522745104567326146e-01
9.165903326361863890e-01
9.092204530674036222e-01
8.805740892316302748e-01
9.023071921728166300e-01
9.245773494699687234e-01
9.674185101112315888e-01
9.477701656899492066e-01
9.048507783915673564e-01
9.090344729890489361e-01
9.145678409387889563e-01
9.139789945584633202e-01
9.308738808753316274e-01
9.132696683655651126e-01
9.147794118445256029e-01
8.927771730470986933e-01
8.962756001812888229e-01
9.192806403706077489e-01
9.369753602011223759e-01
9.449962809043515044e-01
9.249878603922703224e-01
9.527075188355251800e-01
8.920617354274017474e-01
8.546490652924108034e-01
9.183911067472187995e-01
9.704549052228949035e-01
9.337618631134565472e-01
9.520576094000841039e-01
9.261577395437180504e-01
9.668037054556031240e-01
9.338463682089164219e-01
9.154273937533273786e-01
9.169498533838975618e-01
9.440838602751161490e-01
9.295555056559494655e-01
9.477640983703192745e-01
8.973839324039634135e-01
9.058583104323458812e-01
8.934497723673733294e-01
9.056833309505210039e-01
9.626571890377096929e-01
9.592325928150957637e-01
8.951749121010414978e-01
9.260740709135895088e-01
8.955308897541531810e-01
9.191031403860119298e-01
9.592983490543691705e-01
9.053974036847476370e-01
9.357707183676321483e-01
9.414568077048897088e-01
9.608149769885205860e-01
9.196020575487705573e-01
9.374100314384397059e-01
9.452587353012623650e-01
9.439564373020981058e-01
9.245296143730090677e-01
9.375795483362301397e-01
9.666267217518678123e-01
9.531823413119896449e-01
9.606927644075989869e-01
9.462628090709274131e-01
9.037342132288228580e-01
9.635808939418208929e-01
9.457189713789446728e-01
9.543092665911370176e-01
9.250875439417083346e-01
9.287833310881203897e-01
9.271335126568327478e-01
9.208576927112004373e-01
9.256461918498849473e-01
9.498860974839850035e-01
9.424726841324539972e-01
8.638709019044741311e-01
8.416247449223088761e-01
9.144271983497656020e-01
8.893450765778443401e-01
9.231490519092480085e-01
9.285880448983652169e-01
9.006283040112917915e-01
8.702244857795715660e-01
9.047361206847464032e-01
8.539118193579500193e-01
9.427900486734143159e-01
8.700276163781346384e-01
8.502749985871773664e-01
9.188729936305648494e-01
9.034231746247737282e-01
8.838448169780365182e-01
9.039028093934020625e-01
9.017522934035525628e-01
8.996863661638389020e-01
9.251945434469270868e-01
9.289369533797376954e-01
8.666364056065554156e-01
8.778695068675547164e-01
9.118283065006809185e-01
9.310371296780610706e-01
8.654234256816342175e-01
9.061046247926349828e-01
9.192946783455108184e-01
8.733093241465881285e-01
9.341971685207236531e-01
9.234770455134679867e-01
9.313377245496661239e-01
9.278595410247280073e-01
9.483665343882631271e-01
8.866621984855272975e-01
9.280828756796740686e-01
9.392777011764004147e-01
8.643132272472940913e-01
8.595059217851837019e-01
9.385512182344313281e-01
8.914988301226260958e-01
9.350090123070682324e-01
9.395032110812877590e-01
9.317788923092267250e-01
8.952379898508042722e-01
9.486587927028926615e-01
9.461021802017186566e-01
9.278417341130250628e-01
8.609679097361481181e-01
9.144659764171254590e-01
9.191797772254863830e-01
8.919428187524285345e-01
9.460468690009880000e-01
9.470871840981572864e-01
9.248811692013036989e-01
9.532009988765597353e-01
9.350686850288458807e-01
9.141787606339861760e-01
9.390243416784131991e-01
9.072426051620057219e-01
9.655212384508052859e-01
9.091229251454365778e-01
9.069515774402405750e-01
9.281134545596109175e-01
9.285244369714246160e-01
9.461871865505111501e-01
9.433998372095004914e-01
9.339726741182388103e-01
9.608639062252533058e-01
9.124507482874266717e-01
9.239213741399168178e-01
9.195569122855590249e-01
9.231155941328669234e-01
9.303579626069335973e-01
9.246456761563275339e-01
9.197164152492867117e-01
9.539458419398667566e-01
8.949210585621650837e-01
9.316730071678980263e-01
9.391952014322568765e-01
9.202929012722356195e-01
9.443669589716465751e-01
9.186164028675825044e-01
9.667854501932195976e-01
9.419096584019399643e-01
9.598906967980280758e-01
9.443721807052869455e-01
9.618531588551169076e-01
9.730245831690180758e-01
9.712913781525218671e-01
9.524589248340591396e-01
9.686615973690642090e-01
9.281721149696986473e-01
9.317711812900246748e-01
9.233605952478832757e-01
9.545870988850770900e-01
9.709033626613989831e-01
9.287672954680807891e-01
9.633136937545190293e-01
9.681251326623117048e-01
9.360830843752774300e-01
9.433425712879432989e-01
9.432346432179674611e-01
9.503112395887697295e-01
9.659007415433217281e-01
9.597289341929722273e-01
9.155152768530416818e-01
9.298872610098229963e-01
9.415656595689310127e-01
9.076114175281679852e-01
9.420861406262721616e-01
9.333223204555602948e-01
9.686585067244397607e-01
9.704699416365104581e-01
9.371395719826780546e-01
9.657985332264387157e-01
9.702125602089032297e-01
9.301034350413173168e-01
9.132207504270960507e-01
9.684443008532994668e-01
9.191742503428554922e-01
9.319851941588287447e-01
9.205910782728863317e-01
9.447999825896395976e-01
9.188948975382916773e-01
9.322643664794065810e-01
8.973695888246948638e-01
8.730402325706396738e-01
9.533994191770457372e-01
8.925322590193509598e-01
8.815775260716015582e-01
9.777217291467038551e-01
9.109235017193161310e-01
9.037399292879614299e-01
9.532208190816944260e-01
9.382634726505716394e-01
9.706237646132738206e-01
9.433432254155116325e-01
9.352461240165274026e-01
9.615673706875413895e-01
9.471468761865444730e-01
9.721625513606466651e-01
7.887240879234833635e-01
8.587937808849210874e-01
7.730587503882748734e-01
8.943300151774857820e-01
8.353481990703692794e-01
8.961925172375058146e-01
8.323028244653396523e-01
9.392553310846172288e-01
8.371992733216806482e-01
8.979633138632506784e-01
9.317121770018180760e-01
8.675669689059535283e-01
9.016834180530359788e-01
9.401291690400590539e-01
9.259440205324778184e-01
9.245726516001236961e-01
8.953489771895575267e-01
8.943510666368105211e-01
9.073829820465200147e-01
8.983563285119819941e-01
9.642408635628818558e-01
9.216639849747442215e-01
8.901622985521464582e-01
8.676921777270818481e-01
7.736330307226852998e-01
9.161369870113159619e-01
7.472640543307516037e-01
8.920222721488983986e-01
9.532597100525527223e-01
9.208112677956197256e-01
9.173527487704334904e-01
8.497597847866620313e-01
8.678244269675374767e-01
8.552148859581376605e-01
8.579082707663923113e-01
8.408318892508424014e-01
8.695839326972134575e-01
8.668894574396446284e-01
8.973594002072551312e-01
8.654297922614950789e-01
8.754261399394900334e-01
8.576159683090909258e-01
8.732750651551589582e-01
8.361736006863386139e-01
8.632888258032609397e-01
8.904781161373586107e-01
8.417758722284421902e-01
8.376046978471423099e-01
8.308102866178344037e-01
8.177627880344398026e-01
8.703287609982173212e-01
8.130913154388026420e-01
8.171290952001893926e-01
9.036917802029216240e-01
9.225776140704090578e-01
9.163816477892703372e-01
8.783886218828714787e-01
9.192531244359152254e-01
9.360231758361069465e-01
9.299979829939970521e-01
9.084642972537375627e-01
8.916287866462415668e-01
9.172276801778362909e-01
9.186514380354667830e-01
8.964943013289300433e-01
9.111044356286284174e-01
9.002649820694169636e-01
9.115854833258637546e-01
9.545141279349014241e-01
9.303250234866732304e-01
9.057281725060966071e-01
9.058213098717672329e-01
9.548465944783871562e-01
9.365697233567605862e-01
8.891541998888510268e-01
9.588697491165458775e-01
9.268730766580932645e-01
9.579492388975315853e-01
9.373183761644607870e-01
9.339639431440496242e-01
9.519375229381987769e-01
9.326702744908972331e-01
9.507348885901834024e-01
9.535443227192903493e-01
9.459479366342361528e-01
9.233829707632583705e-01
9.461051317490036805e-01
9.230852454314077971e-01
9.476340810474962462e-01
9.445856833581776080e-01
9.475090247830904033e-01
9.397271640639466295e-01
9.567357118819519446e-01
9.441697843799814471e-01
9.449309487181212219e-01
9.359893571732411655e-01
9.437157577544132980e-01
9.122436577902690580e-01
9.451468775789551025e-01
8.674033160802808728e-01
8.928865786210475886e-01
8.832691345494589896e-01
9.317849477362143418e-01
9.148307482042472571e-01
9.141409918854150884e-01
9.229223642138709716e-01
9.467332102542211913e-01
9.185130872873386032e-01
9.443234871710299849e-01
9.199819883603068682e-01
9.417984323882818698e-01
9.555202904647839279e-01
9.363050975195043035e-01
9.489738864563602716e-01
9.326138972987347842e-01
9.539685205435837201e-01
9.397494991344388371e-01
9.550966380306067371e-01
9.663174233440279259e-01
9.356924039523069059e-01
9.275330351972255194e-01
9.363797541671263769e-01
9.313130140444949578e-01
9.657747826945843883e-01
9.395385700041209986e-01
9.564144383691297602e-01
9.493476115564810636e-01
9.256918567645320284e-01
9.124664577401722099e-01
9.080864392322818279e-01
9.290419434792518416e-01
9.381032696285087624e-01
9.016188663230203515e-01
8.900570220511240249e-01
8.856656191028013936e-01
9.286869445221880293e-01
9.231725134699032553e-01
9.286960520273028763e-01
9.089504559517296300e-01
9.066379305508984743e-01
8.724889674377043214e-01
9.210706462261761818e-01
9.119389258363388429e-01
9.032029267290571095e-01
8.778839846931267843e-01
9.312767782394427707e-01
9.250037158078445731e-01
9.385316612737387709e-01
8.570636076810244086e-01
8.890985135696608532e-01
8.670499899246770781e-01
8.149758484335067887e-01
9.131999703763760134e-01
8.645514688557547345e-01
8.679120487185311150e-01
9.176255741243350972e-01
8.687873858572885410e-01
9.394809907335466281e-01
8.485112924280989732e-01
8.885003132890707533e-01
8.871820417478223364e-01
8.758254956762142607e-01
8.480976215484479219e-01
8.469725244313852652e-01
8.482628628483315225e-01
8.873605210934599752e-01
7.985406106101092805e-01
8.475584190908289628e-01
8.937624350926368644e-01
9.030986079323812810e-01
9.012844300554962995e-01
8.666303873828387072e-01
8.011028323693374364e-01
9.096153142201579556e-01
8.617887302504129154e-01
8.991987038102187135e-01
8.880399777082652601e-01
9.357902426929984863e-01
8.706616023027499152e-01
9.229679854849287546e-01
9.353322028628334728e-01
8.834725819579964945e-01
9.337183977084009268e-01
9.256828445762801394e-01
9.018962413010139789e-01
8.930869349999952522e-01
9.379271914263290766e-01
9.065569002064918225e-01
8.886412824162744917e-01
9.144880230774545815e-01
8.903045827141125024e-01
9.150960801093965813e-01
9.563904253007047274e-01
9.066981928942980939e-01
9.077453572497256040e-01
9.664820095154490476e-01
8.812939786314439861e-01
8.743036897936180551e-01
9.046476291614548026e-01
9.494472329271224087e-01
9.899146696664660183e-01
8.743096512242118923e-01
9.118516034037016382e-01
8.422613780233402236e-01
8.260852261592416257e-01
8.732570925028135811e-01
9.509300264908495670e-01
9.583440570055208330e-01
9.302675399874474893e-01
9.261272215114988438e-01
9.329641706904360232e-01
8.967172361374726730e-01
9.230287051995826886e-01
9.427522449851053477e-01
9.401928087411518531e-01
9.300809937323364363e-01
9.669481065470377779e-01
9.529377281371006481e-01
9.318927604680866672e-01
9.408328625435782300e-01
9.322706711904743537e-01
9.483902097752154869e-01
9.393322078147334775e-01
9.305368666636693042e-01
9.290690477744162346e-01
7.746854850511990520e-01
8.629787794196663864e-01
8.389702711838087357e-01
6.935738265994884078e-01
7.506672251200484647e-01
8.479057867804908888e-01
8.712509741471827773e-01
7.229990927412666135e-01
7.966059209578671974e-01
7.713740659720628168e-01
8.317401751473275651e-01
8.341685718934277460e-01
8.263013515860202496e-01
8.476623053805751873e-01
8.453815721612283340e-01
8.072748697651819239e-01
8.380982117224557992e-01
7.891743063488168008e-01
8.720641894024481200e-01
8.083821274922877720e-01
8.304793007595099308e-01
8.480880386900176982e-01
7.858656732944615531e-01
8.096192370868833255e-01
7.894361009765985537e-01
7.886533834935618437e-01
7.198611732871587066e-01
6.894556343221647232e-01
7.589999739772603782e-01
7.467399405641563792e-01
7.913930907661257397e-01
6.675952753083915781e-01
7.107691798065451927e-01
7.566816890459470146e-01
7.110319333803808428e-01
7.642752219703189409e-01
7.222625040156741560e-01
7.678669529517414549e-01
7.759477251421531552e-01
6.954895045773195061e-01
6.991706116128340032e-01
7.636779804126020421e-01
7.450384209061289287e-01
6.508062175225152179e-01
6.633858177648542798e-01
6.981130512352893280e-01
7.472428254676133363e-01
7.413061663333961882e-01
7.625445793225711366e-01
7.741748762580036303e-01
7.067170162788292131e-01
7.739064643353550377e-01
9.298269520923988507e-01
9.055624400732138479e-01
8.997188569477809761e-01
9.309070917770041476e-01
8.694597160211965381e-01
8.789952222253152314e-01
9.228475227922209312e-01
8.969228369416467617e-01
9.098188912662263927e-01
7.388599353094160715e-01
9.090320897126831223e-01
8.875638375859388196e-01
8.925357623691514419e-01
8.867381301006010963e-01
8.979116211349158494e-01
8.633684182722169975e-01
9.197267926524851367e-01
8.378798180424433806e-01
8.908263451975551028e-01
9.228902584461834424e-01
9.406128429120099721e-01
8.855182134102039804e-01
9.301944052382054018e-01
9.032054577195709477e-01
9.238317404074117833e-01
9.070039611779754374e-01
8.923020096830780457e-01
9.212648553832681886e-01
8.966808473305045712e-01
9.544697055268283048e-01
9.503213220894723978e-01
9.089252766640794068e-01
9.238132111444459227e-01
9.031971744965677784e-01
9.136232551562624149e-01
8.900183344749672543e-01
9.210660973158174558e-01
9.201422388934734631e-01
9.209636753719760982e-01
9.316370947508928468e-01
8.664554447497775369e-01
9.555597812531596569e-01
9.343331028247927605e-01
9.282943865646188231e-01
9.755923200258989070e-01
9.173333057376986677e-01
9.481111898683292072e-01
9.500039056098366075e-01
9.082469843872589266e-01
9.224166586434260351e-01
9.564740360541068576e-01
8.951644724174070422e-01
9.002848319460426962e-01
9.478317696973757034e-01
9.149504173010226671e-01
9.269697748681166027e-01
9.513977360065497546e-01
9.127648745693146548e-01
9.151188765698287098e-01
9.231032840524893146e-01
9.243012375147895421e-01
9.197899293465627846e-01
9.379123033461964631e-01
9.449642596558985863e-01
9.326943781576443326e-01
9.250376126855210934e-01
9.389691677402928205e-01
9.174748603205493680e-01
9.092419640665562186e-01
9.247939113584322524e-01
9.716967202513393520e-01
8.938483381170350128e-01
8.999992186333923838e-01
8.957349227955232474e-01
9.492401822639284781e-01
9.122779123690059055e-01
9.324162323272326969e-01
9.286890382102999109e-01
9.088353552167497407e-01
8.917974757346645021e-01
8.677021582701569535e-01
9.080704384189691725e-01
8.989576785932005265e-01
9.240978131377877158e-01
9.037969441203246301e-01
8.531437449679786234e-01
8.896132124418858478e-01
8.521563035134297470e-01
8.714009816356802496e-01
8.955066385751034863e-01
9.632293825559198330e-01
8.867450674078288797e-01
9.177504908491272984e-01
9.076619638339917806e-01
9.031113116974422983e-01
9.271126299375647140e-01
8.907049432730455019e-01
