3.202131237769080263e-01
3.073095034246575152e-01
2.844682607632094129e-01
3.023406922700587196e-01
2.191169275929549798e-01
2.884050880626223279e-01
2.651357632093933603e-01
2.219300391389432414e-01
2.320281922700587196e-01
3.048862524461839474e-01
2.929993272994129150e-01
2.973030821917808098e-01
2.421187010763209413e-01
3.060329011741683147e-01
2.655409124266144838e-01
2.331671966731898304e-01
1.622507950097847318e-01
3.071183953033267966e-01
1.726317881604696736e-01
3.150532045009784565e-01
3.234772504892368117e-01
3.143652152641878694e-01
2.001972235812133072e-01
3.254112646771037398e-01
3.292945817025440536e-01
3.037701810176125505e-01
3.308387353228962602e-01
3.289811643835616195e-01
3.178433830724070597e-01
2.796676247553815942e-01
2.628424657534246811e-01
2.952391144814089929e-01
3.125535102739726012e-01
3.264814701565557642e-01
2.207986790606653593e-01
1.844422700587084185e-01
2.515212206457925759e-01
2.353764065557729934e-01
2.894141389432485223e-01
2.931292808219178037e-01
2.966533145792563664e-01
2.483411815068493067e-01
2.899951076320939070e-01
2.400318003913894382e-01
2.824119373776908248e-01
2.054870963796477379e-01
2.058387353228962879e-01
2.362555039138943269e-01
2.372798434442270066e-01
2.422715875733855162e-01
2.731775929549902227e-01
2.758760396281800253e-01
1.875917318982387449e-01
3.432684075342465890e-01
3.123012475538160526e-01
2.366300758317025354e-01
2.417441291585127328e-01
2.743089530332680770e-01
2.445419520547945091e-01
3.601241438356164171e-01
3.477326932485322875e-01
2.400776663405088107e-01
3.367172211350293320e-01
2.869297333659491245e-01
2.149431262230919737e-01
2.374633072407044965e-01
2.393896771037181959e-01
3.449960249510763410e-01
3.246009662426614373e-01
2.299718688845401038e-01
2.321887230919765233e-01
2.363166585127201569e-01
2.038129892367906149e-01
1.993792808219178037e-01
1.984313845401174115e-01
2.087359344422700658e-01
2.037594789628180136e-01
2.045239114481408882e-01
2.254540728962818041e-01
2.141404721135029277e-01
1.937454134050880517e-01
2.783451565557730212e-01
2.668786692759295698e-01
2.067484099804305364e-01
2.724513820939334363e-01
2.954225782778864828e-01
2.670392000978473734e-01
2.113044275929549798e-01
2.313631360078277910e-01
2.598841120352250456e-01
2.653574486301369939e-01
2.204011741682974646e-01
2.564823874755381428e-01
2.540591364970645749e-01
2.670086227984344585e-01
2.847511007827788765e-01
2.328614236790606529e-01
2.844453277886497267e-01
2.519416585127201569e-01
2.002813111545988234e-01
2.005794398238747445e-01
1.955265410958904049e-01
2.039582314090019610e-01
2.516129525440313208e-01
2.573079745596869028e-01
2.391909246575342485e-01
2.660148605675146660e-01
3.025700220156555820e-01
2.028727372798434514e-01
2.622079867906066397e-01
2.172058463796477379e-01
2.216854207436399216e-01
2.215248899217221179e-01
3.149538282778864828e-01
2.223428326810176214e-01
1.697116560665362095e-01
1.962986179060665359e-01
2.160439090019569408e-01
2.971731286692759211e-01
2.225492294520547976e-01
3.126758194716242611e-01
3.197926859099804453e-01
2.438768957925636083e-01
2.469269814090019610e-01
2.165637230919765233e-01
2.857907289628179859e-01
2.180237891389432414e-01
2.107387475538160526e-01
2.184365826810176214e-01
2.386023116438356073e-01
2.504663038160469535e-01
2.960647015655577530e-01
3.282396648727984312e-01
3.047562989236790587e-01
2.610384050880626416e-01
2.229314456947162348e-01
1.821871942270058831e-01
2.639661815068493067e-01
2.148208170254403138e-01
2.535011007827788765e-01
2.611530699608610728e-01
2.849574975538160526e-01
2.582405821917808098e-01
2.672150195694716346e-01
2.656402886497064575e-01
2.661677470645792409e-01
2.585845768101761033e-01
2.699822651663404960e-01
2.521480552837573330e-01
2.816704378669275810e-01
2.678112769080234767e-01
4.042471868884540132e-01
3.299443493150684970e-01
4.113258317025440536e-01
3.896771037181996356e-01
4.175177348336595040e-01
3.853504158512719990e-01
2.958888820939334363e-01
2.746605919765166548e-01
2.694395181017612551e-01
3.072254158512719990e-01
2.900562622309197924e-01
2.771602862035225101e-01
3.260075220156555820e-01
2.649293664383561842e-01
2.560160836594911893e-01
2.754632460861056731e-01
2.626131360078277632e-01
2.757766634050880517e-01
3.090982754403130972e-01
2.856607754403130972e-01
2.918909001956946914e-01
2.798281555772993978e-01
2.265777886497064575e-01
2.645777274951076063e-01
2.879922945205479201e-01
2.426232265166340385e-01
2.336105675146770977e-01
2.725507583170254655e-01
2.183066291585127328e-01
2.654109589041095951e-01
2.711059809197651771e-01
2.948033879647749544e-01
2.099208047945205491e-01
2.170070939334637905e-01
2.192698140900195825e-01
2.346807729941291498e-01
1.909552348336595040e-01
2.643101761252446003e-01
2.397642490215264321e-01
2.539750489236790587e-01
2.326932485322896205e-01
2.301323997064579352e-01
2.379831213307240789e-01
2.576213918786692814e-01
1.986224926614481301e-01
2.349253913894324974e-01
2.043480919765166270e-01
2.440832925636007844e-01
2.707237646771037398e-01
1.972847358121330719e-01
1.851608365949119483e-01
1.881497676125244711e-01
1.977739726027397393e-01
2.412625366927592940e-01
1.747798434442270066e-01
2.671920865949119483e-01
1.989894202544031376e-01
2.000061154598825885e-01
1.743976272015655693e-01
1.827605185909980390e-01
1.638025929549902227e-01
2.254387842465753466e-01
2.086747798434442358e-01
1.676247553816047065e-01
1.745810909980430592e-01
1.519462451076321052e-01
1.724253913894324974e-01
1.517627813111545876e-01
2.146297089041095951e-01
2.564518101761252278e-01
2.689655699608610728e-01
2.669704011741683147e-01
2.702498165362035021e-01
2.592037671232876872e-01
2.511313600782779099e-01
2.795376712328767055e-01
2.140105185909980390e-01
2.419352372798434514e-01
2.515135763209393471e-01
2.543266878669275810e-01
2.140563845401174115e-01
2.546324608610567308e-01
2.604039261252446003e-01
2.394890533268101696e-01
2.502293297455968624e-01
2.210585861056751367e-01
2.781693370841487045e-01
2.750045865949119483e-01
2.313937133072407060e-01
1.974911325831702480e-01
2.601822407045009666e-01
2.131314212328767055e-01
2.336640777886496989e-01
2.515135763209393471e-01
2.091640166340508755e-01
2.114573140900195825e-01
2.142780699608610451e-01
2.096838307240704580e-01
2.240016511741682870e-01
2.414001345401174115e-01
1.870566291585127328e-01
2.111209637964774899e-01
1.832038894324853340e-01
1.906035958904109540e-01
1.954271648727984312e-01
2.597235812133072419e-01
1.786784491193737778e-01
2.234283268101761311e-01
1.932943982387475557e-01
1.792211961839530465e-01
2.046844422700587196e-01
2.291768590998043142e-01
1.992646159491193725e-01
1.973153131115459868e-01
1.991652397260273988e-01
1.953354329745596862e-01
1.775088674168297520e-01
2.064044153620352151e-01
1.751849926614481301e-01
1.813310298434442358e-01
1.813233855185910071e-01
1.708659491193737778e-01
2.493960983365949013e-01
2.341227372798434514e-01
2.622309197651663260e-01
1.916890900195694636e-01
2.184824486301369939e-01
1.883867416829745622e-01
1.899844055772994256e-01
2.136512353228962879e-01
2.105782167318982490e-01
2.180696550880626139e-01
2.320205479452054909e-01
2.169688723091976468e-01
1.915285591976516599e-01
1.758806262230919737e-01
2.163726149706458046e-01
2.041034735812133072e-01
1.848550636007827708e-01
2.055176736790606529e-01
2.286799779843444180e-01
2.897352005870841296e-01
2.725813356164383805e-01
2.045162671232876594e-01
1.953889432485322875e-01
2.543343321917808098e-01
2.367982509784735679e-01
1.966808341487279732e-01
2.876330112524461691e-01
2.196214530332681047e-01
2.043939579256359995e-01
1.988976883561643927e-01
1.882185665362035298e-01
1.829134050880626139e-01
1.565251956947162348e-01
1.824394569471624317e-01
1.670055650684931503e-01
1.743135396281800253e-01
1.683968321917808098e-01
1.591548434442270066e-01
1.722266389432485223e-01
1.611882338551859084e-01
1.578400195694716346e-01
1.685879403131115561e-01
1.943875366927592940e-01
1.715386497064579352e-01
1.629311399217221179e-01
1.616086717221134894e-01
1.906188845401174115e-01
1.784338307240704580e-01
1.746804672211350329e-01
1.916738013698630061e-01
1.964285714285714246e-01
2.054182974559686792e-01
2.237646771037181959e-01
1.692071306262230845e-01
2.032855308219178037e-01
1.864833047945205491e-01
1.869266756360078163e-01
1.818355552837573330e-01
2.006253057729941169e-01
1.858411815068493067e-01
2.098443615459882616e-01
1.595447040117416726e-01
1.839683219178082085e-01
1.590248899217221179e-01
1.940664750489236867e-01
1.772413160469667182e-01
1.830204256360078163e-01
1.749250856164383527e-01
1.600950954011741700e-01
1.865750366927592940e-01
1.938830112524461968e-01
1.672807607632093851e-01
1.583598336594911893e-01
1.745734466731898304e-01
1.818890655577299342e-01
1.911539872798434514e-01
1.776617539138943269e-01
2.134219055772994256e-01
2.255534491193737778e-01
2.261114848336595040e-01
1.789154231898238689e-01
1.911616316046966801e-01
1.795193248532289676e-01
1.755901418786692814e-01
1.988441780821917915e-01
1.977128180039138816e-01
1.893269936399217257e-01
1.806353962818003922e-01
1.816597358121330719e-01
1.995398116438356073e-01
2.306369251467710324e-01
1.950678816046966801e-01
2.003195327788649671e-01
2.111515410958904049e-01
1.811781433463796609e-01
2.552057852250489423e-01
1.944792685909980390e-01
1.797104329745596862e-01
1.917884662426614373e-01
2.162961717221134894e-01
2.083766511741682870e-01
1.787625366927592940e-01
1.890517979452054909e-01
1.712634540117416726e-01
1.866056139921722090e-01
1.643147627201565486e-01
2.088353106653620395e-01
1.919719300391389549e-01
1.516481164383561564e-01
1.632063356164383527e-01
1.546523361056751367e-01
1.961839530332681047e-01
1.684809197651663537e-01
1.764080846379647849e-01
1.773483365949119483e-01
1.871789383561643927e-01
2.040346746575342485e-01
1.888301125244618295e-01
1.785867172211350329e-01
1.814304060665362095e-01
1.687637597847358173e-01
1.826152764187866928e-01
1.623272382583170192e-01
1.841823630136986412e-01
1.953201443248532287e-01
1.999067392367906149e-01
2.000902030332681047e-01
1.974070450097847318e-01
2.003501100782778821e-01
2.453751834637964702e-01
2.015120474559686792e-01
2.024217221135029277e-01
2.596777152641878694e-01
1.941123409980430592e-01
2.182913405088062753e-01
2.037212573385518699e-01
2.353916952054794509e-01
2.290927715264187980e-01
2.609925391389432692e-01
2.521404109589041043e-01
2.222434564579256477e-01
2.037594789628180136e-01
1.962221746575342485e-01
2.124204990215264321e-01
1.788848458904109540e-01
1.959546232876712424e-01
2.244297333659491245e-01
1.827375856164383527e-01
1.897244985322896205e-01
2.301018224070450202e-01
2.246055528375733856e-01
2.096761863992172292e-01
1.551645058708414904e-01
1.649415973581213335e-01
1.688402030332681047e-01
2.510549168297456224e-01
1.995551002935420648e-01
2.355522260273972546e-01
2.804320572407045242e-01
1.692300636007827708e-01
2.174657534246575430e-01
2.057011374755381705e-01
1.711182118395303264e-01
1.723413038160469535e-01
2.104559075342465890e-01
2.367523850293541954e-01
1.656142979452054909e-01
1.736255503913894382e-01
2.302317759295499089e-01
1.683051002935420648e-01
2.073523116438356073e-01
1.808188600782778821e-01
1.729528498043052809e-01
1.941964285714285754e-01
1.514034980430528365e-01
1.633745107632093851e-01
1.760105797455968624e-01
1.618456457925636083e-01
1.720966854207436336e-01
1.796263454011741700e-01
1.956794275929549798e-01
1.909858121330724190e-01
2.023835004892367839e-01
1.898238747553815942e-01
2.036830357142857262e-01
2.009234344422700658e-01
1.944104696673189803e-01
2.006405944227005744e-01
2.078109711350293598e-01
2.127492049902152682e-01
2.069777397260273988e-01
1.938600782778865106e-01
2.028803816046966801e-01
1.899385396281800253e-01
1.984696061643835552e-01
1.761634662426614373e-01
1.893499266144814119e-01
2.076045743639921837e-01
1.879815924657534110e-01
2.270746697651663537e-01
2.199578033268101696e-01
2.099819593933463791e-01
1.991652397260273988e-01
1.979880136986301442e-01
1.854971868884540132e-01
2.119694838551859084e-01
2.153253424657534110e-01
2.102112891389432414e-01
2.113808708414872672e-01
2.409338307240704580e-01
2.051201687866927581e-01
2.224957191780821963e-01
2.195297211350293598e-01
2.121070817025440258e-01
2.136435909980430592e-01
2.224880748532289676e-01
2.111286081213307186e-01
2.061215753424657515e-01
1.744282045009784843e-01
1.714469178082191902e-01
1.985766267123287576e-01
1.532152030332681047e-01
1.890288649706458046e-01
1.794505259295499089e-01
2.262108610567514777e-01
2.022764799412915815e-01
2.102647994129158426e-01
1.880427470645792687e-01
1.934855063600782743e-01
2.168236301369863006e-01
1.843428938356164448e-01
1.839606775929549798e-01
1.731133806262230845e-01
1.739695450097847318e-01
1.652626590019569408e-01
1.738013698630136994e-01
1.646587573385518699e-01
1.773942025440313208e-01
1.690618884540117384e-01
1.659277152641878694e-01
2.092098825831702480e-01
2.270211594911937247e-01
1.701244496086105618e-01
1.631834026418786665e-01
2.290927715264187980e-01
3.954103473581213057e-01
1.647963551859099873e-01
1.656372309197651771e-01
2.136894569471624317e-01
2.574914383561643927e-01
2.294291218199608628e-01
1.817438233855185881e-01
2.298572040117416726e-01
1.829057607632093851e-01
2.591349681996086285e-01
2.107005259295499089e-01
2.251712328767123406e-01
1.950220156555773077e-01
1.844575587084148760e-01
2.339545621330724190e-01
1.973382460861056731e-01
2.095385885518591118e-01
1.935084393346379605e-01
2.081626100782778821e-01
1.922012597847358173e-01
1.829210494129158426e-01
1.876223091976516599e-01
2.143850905088062753e-01
1.878057729941291498e-01
2.284200709393346407e-01
1.862616193737769155e-01
2.158680895303326797e-01
2.042028498043052809e-01
2.030103351272015688e-01
1.435069104696673203e-01
2.291845034246575430e-01
2.049749266144814119e-01
1.380565068493150582e-01
1.715615826810176214e-01
1.432240704500978568e-01
1.420544887475538032e-01
2.272199119373776999e-01
1.400516756360078163e-01
1.433387353228962879e-01
2.123287671232876594e-01
2.216624877690802353e-01
1.616545376712328896e-01
2.097602739726027454e-01
2.343826443248532287e-01
1.883408757338551898e-01
1.714086961839530465e-01
1.861163772015655693e-01
1.940511863992172292e-01
2.292380136986301442e-01
1.456014554794520521e-01
1.532916462818003922e-01
2.167701198630136994e-01
2.427531800391389549e-01
2.247507950097847318e-01
2.128332925636007844e-01
1.979421477495107717e-01
2.372645547945205491e-01
2.316077544031311108e-01
2.239481409001956858e-01
2.278161692759295420e-01
2.116866438356164448e-01
2.315848214285714246e-01
2.138576320939334641e-01
2.156158268101761311e-01
2.067560543052837652e-01
2.043480919765166270e-01
2.455127813111545876e-01
2.222816780821917915e-01
2.100278253424657515e-01
2.184289383561643927e-01
2.464530332681017510e-01
2.298189823874755289e-01
2.119389065557729934e-01
2.726272015655577530e-01
2.779400073385518422e-01
2.676507460861056731e-01
2.767092710371820141e-01
2.657014432485322875e-01
2.598535347358121306e-01
2.604574363992172015e-01
2.670621330724070597e-01
2.537762964774951113e-01
2.610231164383561842e-01
2.554351149706458046e-01
2.627813111545988511e-01
2.495795621330724190e-01
2.547471257338551620e-01
2.530653742661448380e-01
2.627583781800391649e-01
2.715952177103718168e-01
2.604039261252446003e-01
2.531723948140900404e-01
2.597618028375733856e-01
2.603886374755381428e-01
2.583170254403130972e-01
2.690343688845401315e-01
2.579577421722113462e-01
2.030103351272015688e-01
2.412243150684931503e-01
2.392597235812133072e-01
2.410179182974559742e-01
2.385182240704500911e-01
2.401082436399217257e-01
2.422792318982387449e-01
2.559319960861056731e-01
2.428831335616438436e-01
2.481118517612524443e-01
2.500458659491193725e-01
2.374097969667318953e-01
2.444502201565557642e-01
2.418893713307240789e-01
2.375091731898238689e-01
2.464453889432485223e-01
2.510549168297456224e-01
2.409491193737769155e-01
2.407045009784735679e-01
2.397489603718199747e-01
2.368670499021526543e-01
2.475843933463796609e-01
2.407427226027397393e-01
2.543343321917808098e-01
2.666952054794520799e-01
2.545407289628179859e-01
2.497248043052837652e-01
2.505427470645792409e-01
2.636604085127201569e-01
2.479666095890410982e-01
2.478825220156555820e-01
2.572773972602739878e-01
2.524385396281800253e-01
2.522397871819960780e-01
2.437851638943248633e-01
2.595554060665362095e-01
2.497400929549902227e-01
2.533329256360078441e-01
2.797287793542074241e-01
2.591273238747553997e-01
2.847511007827788765e-01
2.540514921722113462e-01
2.533711472602739878e-01
2.596930039138943269e-01
2.603121942270058553e-01
2.239252079256359995e-01
2.586610200587083908e-01
2.648605675146771254e-01
2.254770058708414904e-01
2.115184686888454124e-01
1.731286692759295420e-01
1.675865337573385627e-01
1.532916462818003922e-01
2.198890044031311108e-01
2.438463184931506933e-01
1.761634662426614373e-01
2.364466120352250456e-01
2.056476272015655693e-01
1.640089897260273988e-01
1.397535469667318953e-01
1.900226272015655693e-01
2.459332191780821963e-01
1.566169275929549798e-01
2.054259417808219079e-01
1.431246942270058831e-01
1.911769202544031376e-01
1.512811888454011766e-01
2.068248532289628239e-01
2.056934931506849418e-01
1.925911203522504833e-01
1.963674168297455946e-01
1.973688233855185881e-01
1.430788282778865106e-01
2.843153742661448380e-01
2.289551736790606529e-01
2.324104085127201569e-01
2.450923434442270066e-01
2.179167685909980390e-01
2.285270914872798431e-01
2.011833414872798431e-01
2.156158268101761311e-01
2.129785347358121306e-01
2.162120841487279732e-01
2.246437744618395294e-01
2.158451565557729934e-01
2.135900807240704580e-01
2.259203767123287576e-01
2.084225171232876594e-01
2.170682485322896205e-01
2.301476883561643927e-01
2.568034491193737501e-01
1.947391756360078163e-01
2.072223581213307186e-01
2.202253546966732034e-01
2.208445450097847318e-01
2.524308953033267966e-01
2.309962084148728112e-01
2.257369129158512677e-01
2.030103351272015688e-01
2.528436888454011489e-01
2.731393713307240789e-01
3.626238380626223279e-01
3.004754770058708502e-01
2.673755503913894382e-01
2.850874510763209413e-01
2.744618395303327074e-01
3.259845890410958957e-01
2.462237035225048887e-01
2.588827054794520799e-01
2.449776785714285754e-01
2.360338184931506933e-01
3.058265044031311386e-01
2.311261619373776999e-01
2.496101394324853340e-01
2.764646526418786943e-01
2.814028864970645749e-01
2.636604085127201569e-01
2.676889677103718168e-01
2.867080479452054909e-01
2.751421844422700658e-01
2.697529354207436336e-01
2.485857999021526543e-01
2.832145914872798431e-01
2.679947407045009666e-01
2.891389432485322875e-01
3.150073385518590841e-01
2.677119006849315030e-01
2.543419765166340385e-01
3.300590141878669281e-01
2.620398116438356073e-01
2.607937866927593218e-01
2.676048801369863006e-01
2.243838674168297520e-01
2.444655088062622217e-01
1.967343444227005744e-01
2.233824608610567586e-01
3.440481286692759211e-01
2.840860445205479201e-01
2.064426369863013588e-01
2.370275807240704580e-01
1.864068615459882616e-01
2.239099192759295420e-01
2.481959393346379605e-01
1.942881604696673203e-01
2.233824608610567586e-01
1.912839408023483401e-01
2.229543786692759211e-01
1.827452299412915815e-01
2.288863747553815942e-01
2.076733732876712424e-01
1.653543909001956858e-01
1.603779354207436336e-01
2.906066536203522621e-01
2.645930161448140638e-01
2.287717098825831630e-01
2.216701320939334641e-01
4.066092832681017510e-01
2.508943860078277632e-01
4.230904476516634261e-01
2.630335738747553997e-01
1.922624143835616473e-01
2.997263331702543776e-01
2.988548801369863006e-01
3.430161448140900404e-01
3.625779721135029554e-01
2.655791340508806275e-01
2.358427103718199747e-01
1.793129280821917915e-01
2.848122553816047065e-01
2.946046355185910071e-01
2.675360812133072419e-01
3.425116193737768877e-01
3.087237035225048887e-01
3.010717343444226923e-01
2.854696673189823786e-01
2.680176736790606529e-01
2.299260029354207313e-01
3.839362157534246811e-01
2.157228473581213335e-01
1.982784980430528365e-01
1.747569104696673203e-01
2.067025440313111639e-01
1.643300513698630061e-01
1.823706580234833730e-01
1.902290239726027454e-01
2.270211594911937247e-01
1.790300880626223001e-01
2.374785958904109540e-01
2.657473091976516599e-01
1.934243517612524443e-01
1.975599315068493067e-01
1.419321795499021432e-01
1.693676614481408882e-01
1.402427837573385627e-01
1.752002813111545876e-01
1.442331213307240789e-01
1.555620107632093851e-01
1.819043542074363917e-01
1.679458170254403138e-01
1.861393101761252555e-01
1.760258683953033199e-01
1.831580234833659615e-01
1.731133806262230845e-01
1.952513454011741700e-01
1.774477128180039220e-01
1.981409001956947191e-01
1.969636741682974646e-01
2.074440435420743523e-01
1.960998654598825885e-01
1.807041952054794509e-01
2.112203400195694636e-01
1.879510151663404960e-01
1.755595645792563664e-01
1.609589041095890460e-01
1.819043542074363917e-01
1.697804549902152682e-01
1.738166585127201569e-01
1.687943370841487323e-01
2.240245841487279732e-01
2.373868639921722090e-01
2.354069838551859084e-01
2.286723336594911893e-01
2.434182363013698558e-01
2.213567147749510855e-01
2.246972847358121306e-01
2.293603228962818041e-01
2.305299045988258300e-01
2.153100538160469535e-01
2.338704745596868750e-01
2.464453889432485223e-01
2.249877690802348229e-01
2.314625122309197647e-01
2.269676492172211235e-01
2.181766756360078163e-01
2.575831702544031376e-01
2.203400195694716346e-01
2.305146159491193725e-01
2.174198874755381705e-01
2.320129036203522621e-01
2.300865337573385627e-01
2.214178693737769155e-01
1.668068126223092029e-01
2.005565068493150582e-01
1.826764310176125228e-01
1.742294520547945091e-01
1.761787548923678948e-01
1.852449241682974646e-01
1.781892123287671104e-01
2.286723336594911893e-01
1.718138454011741700e-01
2.000366927592955035e-01
2.107540362035225101e-01
2.208751223091976468e-01
1.893957925636007844e-01
1.962986179060665359e-01
1.758576932485322875e-01
2.466670743639921837e-01
2.622385640900195547e-01
2.542120229941291498e-01
2.071688478473581174e-01
2.105094178082191902e-01
2.099590264187866928e-01
3.409903987279843673e-01
2.317071306262230845e-01
2.279002568493150582e-01
2.348107265166340385e-01
2.008852128180039220e-01
2.093857020547945091e-01
2.690114359099804453e-01
2.334882583170254378e-01
2.447636374755381705e-01
2.192315924657534110e-01
2.291539261252446280e-01
2.384417808219178037e-01
2.306445694716242611e-01
