2.730299884408929900e-01
2.683269323446899057e-01
3.456689509427356422e-01
2.976789832484899034e-01
6.231475969053401620e-01
3.327781767374577981e-01
4.433720700639894874e-01
4.153951228150409847e-01
5.898407238946093978e-01
3.064607465576558720e-01
3.105391717309909927e-01
3.067534309204838494e-01
6.274507057554038481e-01
2.708140772804523699e-01
4.411685214650699072e-01
3.609483132082723644e-01
6.709896739876887173e-01
2.231958188480839822e-01
6.764545376916769603e-01
2.742551904387151018e-01
2.639210454476882961e-01
2.408677549583481681e-01
4.925825789522988440e-01
2.622072286424340093e-01
2.712843300279945136e-01
2.720580193341022857e-01
2.260728871851103994e-01
2.619130188503877021e-01
2.673979380980458509e-01
3.533579582344954506e-01
4.235832159840217104e-01
2.884510055316373833e-01
2.619764521883756747e-01
2.790049568037992200e-01
6.331073467736444416e-01
7.016711094171603769e-01
6.363795275855161915e-01
5.645247520619395276e-01
3.885722299242992395e-01
4.310756431686560419e-01
4.454724758362833548e-01
5.926466677178078291e-01
4.611806111473945036e-01
5.328832903971764123e-01
3.436570633029780719e-01
7.150068038549000082e-01
6.884306784462961293e-01
6.453427097442311355e-01
6.548025172457887511e-01
6.460975145719319856e-01
4.847456590695520817e-01
4.940347189597967814e-01
6.778669723399548541e-01
4.080015355134727351e-01
3.919229133790316233e-01
6.507645032945604813e-01
6.458557062688715655e-01
4.645440843264629915e-01
6.384886023990971049e-01
4.063293906811812350e-01
3.937192272945272409e-01
5.784231762180683800e-01
4.045129080468337079e-01
4.856126080202681772e-01
5.913513574662773165e-01
6.509059112731068186e-01
6.369240232581274697e-01
3.845609817649301987e-01
3.903171449559668660e-01
6.520587820132085488e-01
6.640283946536027493e-01
6.664037152840961431e-01
6.632365989042454668e-01
6.905005881158573500e-01
6.758196604920614359e-01
6.408235346514791209e-01
6.816212931649435758e-01
6.324116266288216659e-01
6.304733744446426869e-01
6.339298755312045008e-01
6.649446079689163014e-01
6.304129203849861973e-01
6.393138103884449253e-01
6.730406343078153553e-01
5.666067822207896398e-01
5.710283827827618008e-01
6.402706941882421177e-01
6.776212332087186985e-01
6.558747575501711058e-01
6.267501361479437261e-01
6.316080371791962245e-01
7.088017316926730205e-01
5.935142845799936673e-01
6.155189961733583681e-01
6.144762980623276194e-01
5.795391749921174895e-01
6.207945523730903359e-01
5.887266414513935286e-01
6.352430110725633128e-01
6.708270227550842124e-01
6.864586126618706929e-01
6.915933655330620544e-01
6.577037801403663453e-01
6.253269713700808641e-01
5.984050652976939944e-01
4.922074473979792808e-01
4.872968389753402074e-01
4.205089927868325139e-01
6.845052169230121386e-01
5.015444946800403647e-01
6.430531833591657254e-01
5.810568043995243404e-01
5.680503821108113804e-01
2.892397721589771709e-01
5.523339207392093941e-01
6.354675566208476400e-01
6.758705386918142377e-01
5.808389149657444683e-01
3.814728132256697823e-01
5.641029975303341049e-01
3.957377185109115514e-01
3.137172411669697514e-01
5.591952265611375150e-01
5.425544808163218491e-01
5.421350619227353063e-01
4.657873883001369952e-01
5.451871739307616593e-01
5.900029754684159577e-01
6.214236673609149220e-01
4.776682094659699396e-01
4.895335289670725842e-01
3.427817010773707151e-01
3.648127057795788608e-01
3.336563770651997940e-01
4.268956221770775494e-01
5.791314551479187500e-01
6.089942617380672552e-01
5.100184531828677592e-01
5.543680536129249603e-01
4.926599444502804404e-01
4.711224305603902152e-01
4.555443440998271365e-01
4.649785075758743336e-01
4.479307035699209849e-01
4.632965072201231660e-01
4.329547325975644512e-01
3.949422665192366955e-01
4.304067319962425198e-01
4.851098430623664304e-01
3.927259520874519239e-01
4.439981625398199405e-01
1.251885974907021304e-01
2.259549919359330472e-01
1.204264336861676499e-01
2.106157878254144022e-01
1.404605107779553219e-01
2.917568056595707393e-01
3.427944709243729848e-01
3.946700863052124419e-01
4.180335148743778428e-01
3.788260196140983971e-01
3.636538923457180994e-01
3.665137790614609870e-01
3.355705160188587333e-01
4.622071152092047108e-01
4.673677660112414145e-01
4.094200435576246244e-01
4.588413705560402400e-01
4.199946084980247241e-01
3.327962393758282511e-01
3.938280265801856750e-01
3.733240304705842671e-01
3.862444235751787969e-01
5.478875691837814532e-01
4.114789689096784997e-01
4.163105441287719977e-01
5.339546811197179998e-01
5.458817469838751490e-01
4.241291051131408918e-01
4.996094937854210771e-01
4.909069764335887154e-01
4.457544807263371101e-01
3.918302470102346113e-01
5.420031648287523263e-01
5.042711436178899387e-01
5.574349732011250058e-01
5.158388969644239763e-01
5.985102846087919648e-01
5.045109289087813531e-01
5.259317560889714693e-01
4.572397430463322476e-01
5.136967371671896654e-01
4.782289490520099662e-01
5.171932795261761084e-01
4.614331018565820952e-01
6.406033916624989111e-01
5.405403683550157323e-01
5.877007380847045770e-01
6.815811506908756590e-01
4.270696554591831839e-01
6.423721511090146885e-01
5.639289359118843104e-01
6.574085133069768050e-01
6.568899512284253062e-01
5.301980213023911315e-01
6.437934445855887367e-01
4.564154453825221003e-01
6.337029701531933235e-01
5.571334691031120112e-01
6.079580609689470005e-01
6.619833532304933987e-01
6.453966953648040406e-01
5.579907893270652508e-01
6.423443853231625145e-01
6.817754759997929348e-01
5.593774105149256215e-01
7.035907572527932974e-01
6.387626891133653118e-01
7.021515901407913152e-01
6.288410890626845440e-01
6.133897627738080782e-01
6.208638765166817342e-01
5.888420080255161171e-01
6.060048309960024415e-01
6.281332413826425931e-01
6.127315542237777857e-01
5.283806442109498791e-01
6.279931905954111437e-01
6.118362876197450673e-01
6.141023606331530438e-01
6.106728496496814929e-01
6.554879416180957596e-01
6.643088479257605039e-01
5.852939135254608960e-01
6.200501342507510616e-01
5.951445768050624974e-01
5.960765601680961812e-01
5.963636282102644515e-01
5.584842446664712856e-01
6.140160235012951384e-01
6.619011952592958048e-01
6.049011259444884159e-01
6.395162745711453489e-01
6.187403538279567794e-01
6.542642447947893958e-01
6.595776574187109942e-01
5.650224849049954035e-01
6.229920066086850339e-01
5.662412545426006583e-01
5.908023822339011355e-01
5.500743130563174876e-01
6.911717391119190923e-01
5.776029367237972556e-01
6.530028868750743509e-01
6.655995136698061865e-01
5.652952676895092177e-01
4.892016170059015900e-01
6.476117103946452680e-01
4.909784646363182792e-01
6.651640329153192255e-01
6.229273387332290302e-01
6.087878027786255419e-01
5.448549422096385930e-01
5.830422706395546051e-01
5.738785053347034149e-01
6.773216585986664429e-01
6.490668406014594716e-01
5.539508323733248751e-01
5.685892937030875283e-01
5.399649563035596733e-01
6.169802689241649096e-01
6.821162793012349734e-01
6.723185212576521241e-01
4.492328401520823133e-01
6.140778574326326567e-01
5.500707139839280391e-01
5.891929839715721595e-01
6.190144927459587665e-01
5.500502508751732300e-01
6.065069683330710504e-01
6.067942526962362138e-01
6.391899899573850741e-01
6.048068038469922580e-01
4.766365140582793369e-01
5.626060811828416108e-01
6.564680536585226767e-01
6.022325215296704393e-01
6.143110965324873884e-01
5.788595758111348966e-01
6.276891442031745649e-01
6.515567068755121483e-01
5.514712069734379885e-01
4.920289471275608451e-01
4.618208268748233980e-01
6.065401299083693631e-01
6.307068917591797108e-01
4.727321549624869945e-01
5.487729676909756105e-01
6.707000861373092482e-01
4.563961817986500469e-01
7.012830596662592564e-01
7.034302537219780938e-01
7.025949401809582495e-01
7.092520017109181785e-01
7.060411739229723871e-01
7.204696016598280961e-01
7.202246714102620295e-01
7.557677284738222312e-01
7.650003185045892717e-01
7.696314988581950400e-01
7.673033081229623242e-01
7.004884762812674248e-01
7.735020932375158420e-01
7.361327066865406277e-01
7.547950999175300213e-01
7.181783072877229168e-01
7.302763340387198321e-01
6.985780282630218441e-01
7.239524449488768942e-01
6.546038521110031372e-01
7.507987929293372664e-01
7.534743177514940937e-01
6.714990931620261616e-01
6.982164819107287146e-01
6.101841281716966492e-01
5.832446867385365774e-01
7.434029880812795810e-01
6.838935262569896256e-01
6.845748037115956253e-01
7.299320317354914822e-01
7.192625681834227125e-01
6.742723644645626235e-01
7.147463599919369193e-01
6.277578660527282084e-01
7.210219659523683378e-01
7.172015751387141869e-01
7.296221156004392139e-01
6.832211060109785183e-01
6.834203959921947291e-01
6.922213255866214165e-01
6.892186360783831844e-01
7.068008248955097717e-01
7.393058055812096185e-01
6.937417380780768195e-01
6.676948011616677947e-01
7.014333542887359885e-01
6.951167175656679520e-01
7.118681959775371437e-01
7.162880700681744095e-01
6.064848667665025950e-01
6.220223780843983086e-01
5.938954790234858283e-01
6.307026575099804466e-01
6.292772479582995349e-01
6.427960238314462948e-01
6.330445549042679199e-01
6.534974372698278966e-01
6.533139866791394246e-01
6.628699404982008048e-01
6.412383464765764041e-01
6.547132420771702987e-01
6.536564500282627810e-01
6.530189506248611497e-01
6.163156304952965847e-01
6.866194277595111251e-01
6.522139446144779029e-01
6.462579382888310464e-01
6.155167982129785553e-01
6.027382607131180903e-01
6.257178684231993193e-01
6.283452685476462740e-01
6.240416672745309201e-01
6.233590343527151134e-01
6.417439725278524243e-01
5.969660024771502593e-01
6.435806424023139405e-01
6.425173939786367194e-01
6.327072866348977254e-01
7.075771192887378991e-01
6.697934193553329862e-01
6.548220749653923534e-01
6.892186677812636164e-01
6.539447109346293585e-01
6.388331595732871238e-01
6.958841559695677637e-01
6.851838638542034898e-01
6.285970084018487336e-01
6.399132617419739377e-01
6.024584013018683404e-01
6.418195191032277647e-01
6.891032418877354182e-01
7.257646520070344387e-01
6.915527162803373207e-01
6.446257222461218017e-01
7.158147884353738277e-01
6.546475460537828361e-01
7.058559298636440937e-01
6.933627727665699902e-01
6.904713272217786191e-01
6.092845032288549678e-01
6.244986331672871538e-01
6.133758649825608034e-01
6.188751877099172294e-01
6.514396409678996358e-01
6.289923885153018146e-01
6.485315061368195355e-01
6.393625829340392475e-01
6.225768694756185218e-01
6.052437236218227712e-01
5.544846945422252649e-01
5.886840005730461511e-01
5.049825145948513283e-01
5.857105517913595571e-01
6.475838957323293288e-01
6.246607060538340583e-01
6.637356372002112259e-01
6.761754054671983427e-01
6.856939720513075542e-01
6.279140173492344656e-01
6.300080236242603382e-01
6.839081193637526201e-01
6.636478881914684713e-01
5.439276812724581633e-01
6.037548880755189140e-01
6.665715526956422776e-01
6.856243331635213378e-01
7.617082118820341918e-01
7.656434939043980092e-01
5.391532123763700390e-01
6.495668902430591363e-01
5.566575770583780391e-01
5.202619797316330175e-01
7.441378422740572152e-01
5.231093303385585536e-01
6.295932366299133998e-01
7.161211880402897911e-01
7.011153091171099527e-01
5.941509318111952709e-01
5.414380914036512893e-01
7.657297467910463284e-01
7.244324080880076844e-01
5.728439208462826615e-01
7.700599269160083304e-01
5.577445908810976238e-01
6.420327201870423828e-01
6.936748763468759682e-01
6.780416766114539806e-01
7.511027368381510971e-01
7.092352716593229855e-01
7.141909056506346998e-01
7.318489092102830051e-01
6.731275844040727208e-01
6.814665968931489237e-01
6.931727830815070934e-01
6.506582840940072776e-01
6.727899918054783823e-01
6.435075237490265332e-01
6.858702044256892449e-01
6.104702185307574469e-01
6.956952174075881068e-01
6.890926772169833070e-01
6.694190565945250526e-01
6.754915527306186718e-01
6.896250357736329883e-01
7.068228596537928787e-01
6.706509241712755864e-01
6.474435198746955056e-01
6.706143371503694439e-01
6.401282810933225376e-01
6.607646879348137992e-01
6.767704778935557108e-01
6.718203262327473446e-01
6.412666392051719066e-01
6.494532807712012357e-01
6.489293850981201484e-01
6.609687851572498829e-01
6.638900903385460683e-01
6.643103124822170580e-01
6.649367708066024063e-01
6.548184054172955237e-01
6.270514263820160528e-01
5.906477389448731019e-01
6.077271670334913889e-01
6.582348030778227832e-01
6.360806718514014912e-01
6.253280741874412962e-01
6.846459675568988823e-01
6.710162370591981063e-01
5.865223200503150158e-01
6.740610231082422299e-01
6.921769560235592200e-01
6.711043553925873928e-01
6.757284418277120785e-01
6.871664260866273688e-01
7.404339488639564149e-01
6.598297532802309684e-01
6.016005198923470854e-01
6.279629805948448995e-01
6.585263750782059944e-01
6.416814188842805411e-01
6.364493657418619499e-01
5.273669839012569138e-01
5.972679806928408164e-01
6.407282086075135608e-01
5.883374063656203745e-01
7.264004583437269069e-01
6.797339400417392596e-01
6.474925355410294792e-01
6.943161682177236838e-01
7.132030462640385204e-01
7.044755344272003450e-01
6.745283366046945783e-01
6.932894475767819031e-01
6.621571884446368905e-01
6.236779993556340607e-01
7.296389235672932072e-01
5.814398712537198755e-01
4.998327601050142621e-01
3.384078079103650105e-01
6.971384726347797933e-01
6.676020548520340547e-01
6.108946543066394730e-01
5.335306618724420247e-01
6.184901063247096875e-01
6.203141075695405293e-01
5.933972773415205904e-01
6.616356623339820775e-01
4.692127984950750230e-01
6.357871077456274111e-01
6.270195165241166935e-01
6.702546461205769468e-01
7.015031612334693412e-01
5.648732946196056703e-01
5.927590201124532943e-01
6.609176699045546943e-01
6.558634782027519261e-01
6.887373842972733806e-01
6.597949558695679340e-01
6.543311826160834732e-01
6.073878042337077510e-01
4.876967679322141147e-01
6.217346377112556999e-01
4.314731771031729002e-01
6.408727454150411340e-01
6.622684861519699817e-01
6.412977804450759045e-01
6.385829266254692271e-01
7.347323070911814247e-01
4.823655895979599428e-01
5.019550568641929500e-01
7.376410319851756103e-01
5.354178890125347312e-01
7.033428427014286610e-01
6.992995720655506009e-01
5.036408235495622998e-01
6.810191297662676613e-01
7.619675547156781192e-01
4.829853280396811388e-01
4.914095491544196448e-01
6.145204726283435281e-01
5.025547244876709119e-01
4.971573899027799670e-01
5.640672950492462423e-01
6.105282181811199083e-01
5.947239712098597586e-01
5.057919743649200717e-01
5.411143777016388379e-01
6.367503884339307252e-01
6.565579210902209306e-01
6.577663171283399945e-01
6.327514523331725371e-01
6.421162992497200239e-01
6.288146689560294433e-01
6.643018262887327996e-01
6.372472713253878318e-01
6.661401600309719839e-01
6.407541334398911825e-01
6.334007714679947831e-01
6.382704506958770674e-01
6.508033968991879803e-01
6.310712401143868666e-01
6.456566741333847892e-01
6.486598893158038726e-01
6.473388699015409919e-01
6.534763948408813805e-01
6.605862695714561639e-01
6.341068040182116228e-01
6.449670760645749290e-01
6.598729192193781845e-01
6.702622091365633139e-01
6.408747565008323654e-01
5.558806064304175898e-01
5.377611981854316658e-01
5.558329722934209904e-01
5.319212577992460389e-01
5.450135306421796111e-01
5.522912457358990501e-01
5.568844535694781328e-01
5.463555690423664846e-01
5.627404251138530267e-01
5.715847510304643553e-01
5.510459634258180195e-01
5.534446356123352562e-01
5.745284073558218907e-01
5.562685394529427452e-01
5.602300479626630691e-01
5.524310283058081472e-01
5.450423787831343292e-01
5.683711872698969936e-01
5.667124319054785975e-01
5.469586042947167659e-01
5.484380916648115001e-01
5.566703990799664048e-01
5.126343219611642077e-01
5.592009668883844986e-01
5.599020502448543990e-01
5.238946322035969994e-01
5.190047675075190048e-01
5.741715859251308451e-01
5.620700807503719032e-01
5.593043054137788461e-01
5.602720430249809036e-01
5.880667687622488371e-01
5.536949248262642564e-01
5.690977239068669702e-01
5.713435300031093345e-01
5.812467186531642405e-01
5.650941612044939610e-01
5.790204438721081592e-01
5.737361615522080793e-01
5.914129135520246328e-01
5.833942733033689043e-01
5.727192860789377393e-01
5.770640219736893339e-01
5.769285619003104992e-01
5.718527560969323131e-01
5.981261772073873662e-01
5.600053231617569960e-01
5.815601354991289940e-01
6.324516394940962183e-01
5.764961091503705282e-01
5.699178084464278093e-01
5.587202856077281288e-01
5.576151025514481940e-01
5.547402620919889005e-01
5.582779035164381343e-01
5.390399486571130216e-01
5.420014014268984548e-01
5.338841779267878840e-01
5.307913925015199652e-01
5.652822163803354893e-01
5.534363128366523998e-01
5.511532860718905136e-01
5.712304827772414217e-01
5.342442511668721306e-01
5.325484026845637153e-01
5.540533311383828430e-01
5.455825815616870411e-01
5.577097093791052451e-01
5.250779615765434061e-01
5.709206935355966017e-01
5.415438523187620090e-01
5.293632366769327469e-01
6.060394514379868758e-01
5.568649629082705887e-01
6.115612297729094982e-01
5.969053830282722295e-01
6.304801414535031734e-01
6.260293871267943455e-01
5.032978428858584374e-01
6.444347421613858540e-01
5.406449700010012016e-01
5.784716244100094329e-01
7.502074380151376731e-01
6.253135371515704533e-01
6.279482319984625027e-01
4.251366045080736678e-01
6.585355232559820804e-01
6.055009705499003747e-01
7.267884871521691492e-01
6.186223845096918694e-01
7.105484443656879812e-01
5.807836241196392413e-01
5.942240425667700832e-01
7.139108834882449406e-01
6.913716657116552033e-01
6.828884826765843075e-01
6.812760325138103035e-01
5.009997764442298829e-01
5.630086997704856211e-01
5.278719760655273818e-01
5.576501266507450927e-01
5.814780526495146873e-01
5.901787980068836648e-01
5.845405010373079246e-01
6.097713349787172721e-01
6.165899206743258310e-01
5.373405718171674339e-01
5.861180956063716252e-01
5.816403113600560060e-01
5.698832570377999618e-01
5.776811763903590968e-01
6.285693058353818419e-01
5.722163731210463400e-01
5.599314300711117909e-01
5.577315044503438068e-01
5.928679601795524556e-01
6.013869522864933037e-01
6.558922921591302524e-01
5.671094581672572188e-01
5.043605898191524384e-01
6.844870300941667818e-01
5.508779164581949495e-01
5.796102517277643695e-01
5.656102063730769069e-01
5.768372455649501962e-01
5.276333888777895442e-01
5.529743455246388661e-01
5.326528962363743513e-01
5.392202776447353463e-01
5.571011577609364940e-01
5.254331385481576522e-01
5.946049356322663515e-01
5.910635370351152718e-01
5.846096603894614940e-01
4.552197185793586676e-01
5.477356929205721148e-01
5.139073044186777128e-01
5.768042826017271141e-01
5.549450457159899042e-01
5.398563254327645167e-01
5.438265109963295041e-01
5.925805575521497781e-01
5.580563022748087354e-01
5.675852373826885122e-01
5.275445905277098557e-01
5.564970596316368701e-01
5.516722704763560303e-01
5.536641205261731979e-01
5.514222392779069004e-01
5.315799053311409672e-01
4.723617994638649176e-01
5.098708694808739006e-01
2.708224958733598808e-01
2.753932984022250396e-01
3.510986766907180368e-01
4.408664125350233998e-01
5.106680354447971082e-01
4.272946178642764159e-01
5.465163467528398877e-01
5.647118712086292014e-01
4.467316867395068614e-01
4.043211601587007320e-01
5.441674062693306890e-01
4.972533134199411675e-01
6.413314125813655009e-01
5.391530438839683415e-01
4.649295198233413529e-01
4.936655539081804545e-01
6.016241427979548417e-01
5.147130555247042549e-01
4.536438500614460301e-01
6.280887756305966185e-01
5.080218556356552728e-01
5.236152856614585405e-01
6.395007577268176924e-01
6.263645048486868872e-01
2.700917536593222534e-01
2.695669680733600027e-01
4.580577666981100471e-01
4.203689246299422422e-01
1.697325762715172215e-01
2.482991259148434049e-01
1.865854255348207147e-01
3.991894022848191947e-01
4.347539438389478872e-01
2.650558511570046960e-01
3.067444282826824464e-01
2.533032003696908396e-01
2.645643037875577419e-01
2.733858355388363859e-01
4.176124505337998616e-01
5.182281146508380676e-01
4.303232505216889603e-01
2.650305829299677285e-01
2.735858909635847658e-01
2.630123981416975232e-01
3.109478481031247576e-01
3.384932424512340776e-01
3.503519661070256808e-01
3.670390884407429000e-01
3.324370937267562831e-01
2.299149583965237886e-01
6.478668321093602467e-01
7.093664186824242268e-01
7.176096525181563379e-01
6.925519447410805052e-01
7.183363373120305040e-01
6.935812037157467191e-01
7.042565558450529783e-01
6.265882332593706305e-01
6.955573527921058430e-01
4.171660005729003196e-01
4.276788064355196428e-01
6.163950790973725669e-01
7.041672995840579929e-01
7.672208979963650588e-01
7.272997386925078578e-01
7.364825215138220971e-01
7.265320037228638617e-01
6.989979427722740057e-01
7.581768003428939195e-01
7.263968731768639664e-01
7.609150952523705547e-01
6.194924049939072308e-01
7.099005878117379265e-01
6.711950844618604917e-01
6.856378513777934280e-01
6.664103613350909061e-01
6.747240068569908544e-01
6.883372709893215147e-01
6.665075210507739323e-01
6.927079766158883434e-01
7.089356617553508322e-01
6.753203428444598533e-01
6.473812520585149333e-01
6.533399651782567652e-01
6.874137627118556138e-01
6.756450115872796314e-01
6.670166792660570110e-01
6.919911162755905121e-01
6.867782993462004937e-01
7.016710079836011582e-01
4.635481540627124364e-01
5.378825761389124382e-01
5.314856139124901624e-01
5.565524314270899886e-01
6.151292424881078524e-01
5.484248400875731955e-01
5.499049639903710318e-01
5.131588618473498231e-01
5.269469181295936000e-01
4.748129160556527895e-01
6.081895524251640373e-01
5.166265840269699261e-01
4.933904210652188538e-01
5.723940711358823652e-01
5.122650363284395603e-01
5.777980807715153988e-01
5.862900561935991961e-01
5.502194934483852773e-01
5.413819116898400674e-01
5.671644601588688994e-01
5.556132677456413482e-01
5.544940535838805973e-01
5.545944552508340619e-01
7.086974131238628072e-01
6.043339435814303329e-01
6.355931388382050073e-01
6.827852278640932360e-01
6.278734821532373500e-01
6.484325122063011593e-01
6.607926956189504875e-01
5.689328161156094188e-01
6.825932623201712568e-01
6.057570145487041202e-01
6.022693795290623431e-01
5.616916714967191693e-01
6.644014157617510463e-01
6.462041951159865905e-01
6.828808399523439432e-01
5.762292042023041683e-01
5.567703319678678486e-01
4.123875695163742860e-01
5.967617569423236956e-01
6.306431690946855406e-01
6.468691550932641476e-01
4.570365676830154267e-01
5.899152040053486923e-01
6.067943068137053864e-01
5.211831291873969541e-01
6.038499911845138790e-01
5.589536185324434081e-01
6.354078729986877283e-01
5.926627024044661685e-01
6.070979167684197320e-01
5.994734960778455024e-01
5.935020915819740894e-01
6.075769606075461793e-01
5.907323889105001724e-01
