7.861664559301644040e-02
5.828689515816628391e-02
3.478209304524161605e-02
7.952117916593137714e-02
7.285222033524080265e-02
7.597800659584538763e-02
2.084425583682746400e-02
4.829941741673253464e-02
2.668383528657385442e-02
2.104285093029746936e-02
7.084368373231977878e-02
8.376549969116418859e-02
3.286366079164278198e-02
7.504019557010058183e-02
7.927155041224871745e-02
3.328519196493048143e-02
2.628010701109475059e-02
6.590463789483300139e-02
8.024605961621927852e-02
6.948196228733333202e-02
