6.806426300853844757e-02
4.546956986510222037e-02
2.229055855892317708e-02
8.749048817900854924e-02
4.511936213595108686e-02
6.617375765723562675e-02
9.769269194204385776e-03
3.896780906212483908e-02
1.192616999589119972e-02
9.585118771872153109e-03
5.673196775216177157e-02
1.317181619178190988e-01
1.819148404304142541e-02
9.394188324763118325e-02
6.048491854030219744e-02
1.898979512162365241e-02
1.230886106545616906e-02
6.742724208988705448e-02
6.820788080269069020e-02
6.714143899053512388e-02
