8.185714285714341260e-03
9.728571428571475277e-03
2.164285714285763083e-03
1.560714285714290793e-02
2.692857142857185606e-03
8.135714285714357175e-03
8.285714285714784961e-04
8.928571428571951962e-04
1.328571428571456714e-03
1.142857142857556187e-04
2.585714285714335679e-03
1.181785714285714661e-01
1.435714285714351311e-03
8.381428571428578556e-02
4.150000000000042544e-03
8.428571428572007029e-04
2.714285714286224010e-04
8.378571428571490384e-03
2.121428571428607412e-03
4.021428571428620202e-03
