1.532857202194531365e-01
4.433906135069675541e-02
2.687899241611397053e-02
1.561799246131611030e-01
9.271659706503186660e-02
2.037232807893734621e-01
1.330385876911990492e-02
2.490068990179012190e-02
2.187801656067726863e-02
3.605676762032111043e-02
1.007026322407134217e-01
8.757689920182500920e-01
2.652275879292580532e-02
1.402630107669932125e-01
3.668976951158912231e-02
2.446150577197662296e-02
1.571243711944255578e-02
1.316598516489164983e-01
6.967651478877079363e-02
7.966961066472218189e-02
