1.945679176033187491e-02
1.129881766343956116e-02
5.704916249493628862e-03
2.230951821376652919e-02
1.299891703017592819e-02
1.877309642420616279e-02
2.932920629367072665e-03
1.034993894237535780e-02
4.100196025817720753e-03
2.605988916129907667e-03
1.981606789971114904e-02
5.127257363851595723e-02
6.468538859286589171e-03
3.691392216543597227e-02
1.556064904173269474e-02
7.048422717334373692e-03
3.651894448859601978e-03
2.127399263721765910e-02
2.042207171968384027e-02
2.165446338322322625e-02
