3.203987010256822976e-02
1.907607674033553330e-02
8.240618237764230081e-02
1.018296694958173952e-02
4.734188959866449109e-02
6.449276496302266092e-03
8.106692886716455881e-02
7.917030853985169980e-02
1.654317099117801060e-02
6.081454695028309931e-02
1.009462660485737072e-04
4.541691759904342707e-02
8.629643740991546977e-03
2.315256571493678247e-03
6.245063162998177458e-02
2.389137758398060182e-02
5.162226585042604954e-02
4.508140000529942126e-02
5.696352109034689276e-02
9.544427075756750992e-03
6.932016302354571113e-03
4.792532876793759861e-02
3.812810269331004531e-02
8.830986313084118744e-02
7.759708407861594381e-02
