4.098254517267099772e-02
6.575671367470911632e-02
1.510590999937968214e-02
9.245595994401017981e-02
5.912206367032957904e-02
5.349975980775304590e-02
1.045035412112436599e-02
2.707599202078666764e-02
5.638799674653820898e-02
5.035152012674355693e-02
3.458724366447240434e-03
6.265879411218808204e-02
7.960584551558499977e-02
4.344738914563592985e-02
6.684886369679997331e-02
3.812022020377689446e-02
5.962945400672684665e-02
5.513815793019279793e-02
8.993245035582418667e-02
6.050453774427982240e-02
