3.364775073923509385e-02
6.136182825982260808e-02
5.378476415184532677e-02
3.583621763805362737e-02
9.180850928007518175e-02
4.855233200498723645e-02
8.696263018383229570e-02
6.883794580877936053e-02
3.043131886093486740e-02
6.704008801234076498e-02
1.346195306867880963e-02
8.091884313661329431e-02
2.924806128306383854e-02
5.389212525335992585e-03
8.586155248756993652e-02
2.656136292037489244e-02
2.592760297708037939e-02
4.430810254173288276e-02
3.583572870442740949e-02
2.770500503623326075e-02
4.086662459010095144e-03
5.778172098511535210e-02
6.532066942100604734e-02
6.119507658356620333e-02
6.717098893942895221e-02
