1.196340401707285568e-02
4.402190822349359017e-02
4.704598364174763375e-02
1.555543598917448651e-02
1.089634420758000405e-01
3.460098598848068696e-02
7.595351055865474932e-02
6.054771451518618786e-02
1.550160443802940310e-02
5.212338660466556139e-02
5.714864657312935040e-03
1.346732619814613452e-01
1.357461756353698333e-02
1.600672069119256141e-03
9.495522912288135997e-02
8.669486498999054436e-03
1.228489409913406313e-02
2.476219821885208144e-02
1.692956713502626748e-02
1.159456307459590454e-02
1.729898140034144766e-03
4.020952133289201064e-02
5.566670067921160314e-02
4.932902641521030168e-02
6.202812295942747994e-02
