1.246440485631915979e-02
2.228904025702072716e-02
9.512894360008510020e-03
3.966102709575692470e-02
1.324039212730015840e-02
3.381060954021126302e-02
6.867598665227112043e-03
1.747564870586571298e-02
5.554241729666233723e-02
7.799216228913263653e-03
7.358806199987748221e-04
4.231617922694737993e-02
6.495360908025417379e-03
1.549847679225742347e-02
3.032418797994005776e-03
4.221226975212128731e-03
8.089442383170001444e-03
1.045285589296119852e-02
9.183883453577392983e-03
2.910592750243692559e-02
