6.407865019049539812e-02
7.861051411587846593e-02
3.160554509300326359e-02
3.276877424459176957e-01
5.293381080829172997e-02
4.129407585313819573e-01
4.862920421031127760e-02
7.440035719041451778e-02
3.846255485376451344e-01
1.846659900721713335e-02
1.490461590965405300e-02
3.391327728892258864e-01
2.511010696337166379e-02
1.596806276611956454e-01
2.172908457232566870e-02
2.100395847922343143e-02
4.595787564368439271e-02
9.116033545796016491e-02
4.738065855736278698e-02
1.349467744820650461e-01
