4.289917446715269672e-02
6.329401548490151685e-02
5.232515761918715702e-02
3.397487239539748183e-02
7.797598379852951900e-02
2.423997731879569406e-02
3.612892216525599026e-02
3.825312480062743881e-02
2.866567426779962485e-02
3.985968795914342916e-02
1.886337586436633365e-02
7.197661368886483502e-02
2.484597358705904063e-02
4.252060118621486980e-03
6.977566532549338285e-02
1.663330991790054354e-03
2.209909576160168365e-02
4.699024912561106972e-03
6.125915594292591360e-02
2.829070108715809120e-02
1.809907252874996472e-02
4.205173302035673105e-02
4.812254278147581887e-02
6.016841002114500098e-02
6.416304018208031368e-02
