5.014511289448565778e-02
2.899513972855793237e-02
5.145452485161620959e-03
9.577090172544230895e-02
5.329788873837245505e-02
5.331630481544723243e-02
2.907569433370010142e-02
7.957107285796109764e-02
9.861808343064855376e-02
2.823348079424881432e-02
2.977890672471861580e-03
1.614208635767181432e-01
2.462385289098707047e-02
2.222348188911917391e-02
4.979548810106193546e-02
1.049482355468927403e-02
3.702579392082108733e-02
3.102677046290295074e-02
7.402952863621962976e-02
6.421237449098321504e-02
