1.357142857142834558e-03
1.521428571428562471e-03
3.571428571430557142e-05
6.778571428571422870e-03
6.085714285714272434e-03
1.499999999999723668e-04
1.535714285714284786e-03
2.692857142857119253e-03
1.805714285714283759e-02
8.214285714285507684e-04
5.000000000002779863e-05
1.984857142857142931e-01
3.928571428571170148e-04
-2.142857142856113839e-05
1.571428571428556964e-04
1.857142857142779382e-04
1.914285714285712771e-03
4.857142857142782372e-04
6.707142857142855963e-03
3.571428571428570016e-03
