6.845235417874681594e-02
1.822579623830122147e-02
2.019439006370458978e-02
1.327355071912578177e-01
1.107067303835521654e-01
1.005502222451784694e-01
3.923959542837650999e-02
1.331004599340070427e-01
1.728308748015864593e-01
6.956356944273950349e-02
1.476666791525741394e-02
1.146054073306642884e+00
5.547872278274519620e-02
1.535538278712735190e-02
5.102789958673756288e-02
1.669184179216308406e-02
3.346908010713931653e-02
5.088135404441034709e-02
8.472456683312729053e-02
6.098934249046553124e-02
