1.269416407563455675e-02
6.904897177321940582e-02
1.116461310964385507e-02
8.826860339121826715e-03
8.250102862709082774e-02
2.351058849365654513e-02
7.099082950412402560e-02
4.954246236430474848e-02
1.610389641779787911e-02
8.936398477750057134e-02
1.809325066759773226e-02
1.399374076261864774e-01
5.856220420508649258e-03
6.989985098639924128e-03
1.007530301916422788e-01
1.983521288566861621e-03
1.700991562390335998e-02
9.905610450364258496e-03
6.331244178298249536e-02
8.568951866536568193e-03
3.884581865020740599e-03
2.004441799530394183e-02
4.466934210067798755e-02
7.614403866571131663e-02
4.909988487426318604e-02
