3.335938424429402138e-02
7.662985358037251171e-02
2.182540934757890363e-02
2.198590337243611428e-02
8.024978673025226494e-02
4.312152604535515049e-02
6.631788517503874048e-02
6.337543952270027758e-02
3.209612838498644011e-02
8.026763560187816227e-02
3.612874218510990498e-02
8.299832218608498013e-02
1.829095266734101846e-02
1.366396149829699098e-02
7.940788501966872248e-02
8.299485510949151587e-03
3.813533543924897684e-02
2.093780215561804464e-02
7.733699678927052901e-02
1.534858836742026070e-02
1.617267525062244041e-02
3.694720620694827429e-02
5.795068247743932061e-02
7.129721853261872244e-02
5.906461490664179775e-02
