2.386832110176443159e-02
8.360446578853028554e-03
5.975758039169122224e-03
2.143752828274285427e-02
1.729780480980621163e-02
1.836007668869019463e-02
5.292464328414197075e-03
1.816986047318739847e-02
3.777492687906429392e-02
7.076432312273830613e-03
1.119004426818086999e-03
5.662026762081589365e-02
4.201004439752998275e-03
3.773055455631101843e-03
1.509522667139346665e-02
4.600608288715957346e-03
7.417015647751570157e-03
1.740307800736572846e-02
2.375398254259326533e-02
2.374872151950466539e-02
