1.043710619573018916e-01
1.945019579567338133e-02
2.388624498844155869e-02
1.980526104491115158e-01
5.591203824847412046e-02
1.849624168652890810e-01
2.666352971391441201e-02
4.817151094299986641e-02
1.287670034015896692e-01
8.019954313002872204e-02
1.898574796853938831e-02
7.823836401318804423e-01
3.385109949446674094e-02
2.424581667657891432e-02
6.940960855189098888e-02
2.734870374061487003e-02
3.550479199771234412e-02
1.231929866931311263e-01
1.682224421087109567e-01
1.327604599524216944e-01
