3.126946382831270743e-02
3.521603470952169856e-02
4.543104275696266403e-02
2.411303842245849857e-02
6.785824994974680446e-02
2.048685735810059499e-02
6.175492752011369629e-02
5.813860570012140822e-02
3.290018414879619657e-02
3.850282195652046657e-02
2.014286813809327767e-03
6.044321121426909915e-02
2.727287215726480890e-02
1.403690602837534204e-02
4.962623358879387353e-02
3.248128670906012816e-02
5.706700507421542945e-02
5.456497932402921275e-02
6.626104330420172495e-02
1.402737670522762915e-02
4.263217048687586302e-02
6.138684747615176518e-02
3.948900943322285195e-02
7.105712000676864259e-02
7.241673942195461788e-02
