5.462905060787136280e-02
6.614152211001307624e-02
7.532490540495254128e-02
3.039417706814982398e-02
4.265229151057876172e-02
5.755684113650652578e-02
7.740456857726264739e-02
4.145929512103314202e-02
1.027793167825692515e-02
5.858611853678887676e-02
1.099964768431710427e-02
8.361836056941797379e-02
1.613254026024262683e-02
5.791858927463101533e-03
7.167173245392673142e-02
2.300234574307209387e-02
6.762445525464405582e-02
3.356109952548751163e-02
7.161359381348447739e-02
2.932386660895958119e-02
4.382790189005894392e-03
4.763514599643046965e-02
6.422571122393729015e-02
6.381211371389751419e-02
5.319215350634802497e-02
