3.984280084322686794e-02
4.358759039016429221e-02
1.610204464413880071e-02
3.796466582580473870e-02
8.487442167323031028e-02
4.582946411669424486e-02
2.498058478702639557e-02
4.651871485518711130e-02
1.027062997782366011e-01
2.326741643079223085e-02
4.189711661913383088e-03
1.109895622438371865e-01
5.842460242561463984e-02
2.916243668577041953e-02
5.446411214548314839e-02
8.856100435201371898e-03
3.037502596270147057e-02
8.305264717381179163e-02
9.143253400668260866e-02
6.337926391448248098e-02
