1.633741562309059397e-02
1.193847553600732060e-02
4.270915309155069728e-03
1.219318727912415898e-02
2.562755350911892147e-02
1.980412225209773544e-02
7.739626736051045952e-03
1.581535666079828678e-02
3.628818023196556108e-02
7.496015508124719354e-03
1.359318735902953577e-03
4.578547057710553175e-02
1.522292393196743830e-02
1.076428082618196246e-02
1.768049347997018364e-02
2.775014141293370793e-03
1.019938932671094617e-02
3.274419402135299306e-02
2.744063380196271051e-02
2.432655275976831205e-02
