1.104436785584602121e-01
2.779584193913526083e-02
1.603473913102715712e-02
8.934359139323126697e-02
1.115860003785370536e-01
1.345383198964391624e-01
3.843803523342972928e-02
9.152727570519082756e-02
2.249112744370970196e-01
7.182437072280997703e-02
1.798134350840529042e-02
6.476183133083138754e-01
4.722008026133715092e-02
5.447076849035253909e-02
1.090119585952327719e-01
1.868877172240582252e-02
2.781022280973765096e-02
3.220127334452104195e-01
1.295589995278363105e-01
1.073608854865654993e-01
