1.149359172915477264e-03
2.900933822915441329e-02
5.212370228094399816e-02
1.185036291828759671e-02
5.338987378448233068e-02
5.355711499548837171e-03
6.487033226814944986e-02
1.207343583674422571e-01
7.442937788091507148e-03
2.132938113561529819e-02
0.000000000000000000e+00
8.437284448547618942e-02
8.193242453382511975e-03
1.318471209353140605e-02
6.637708232522569751e-02
1.235581451464953275e-02
7.566575140122934473e-02
2.389864077096124848e-02
1.108135084295347739e-01
4.929951998430014137e-02
1.131950418040212833e-02
3.605177515004458211e-02
2.827289091956521408e-02
3.086413313187339608e-02
8.207522271519267221e-02
