3.026083924266492493e-03
5.192970642891701211e-02
5.983262035560728970e-02
2.214795630788075204e-02
7.471205153037992208e-02
1.907570422036775765e-02
7.586924701327199538e-02
7.423406341755468818e-02
2.007173652595273250e-02
4.550311724665440094e-02
0.000000000000000000e+00
8.377900887835142141e-02
2.458651765635131228e-02
2.457270136116222747e-02
8.490656325409172422e-02
3.172047451368463500e-02
1.059292648062047648e-01
4.232022823123154226e-02
9.741606050661005822e-02
6.202100436138182488e-02
2.229630282434982153e-02
5.203282534540159404e-02
5.359168032674729160e-02
5.633419642503759844e-02
8.191894245291220233e-02
