6.113961211030303350e-02
1.207501415295154784e-01
4.633230013959507149e-02
1.153012605626878989e-02
8.615525799866499690e-02
2.721717935365932164e-02
3.657134403715083665e-02
8.903368636229877509e-02
1.128893278347423666e-02
5.087865263760689427e-02
8.878632109546042827e-04
1.156627539215142608e-01
2.977466841961569355e-02
2.259480302664637272e-02
7.916901357190837818e-02
1.275024077107942029e-02
3.580733457471334258e-02
2.709414531826126807e-02
2.043063256689505933e-02
2.038499596435217054e-02
6.727540756246085888e-04
1.674347892565427242e-03
5.700602635405679214e-02
5.308603809590564139e-03
2.988458351368465313e-02
