6.457228765346932631e-02
9.412630507660854629e-02
6.263210837555273358e-02
2.371055890422840706e-02
8.482589358327219387e-02
5.125203855077553605e-02
5.353558634806898642e-02
7.575930290800664269e-02
2.647145200681652599e-02
7.136221983026597160e-02
4.012026472186986693e-03
1.056443948880452788e-01
5.035071417896169743e-02
4.033134073796208058e-02
5.948004320937285566e-02
2.910016613369710917e-02
4.970355322635736095e-02
5.095773913939204147e-02
4.061481464717113521e-02
4.079016385864450006e-02
2.785907591223489230e-03
3.951612303989389396e-03
6.625340960442167859e-02
9.634091722289865947e-03
5.397867267957746906e-02
