5.585750586363632392e-02
1.529496538505890069e-01
2.098146269431232225e-02
2.006404549493899792e-01
3.850832968680797247e-02
6.938696135399766707e-01
6.265979585856033818e-02
1.485121773185166527e-01
3.452289489055114236e-01
6.927133148058407797e-02
4.697668425081030080e-02
2.114182813613664780e-01
5.801066458590960206e-02
5.862622585298168237e-02
3.280620865307296019e-02
2.003408693457180839e-02
3.350975106897332439e-02
1.078321460259677039e-01
4.706289224031525581e-02
1.362522905620948410e-02
