2.632296340928671693e-02
3.208588092416077980e-02
3.580589627664010084e-03
4.620324955885252854e-02
5.233991855717802510e-03
5.131161711092763200e-02
1.092486629936107075e-02
1.404742883607492179e-02
3.535876635604830870e-02
1.365432224255724858e-02
9.648542713545912863e-03
2.043641111094618434e-02
3.737476139489966445e-03
4.445325985863783809e-03
3.121604697739899324e-03
1.705194725414234912e-03
5.230177706565388579e-03
2.505994280299984195e-02
1.592397882211639415e-02
3.081390034785766972e-03
