6.870463119709423194e-02
4.198059055017174662e-02
3.675026221768593754e-02
8.594546164777291941e-02
5.789450247783964332e-02
4.472640571490923977e-02
1.017573691116354685e-02
4.987264668410593821e-02
1.077550748193416424e-01
2.903475672784723571e-02
1.121936659404345824e-02
1.192342005550365153e-01
2.973365302154067080e-02
7.771492425803896119e-03
6.426671839269365583e-02
1.268450417585451247e-02
1.681525664277980919e-02
6.615912947559045298e-02
8.729174244428822282e-02
5.198386732443667502e-02
