5.519550309283329653e-02
3.369496609529112896e-02
3.771103846528010839e-02
4.587655133835601834e-02
5.339614324744443308e-02
4.026948905069053369e-02
1.273693515024040129e-02
4.219558678703150267e-02
7.238749152454393432e-02
3.137508247957434410e-02
1.923060401370068478e-02
7.933214980816725992e-02
3.250641566857512960e-02
1.138026488769025742e-02
6.397171452624708654e-02
1.969427092854232272e-02
3.393356544154694371e-02
5.878040074766248402e-02
7.904219694989875200e-02
5.378854749538726499e-02
