1.629654937641305534e-01
3.487545896409073587e-02
3.417348893214884609e-02
2.757596387950957961e-01
9.049938559605191779e-02
1.373469481749665655e-01
1.886195704394687603e-02
4.267212060066765539e-02
1.412570751462146335e-01
1.217407782542749284e-01
1.749675626430218303e-02
5.563707479394119915e-01
3.447976446334461570e-02
1.895665330152561043e-02
7.650326892844576399e-02
1.247393832567746282e-02
1.594365362474256878e-02
2.606265561197759206e-01
8.901292220901264873e-02
6.442301763104700540e-02
