2.335682796441048217e-02
1.293474513696716427e-02
1.133456170334352225e-02
3.312084897776295528e-02
1.914746836468768365e-02
1.785759951385169908e-02
3.554444232327006077e-03
1.576479598369523449e-02
3.328784665774760232e-02
1.215899454454965993e-02
3.234160533674325898e-03
4.306680272749874999e-02
8.961628938311271692e-03
2.782957351750736576e-03
2.221656752295474851e-02
4.013281744879378284e-03
5.011972950893409107e-03
2.901014923541970353e-02
2.727044396498423673e-02
2.354805981705453133e-02
