0.000000000000000000e+00 5.735683988678922686e-03 0.000000000000000000e+00 1.267926376634039703e-02 1.781453043270936898e-01 4.493919772482470043e-02 0.000000000000000000e+00 0.000000000000000000e+00 3.143115521176340944e-03 0.000000000000000000e+00 0.000000000000000000e+00 2.995279825071457402e-01 1.520052210696722084e-01 0.000000000000000000e+00 7.849334775624060984e-03 1.230617479236886802e-02 5.167279909282399691e-03 1.370698886712344855e-01 1.373676410156164929e-01 4.063911930941635324e-03
2.838119286593518767e-02 0.000000000000000000e+00 1.398283270903366918e-02 1.280079000912622833e-01 4.156640017675299059e-02 7.594282620751602325e-06 1.103817433725749475e-01 0.000000000000000000e+00 1.491092215039621915e-01 4.407657098577721227e-02 2.071973479385483610e-02 1.409847889433580859e-01 0.000000000000000000e+00 0.000000000000000000e+00 1.785541456070207159e-02 8.099185153730087752e-03 5.860691393498417348e-03 1.561428089851301104e-01 4.981780941141692245e-03 1.298421392406654273e-01
2.883221086502197814e-03 6.450463838292209984e-03 1.415730889770675134e-02 9.078339141700732251e-02 1.349066052817761707e-01 6.824067751353363187e-02 1.059770692021958227e-01 1.012730087902124487e-01 1.664922107096956094e-01 0.000000000000000000e+00 0.000000000000000000e+00 2.764158526940163271e-02 2.700107337655213019e-02 1.319345985182432141e-03 0.000000000000000000e+00 3.026700384372258638e-03 4.171184902583661980e-03 1.427881883560344900e-01 4.900903155971152170e-02 5.387893342923957829e-02
0.000000000000000000e+00 2.300202842393744840e-02 0.000000000000000000e+00 5.341575120455438475e-03 1.182367076520728227e-01 2.765371961672878631e-02 3.011488557891350490e-02 9.519646966652775544e-02 2.522670557430806704e-01 1.101849020715282672e-02 0.000000000000000000e+00 9.214286427628476384e-02 0.000000000000000000e+00 2.101332667518340455e-02 2.802716457897526121e-03 6.497546012585708394e-03 3.105374615902160504e-02 1.174512981482335044e-01 1.451301302098493007e-01 2.107744005207497912e-02
0.000000000000000000e+00 0.000000000000000000e+00 1.054067366736438117e-02 2.979755988491228705e-02 1.675273656229749400e-02 9.006336395339394063e-02 1.512997663844824481e-01 1.922091204090040639e-01 0.000000000000000000e+00 7.615504813142696949e-02 0.000000000000000000e+00 9.657147961719063367e-02 0.000000000000000000e+00 5.470525752332625752e-02 0.000000000000000000e+00 0.000000000000000000e+00 0.000000000000000000e+00 1.346551373072421218e-02 1.396339152547098617e-01 1.288055648811675669e-01
6.311548188812998814e-04 1.011345831527800214e-02 2.304532194936282155e-02 9.665941195882703230e-02 5.091074257939432086e-03 0.000000000000000000e+00 2.953738501204834083e-02 4.746502157488470541e-02 7.061611190621366885e-02 0.000000000000000000e+00 1.282567021172808380e-03 2.050515130817147369e-01 0.000000000000000000e+00 9.677667693430543061e-02 4.707097993749632253e-02 1.206198153257111300e-01 1.389309773143382332e-02 1.266422187650286524e-01 9.033528980980299466e-03 9.647066242872151531e-02
0.000000000000000000e+00 0.000000000000000000e+00 0.000000000000000000e+00 9.561276353549827411e-02 4.571997635784808001e-02 6.647051897240575631e-04 4.256875111663050576e-03 1.652712876632173866e-01 1.464134220633348804e-01 1.812934510713015701e-02 2.189202448197897360e-02 2.379857468779507101e-01 3.387024723983886321e-02 0.000000000000000000e+00 4.001067641904029683e-04 5.216992151525144152e-03 0.000000000000000000e+00 1.430527621519629422e-01 5.237050177921200034e-02 2.914324352492508527e-02
1.667733512260945650e-04 1.661040347547371003e-03 1.507903824507521480e-02 1.925787409474035913e-02 1.236799015050530914e-01 0.000000000000000000e+00 5.024170700809486162e-02 1.312304052849103675e-01 6.498386099101918778e-02 0.000000000000000000e+00 0.000000000000000000e+00 1.640916724678004035e-01 7.710371500266489410e-03 8.789140958930347081e-02 2.338728287418904289e-02 5.880222333714463234e-03 3.340330336249132566e-04 4.040529997201999096e-03 1.575930721398967060e-01 1.427708052363357571e-01
3.779741654892277650e-03 4.503700144599295796e-02 7.023144666229606467e-03 7.392977532251297085e-03 1.985770766858199199e-01 9.856432037613734043e-02 1.413049362837316518e-02 1.171720269364163736e-01 8.089154596208350534e-02 0.000000000000000000e+00 1.428466552441579919e-02 4.795937575375827655e-02 0.000000000000000000e+00 0.000000000000000000e+00 2.509294776597405935e-02 1.560849376225362760e-02 3.674758215536864242e-02 1.506364627099336662e-01 6.263993803548291439e-02 7.446220540461655213e-02
5.586724835453239953e-03 8.994730742318879368e-02 0.000000000000000000e+00 1.012294380333656485e-01 1.172909957320832364e-01 1.177400939860149820e-01 1.149299946574192655e-01 6.802518566677928646e-02 1.133411354983805963e-01 0.000000000000000000e+00 0.000000000000000000e+00 5.998152899138158717e-02 0.000000000000000000e+00 2.874173195901417663e-02 1.079723882233763789e-03 1.600095122358866084e-02 0.000000000000000000e+00 0.000000000000000000e+00 3.989333437156788488e-03 1.621158546739401296e-01
