1.883444271282678356e-02
5.003507772685508725e-02
5.129217889423821203e-02
2.478917182633245953e-02
3.797757337051078236e-02
1.066683263475163949e-02
7.631720070931023725e-02
3.246673646815913250e-02
4.191763044348675166e-02
5.438013296026460164e-02
1.787495963408400909e-04
6.495830765625661141e-02
6.115950431821579568e-03
6.322809404544138187e-03
1.419014343700710779e-01
1.034772884803606199e-02
4.219336852340018623e-02
2.126324152367742651e-02
6.533587346459063250e-02
4.076146554225166391e-02
2.000274576571822640e-03
1.784483788122343331e-02
6.839707648814882801e-02
4.514870434676084010e-02
6.855319959956922282e-02
