-1.428571428572222891e-05
2.142142857142852533e-02
7.142857142827807423e-06
3.892857142857098114e-03
1.629999999999996035e-02
3.285714285713892016e-04
9.649999999999946815e-03
1.178571428571406664e-03
9.785714285713842386e-04
0.000000000000000000e+00
0.000000000000000000e+00
1.875071428571428167e-01
0.000000000000000000e+00
6.428571428568341517e-05
2.285714285714002150e-04
1.055714285714279797e-02
1.214285714285279259e-04
6.180714285714281747e-02
1.021785714285714103e-01
3.864285714285675601e-03
