2.277704295984984972e-02
3.618302556725818547e-02
3.957362897388195383e-02
8.198349946497834884e-02
1.174986356199748117e-01
1.256698794045127965e-01
5.075291458475650330e-02
2.589084073420550580e-01
3.435261129678535696e-01
2.262229820115527548e-02
1.600986579266283974e-02
1.013373326707743605e+00
2.760778049532749967e-02
3.825903830360801589e-02
2.323430645489786214e-02
7.207701340251240762e-02
2.398765379618756494e-02
2.894081074190230640e-01
3.343794787004538693e-01
1.550164801838024853e-01
