2.363785057985101721e-03
9.469727599962148371e-03
3.945809367105072678e-03
1.678040382044975604e-02
3.194478118422309360e-02
1.764568536756140268e-02
2.215835205171436811e-02
3.645108733460943745e-02
3.470462217415717920e-02
4.623852962861745540e-03
2.460117993285780829e-03
5.994416851867127860e-02
7.878357566074987994e-03
9.491170716986213618e-03
6.078763426584838682e-03
1.362749887753442364e-02
3.841265818339759629e-03
4.162405660959016956e-02
2.428567357283401701e-02
3.024704638103106052e-02
