0.000000000000000000e+00 1.349838567185941141e-01 0.000000000000000000e+00 0.000000000000000000e+00 0.000000000000000000e+00 1.602219425848060430e-01 0.000000000000000000e+00 2.650356466317831984e-03 0.000000000000000000e+00 0.000000000000000000e+00 0.000000000000000000e+00 2.107067421163589388e-02 1.708874978809706846e-01 1.307509602627610025e-03 0.000000000000000000e+00 0.000000000000000000e+00 1.035036435577909864e-01 1.381503775830631997e-01 1.773883668000378888e-01 8.983577459415563460e-02
6.592525749349590312e-03 0.000000000000000000e+00 2.647427932698654535e-02 1.184897760836436248e-01 0.000000000000000000e+00 1.427742192373694999e-02 0.000000000000000000e+00 1.691702386178228212e-01 1.352494259905787366e-01 1.149590204542468713e-02 0.000000000000000000e+00 1.306790983116058458e-01 1.386380009604126079e-03 1.631437830665363187e-01 0.000000000000000000e+00 0.000000000000000000e+00 2.640271052842672536e-02 0.000000000000000000e+00 1.932822837914430908e-02 1.773102299671395210e-01
0.000000000000000000e+00 0.000000000000000000e+00 2.341588800706367185e-02 5.844155952118083863e-02 2.791092101812600035e-01 0.000000000000000000e+00 0.000000000000000000e+00 0.000000000000000000e+00 1.317005075075469711e-01 0.000000000000000000e+00 0.000000000000000000e+00 0.000000000000000000e+00 1.543376576440989301e-01 1.554379379540119233e-01 2.907556516188419121e-02 0.000000000000000000e+00 0.000000000000000000e+00 0.000000000000000000e+00 0.000000000000000000e+00 1.684816740229534426e-01
0.000000000000000000e+00 1.415767114286048921e-02 0.000000000000000000e+00 2.429653229498531797e-01 1.359782108486012843e-03 3.892206678356620927e-03 6.199737200443618257e-02 0.000000000000000000e+00 1.485527249272436956e-01 1.108112436464281370e-02 2.875023939782767046e-02 8.093689756114637313e-02 4.894123675935805468e-02 8.355969179932837276e-02 0.000000000000000000e+00 3.648286181446029619e-02 0.000000000000000000e+00 1.437241628299070761e-01 8.264075764323745854e-03 8.533462989776938179e-02
0.000000000000000000e+00 6.352402714097396541e-02 0.000000000000000000e+00 1.272382999616814836e-01 1.564448128901861634e-01 1.555500963984209895e-01 0.000000000000000000e+00 0.000000000000000000e+00 1.088618657129281769e-01 5.273861369661338172e-02 0.000000000000000000e+00 0.000000000000000000e+00 2.383724400972703564e-02 0.000000000000000000e+00 0.000000000000000000e+00 0.000000000000000000e+00 0.000000000000000000e+00 0.000000000000000000e+00 1.612411782696936691e-01 1.505638619197751660e-01
5.355243197106118735e-02 1.384715455665105899e-01 0.000000000000000000e+00 0.000000000000000000e+00 0.000000000000000000e+00 1.519224195398658495e-01 0.000000000000000000e+00 7.666265671156838324e-02 3.423876027631166802e-02 6.146314410211168450e-02 3.386962490212739089e-04 1.772079212647223179e-01 1.938674459098028643e-02 2.524688461812963844e-02 0.000000000000000000e+00 2.112950190368523828e-01 0.000000000000000000e+00 3.186818833401078993e-02 0.000000000000000000e+00 1.834558773885390515e-02
0.000000000000000000e+00 2.853355067061678560e-02 0.000000000000000000e+00 0.000000000000000000e+00 1.878930708087019341e-01 1.353509439301246453e-01 0.000000000000000000e+00 1.266664168189413076e-01 0.000000000000000000e+00 0.000000000000000000e+00 1.050824326446570672e-01 0.000000000000000000e+00 2.024181333956640363e-02 1.778800339344320525e-01 0.000000000000000000e+00 0.000000000000000000e+00 1.663882365314499068e-01 0.000000000000000000e+00 5.196350132151001527e-02 0.000000000000000000e+00
0.000000000000000000e+00 1.829508953177061137e-01 8.568308494923776442e-02 1.143351527267314205e-01 1.361273187724328648e-01 0.000000000000000000e+00 0.000000000000000000e+00 2.901510626264835677e-02 0.000000000000000000e+00 0.000000000000000000e+00 0.000000000000000000e+00 0.000000000000000000e+00 0.000000000000000000e+00 1.472250582731098600e-01 0.000000000000000000e+00 0.000000000000000000e+00 1.692041273458909367e-01 0.000000000000000000e+00 1.239894771676570140e-01 1.146977918458568120e-02
1.315496615938194225e-02 3.364345684999438951e-02 0.000000000000000000e+00 2.290847137912548070e-03 1.350605629518765449e-01 1.273497553477635769e-01 2.249909895105940694e-02 7.292071457828372232e-03 3.096440062289718825e-02 1.567461268170400671e-02 1.010830147295532916e-01 1.782964973026508748e-02 1.380123961716251679e-01 5.393413331585153979e-03 1.842352177410299871e-02 2.347934557818664308e-02 1.418748672098861796e-01 1.230488040564326063e-01 0.000000000000000000e+00 4.292521525794486953e-02
0.000000000000000000e+00 1.702943402840250975e-01 0.000000000000000000e+00 0.000000000000000000e+00 1.910492572128558164e-01 1.238098421347814254e-01 0.000000000000000000e+00 0.000000000000000000e+00 8.999623747751854530e-02 0.000000000000000000e+00 0.000000000000000000e+00 1.315340748954798092e-02 4.937479906987635864e-02 1.987806631292010281e-02 0.000000000000000000e+00 1.982140735350016239e-02 0.000000000000000000e+00 0.000000000000000000e+00 1.597981249020456462e-01 1.628245177629288332e-01
