8.700884347426864063e-03
1.566913363857264097e-02
4.791938621657516190e-02
1.359216976007255467e-02
8.644446651590106945e-02
1.481710437170807859e-02
5.532251887031378740e-02
9.018657432069736302e-02
1.979526685610573638e-03
4.598455472378991382e-02
4.234186884897829300e-04
6.546410007259136077e-02
6.988503843332506335e-03
7.909543548283999581e-03
6.758829923222428593e-02
9.780320794964764489e-04
8.291219887695100432e-02
4.590152948774150338e-02
8.655835254556955294e-02
5.379900090339274216e-02
5.601318715593052791e-03
4.868540851589320262e-02
4.555266413950322113e-02
3.183901540479657649e-02
6.918229449547272369e-02
