2.200089999007970309e-02
3.262988067930078229e-02
6.002854314810821684e-02
2.556711285434456679e-02
7.055231690052608806e-02
3.418739007982295186e-02
6.278815058090306267e-02
6.558612674080509242e-02
4.162796136557270557e-03
5.231178683992449702e-02
1.392538329399934218e-03
6.153996221198054090e-02
2.499579638168344595e-02
1.251473054418293651e-02
6.700531479414614799e-02
4.992046656897463491e-03
7.722944586931888844e-02
5.782829811487655985e-02
7.931166158652623588e-02
6.634040720583807282e-02
1.416807537311522494e-02
6.206585119390562594e-02
5.945306299205140033e-02
4.423528904005322865e-02
7.259775050855396539e-02
