1.892265625000000000e+02
2.034414062500000000e+02
1.534218750000000000e+02
2.072304687500000000e+02
1.172148437500000000e+02
2.079296875000000000e+02
1.637382812500000000e+02
1.408164062500000000e+02
1.449023437500000000e+02
2.062734375000000000e+02
1.992421875000000000e+02
2.078203125000000000e+02
1.245585937500000000e+02
2.127226562500000000e+02
1.452109375000000000e+02
1.430273437500000000e+02
1.136718750000000000e+02
2.122773437500000000e+02
1.171171875000000000e+02
2.037382812500000000e+02
2.014648437500000000e+02
2.080859375000000000e+02
1.367109375000000000e+02
2.133007812500000000e+02
2.093984375000000000e+02
2.114609375000000000e+02
2.178828125000000000e+02
2.186484375000000000e+02
2.132226562500000000e+02
1.628515625000000000e+02
1.576953125000000000e+02
2.080937500000000000e+02
2.165156250000000000e+02
2.194726562500000000e+02
1.170195312500000000e+02
1.221992187500000000e+02
1.304335937500000000e+02
1.321914062500000000e+02
1.785312500000000000e+02
1.704335937500000000e+02
1.623554687500000000e+02
1.354335937500000000e+02
1.780937500000000000e+02
1.415351562500000000e+02
1.839921875000000000e+02
1.170585937500000000e+02
1.186640625000000000e+02
1.245117187500000000e+02
1.286093750000000000e+02
1.271875000000000000e+02
1.912421875000000000e+02
1.909218750000000000e+02
1.601015625000000000e+02
1.828125000000000000e+02
1.841289062500000000e+02
1.246523437500000000e+02
1.305703125000000000e+02
1.886718750000000000e+02
1.282226562500000000e+02
1.808867187500000000e+02
1.794531250000000000e+02
1.855078125000000000e+02
1.801562500000000000e+02
1.667773437500000000e+02
1.838046875000000000e+02
1.238398437500000000e+02
1.286992187500000000e+02
1.892617187500000000e+02
1.947695312500000000e+02
1.234296875000000000e+02
1.232929687500000000e+02
1.239804687500000000e+02
1.587500000000000000e+02
1.607109375000000000e+02
1.349609375000000000e+02
1.174687500000000000e+02
1.592539062500000000e+02
1.630429687500000000e+02
1.455273437500000000e+02
1.142929687500000000e+02
1.318281250000000000e+02
1.484062500000000000e+02
1.394453125000000000e+02
1.539804687500000000e+02
1.490234375000000000e+02
1.588437500000000000e+02
1.420156250000000000e+02
1.363046875000000000e+02
1.213945312500000000e+02
1.348281250000000000e+02
1.395859375000000000e+02
1.159375000000000000e+02
1.440468750000000000e+02
1.382734375000000000e+02
1.392460937500000000e+02
1.521054687500000000e+02
1.476718750000000000e+02
1.489609375000000000e+02
1.358750000000000000e+02
1.116796875000000000e+02
1.141250000000000000e+02
1.345468750000000000e+02
1.427617187500000000e+02
1.396445312500000000e+02
1.421054687500000000e+02
1.424023437500000000e+02
1.517500000000000000e+02
2.012617187500000000e+02
1.234140625000000000e+02
1.465312500000000000e+02
1.114726562500000000e+02
1.554687500000000000e+02
1.610507812500000000e+02
1.788125000000000000e+02
1.447539062500000000e+02
1.001640625000000000e+02
1.441523437500000000e+02
1.448476562500000000e+02
1.815507812500000000e+02
1.459726562500000000e+02
2.075468750000000000e+02
1.945039062500000000e+02
1.400625000000000000e+02
1.469687500000000000e+02
1.642968750000000000e+02
1.491562500000000000e+02
1.452773437500000000e+02
1.265625000000000000e+02
1.121171875000000000e+02
1.559687500000000000e+02
1.504960937500000000e+02
2.167031250000000000e+02
1.674687500000000000e+02
2.203085937500000000e+02
1.836953125000000000e+02
1.523710937500000000e+02
1.061132812500000000e+02
1.447539062500000000e+02
1.454687500000000000e+02
1.591093750000000000e+02
1.859218750000000000e+02
1.629140625000000000e+02
1.589921875000000000e+02
1.883554687500000000e+02
1.906132812500000000e+02
1.787773437500000000e+02
1.885234375000000000e+02
1.805468750000000000e+02
1.631132812500000000e+02
1.754453125000000000e+02
1.751679687500000000e+02
2.328710937500000000e+02
1.908359375000000000e+02
2.455039062500000000e+02
2.309765625000000000e+02
2.504062500000000000e+02
1.979843750000000000e+02
1.560820312500000000e+02
1.684296875000000000e+02
1.711250000000000000e+02
1.696132812500000000e+02
1.567226562500000000e+02
2.000000000000000000e+02
1.793750000000000000e+02
1.776093750000000000e+02
1.759062500000000000e+02
1.835273437500000000e+02
1.794335937500000000e+02
1.714257812500000000e+02
1.804648437500000000e+02
2.428085937500000000e+02
1.684179687500000000e+02
1.770351562500000000e+02
1.254101562500000000e+02
1.335507812500000000e+02
1.491953125000000000e+02
1.370234375000000000e+02
1.323593750000000000e+02
1.398867187500000000e+02
1.445390625000000000e+02
1.338867187500000000e+02
1.357929687500000000e+02
1.467539062500000000e+02
1.218750000000000000e+02
1.197812500000000000e+02
1.304648437500000000e+02
1.256406250000000000e+02
1.201054687500000000e+02
1.357695312500000000e+02
1.337929687500000000e+02
1.371289062500000000e+02
1.454179687500000000e+02
1.200937500000000000e+02
1.237656250000000000e+02
1.359218750000000000e+02
1.864414062500000000e+02
1.383476562500000000e+02
1.775820312500000000e+02
1.240273437500000000e+02
1.688867187500000000e+02
1.208945312500000000e+02
1.450546875000000000e+02
1.212109375000000000e+02
1.344101562500000000e+02
1.298281250000000000e+02
1.695429687500000000e+02
1.608203125000000000e+02
1.175000000000000000e+02
1.531289062500000000e+02
1.344335937500000000e+02
1.718242187500000000e+02
1.210859375000000000e+02
1.611914062500000000e+02
1.163398437500000000e+02
1.964375000000000000e+02
1.860273437500000000e+02
1.538593750000000000e+02
1.505781250000000000e+02
1.442031250000000000e+02
1.292851562500000000e+02
1.372031250000000000e+02
1.346328125000000000e+02
1.432226562500000000e+02
1.401796875000000000e+02
1.336523437500000000e+02
1.352539062500000000e+02
1.294335937500000000e+02
1.698867187500000000e+02
1.252968750000000000e+02
1.347968750000000000e+02
1.240742187500000000e+02
1.473515625000000000e+02
1.289687500000000000e+02
1.333984375000000000e+02
1.339335937500000000e+02
1.414648437500000000e+02
1.525937500000000000e+02
1.426992187500000000e+02
1.351484375000000000e+02
1.349687500000000000e+02
1.697187500000000000e+02
1.417890625000000000e+02
1.360585937500000000e+02
1.381171875000000000e+02
1.325000000000000000e+02
1.064218750000000000e+02
1.252265625000000000e+02
1.167070312500000000e+02
1.295312500000000000e+02
1.293281250000000000e+02
1.338046875000000000e+02
1.282304687500000000e+02
1.128281250000000000e+02
1.242890625000000000e+02
1.073554687500000000e+02
1.278593750000000000e+02
1.321367187500000000e+02
1.365703125000000000e+02
1.760234375000000000e+02
1.599218750000000000e+02
1.168632812500000000e+02
1.281640625000000000e+02
1.328554687500000000e+02
1.322304687500000000e+02
1.450273437500000000e+02
1.276132812500000000e+02
1.278828125000000000e+02
1.312226562500000000e+02
1.309687500000000000e+02
1.146210937500000000e+02
1.355351562500000000e+02
9.469140625000000000e+01
1.108710937500000000e+02
1.624101562500000000e+02
1.218476562500000000e+02
1.181796875000000000e+02
1.621640625000000000e+02
1.435625000000000000e+02
1.212890625000000000e+02
1.244023437500000000e+02
1.036835937500000000e+02
1.433281250000000000e+02
1.201210937500000000e+02
1.477734375000000000e+02
1.136835937500000000e+02
1.087578125000000000e+02
1.020664062500000000e+02
1.821015625000000000e+02
1.622656250000000000e+02
1.174218750000000000e+02
1.056171875000000000e+02
1.212929687500000000e+02
1.320195312500000000e+02
1.354453125000000000e+02
1.669609375000000000e+02
1.624921875000000000e+02
1.619062500000000000e+02
1.648632812500000000e+02
1.102226562500000000e+02
1.157695312500000000e+02
1.063554687500000000e+02
9.761328125000000000e+01
9.950000000000000000e+01
9.442578125000000000e+01
8.629687500000000000e+01
8.975781250000000000e+01
9.334765625000000000e+01
8.712890625000000000e+01
8.792578125000000000e+01
8.795703125000000000e+01
8.362500000000000000e+01
9.167578125000000000e+01
8.282812500000000000e+01
9.357421875000000000e+01
9.102343750000000000e+01
9.652343750000000000e+01
9.690234375000000000e+01
1.166054687500000000e+02
8.484765625000000000e+01
1.039296875000000000e+02
9.241796875000000000e+01
9.384765625000000000e+01
1.080390625000000000e+02
9.792968750000000000e+01
9.080859375000000000e+01
9.499218750000000000e+01
8.833203125000000000e+01
9.881640625000000000e+01
9.971875000000000000e+01
1.011367187500000000e+02
8.493359375000000000e+01
9.943359375000000000e+01
9.414843750000000000e+01
1.068984375000000000e+02
9.264453125000000000e+01
9.382421875000000000e+01
9.468359375000000000e+01
9.869921875000000000e+01
9.574218750000000000e+01
9.015625000000000000e+01
9.165234375000000000e+01
9.697656250000000000e+01
9.658203125000000000e+01
9.896875000000000000e+01
9.789843750000000000e+01
9.593359375000000000e+01
9.350390625000000000e+01
9.631250000000000000e+01
9.883593750000000000e+01
1.033828125000000000e+02
1.046132812500000000e+02
1.265742187500000000e+02
1.153359375000000000e+02
1.034882812500000000e+02
1.171562500000000000e+02
1.028867187500000000e+02
1.009218750000000000e+02
1.051601562500000000e+02
1.059179687500000000e+02
1.108242187500000000e+02
1.030000000000000000e+02
1.023593750000000000e+02
1.063945312500000000e+02
1.345859375000000000e+02
1.004765625000000000e+02
1.094453125000000000e+02
1.119257812500000000e+02
1.030703125000000000e+02
1.379296875000000000e+02
1.169960937500000000e+02
1.036484375000000000e+02
1.100273437500000000e+02
1.080820312500000000e+02
1.105742187500000000e+02
1.162070312500000000e+02
1.044140625000000000e+02
1.276445312500000000e+02
1.122851562500000000e+02
1.015195312500000000e+02
1.192929687500000000e+02
1.040859375000000000e+02
9.083984375000000000e+01
1.051171875000000000e+02
1.009101562500000000e+02
1.017460937500000000e+02
1.046562500000000000e+02
1.064726562500000000e+02
1.302382812500000000e+02
1.125898437500000000e+02
1.110625000000000000e+02
9.948828125000000000e+01
9.693359375000000000e+01
9.458593750000000000e+01
1.035273437500000000e+02
9.915234375000000000e+01
1.271210937500000000e+02
1.267148437500000000e+02
1.038437500000000000e+02
1.059570312500000000e+02
1.270156250000000000e+02
1.212890625000000000e+02
1.213593750000000000e+02
1.233828125000000000e+02
1.250937500000000000e+02
1.440390625000000000e+02
1.304375000000000000e+02
1.267734375000000000e+02
1.151835937500000000e+02
1.121054687500000000e+02
1.831210937500000000e+02
1.521015625000000000e+02
1.532070312500000000e+02
1.331171875000000000e+02
1.461054687500000000e+02
1.123203125000000000e+02
1.109335937500000000e+02
1.118671875000000000e+02
1.227812500000000000e+02
1.130820312500000000e+02
1.239921875000000000e+02
1.091484375000000000e+02
1.140195312500000000e+02
1.525039062500000000e+02
1.275195312500000000e+02
1.120937500000000000e+02
1.516367187500000000e+02
1.151171875000000000e+02
8.512109375000000000e+01
1.740625000000000000e+02
1.081953125000000000e+02
1.284414062500000000e+02
1.629101562500000000e+02
9.865625000000000000e+01
1.409687500000000000e+02
1.296210937500000000e+02
1.315273437500000000e+02
1.333476562500000000e+02
1.432265625000000000e+02
1.310820312500000000e+02
1.237382812500000000e+02
9.554296875000000000e+01
1.290703125000000000e+02
9.428515625000000000e+01
1.138710937500000000e+02
1.317148437500000000e+02
9.704296875000000000e+01
1.039023437500000000e+02
8.709375000000000000e+01
9.963281250000000000e+01
9.808593750000000000e+01
1.120234375000000000e+02
9.945703125000000000e+01
1.018593750000000000e+02
9.744531250000000000e+01
9.885156250000000000e+01
1.050468750000000000e+02
1.033125000000000000e+02
1.010820312500000000e+02
1.225976562500000000e+02
9.858203125000000000e+01
1.102343750000000000e+02
1.033867187500000000e+02
1.079414062500000000e+02
1.012890625000000000e+02
1.010898437500000000e+02
1.014218750000000000e+02
1.049921875000000000e+02
1.047226562500000000e+02
1.007929687500000000e+02
1.042578125000000000e+02
1.064414062500000000e+02
1.036953125000000000e+02
1.176601562500000000e+02
1.122656250000000000e+02
1.146601562500000000e+02
1.071054687500000000e+02
1.063593750000000000e+02
1.022070312500000000e+02
1.111250000000000000e+02
1.105859375000000000e+02
1.033046875000000000e+02
1.548906250000000000e+02
1.460781250000000000e+02
1.135312500000000000e+02
1.235429687500000000e+02
1.133085937500000000e+02
1.094179687500000000e+02
1.110937500000000000e+02
1.187382812500000000e+02
1.077695312500000000e+02
1.077460937500000000e+02
1.874218750000000000e+02
1.241445312500000000e+02
1.051796875000000000e+02
1.210000000000000000e+02
1.876601562500000000e+02
1.309101562500000000e+02
1.319882812500000000e+02
1.580546875000000000e+02
1.255117187500000000e+02
1.656367187500000000e+02
1.302343750000000000e+02
1.175234375000000000e+02
1.067109375000000000e+02
1.478046875000000000e+02
1.369726562500000000e+02
1.221250000000000000e+02
1.520156250000000000e+02
1.470195312500000000e+02
1.129570312500000000e+02
1.089570312500000000e+02
1.174179687500000000e+02
1.509882812500000000e+02
1.080429687500000000e+02
1.438750000000000000e+02
1.293203125000000000e+02
1.789335937500000000e+02
1.590234375000000000e+02
2.070937500000000000e+02
1.229218750000000000e+02
1.961757812500000000e+02
1.244687500000000000e+02
1.591132812500000000e+02
1.314257812500000000e+02
1.223203125000000000e+02
1.600039062500000000e+02
1.354140625000000000e+02
1.565703125000000000e+02
1.072890625000000000e+02
1.178945312500000000e+02
1.134687500000000000e+02
1.282929687500000000e+02
1.460703125000000000e+02
1.398359375000000000e+02
1.332421875000000000e+02
1.362382812500000000e+02
1.113945312500000000e+02
1.405390625000000000e+02
1.213984375000000000e+02
1.046796875000000000e+02
1.885976562500000000e+02
1.176679687500000000e+02
1.440000000000000000e+02
1.132148437500000000e+02
1.064414062500000000e+02
1.316093750000000000e+02
1.392890625000000000e+02
1.288632812500000000e+02
1.276875000000000000e+02
1.247031250000000000e+02
1.304687500000000000e+02
1.262265625000000000e+02
1.309570312500000000e+02
1.305390625000000000e+02
1.145117187500000000e+02
1.285507812500000000e+02
1.297851562500000000e+02
1.240898437500000000e+02
1.239023437500000000e+02
1.308867187500000000e+02
1.088515625000000000e+02
1.229804687500000000e+02
1.143164062500000000e+02
1.140976562500000000e+02
1.219257812500000000e+02
1.337460937500000000e+02
1.204570312500000000e+02
1.267460937500000000e+02
1.322343750000000000e+02
1.225703125000000000e+02
1.252109375000000000e+02
1.106367187500000000e+02
1.098867187500000000e+02
1.037968750000000000e+02
1.226015625000000000e+02
1.242382812500000000e+02
1.143359375000000000e+02
1.167656250000000000e+02
1.079492187500000000e+02
1.153046875000000000e+02
1.079843750000000000e+02
1.090703125000000000e+02
1.048906250000000000e+02
1.052382812500000000e+02
1.209960937500000000e+02
1.168359375000000000e+02
1.064218750000000000e+02
1.132343750000000000e+02
1.178515625000000000e+02
1.116210937500000000e+02
1.160390625000000000e+02
1.490351562500000000e+02
1.555078125000000000e+02
1.408593750000000000e+02
1.756445312500000000e+02
1.644882812500000000e+02
1.484179687500000000e+02
1.341640625000000000e+02
1.560820312500000000e+02
1.371289062500000000e+02
1.355781250000000000e+02
1.365273437500000000e+02
1.413281250000000000e+02
1.326835937500000000e+02
1.335898437500000000e+02
1.353242187500000000e+02
1.379648437500000000e+02
1.508515625000000000e+02
1.403125000000000000e+02
1.368632812500000000e+02
1.414726562500000000e+02
1.576289062500000000e+02
1.334882812500000000e+02
1.700585937500000000e+02
1.411093750000000000e+02
1.521484375000000000e+02
1.236992187500000000e+02
1.283945312500000000e+02
1.240625000000000000e+02
1.233789062500000000e+02
1.218476562500000000e+02
1.233085937500000000e+02
1.309843750000000000e+02
1.236445312500000000e+02
1.287656250000000000e+02
1.298320312500000000e+02
1.213906250000000000e+02
1.247187500000000000e+02
1.231796875000000000e+02
1.216250000000000000e+02
1.273984375000000000e+02
1.332265625000000000e+02
1.257304687500000000e+02
1.225078125000000000e+02
1.225078125000000000e+02
1.249570312500000000e+02
1.247460937500000000e+02
1.280000000000000000e+02
1.321484375000000000e+02
1.395273437500000000e+02
1.377265625000000000e+02
1.305234375000000000e+02
1.320195312500000000e+02
1.416093750000000000e+02
1.353281250000000000e+02
1.400273437500000000e+02
1.344296875000000000e+02
1.331914062500000000e+02
1.367500000000000000e+02
1.363320312500000000e+02
1.443789062500000000e+02
1.347304687500000000e+02
1.374101562500000000e+02
1.519218750000000000e+02
1.443437500000000000e+02
1.481289062500000000e+02
1.395429687500000000e+02
1.367382812500000000e+02
1.416015625000000000e+02
1.430156250000000000e+02
1.502539062500000000e+02
1.355468750000000000e+02
1.465195312500000000e+02
1.136914062500000000e+02
1.431132812500000000e+02
1.275039062500000000e+02
1.329726562500000000e+02
1.152148437500000000e+02
1.161757812500000000e+02
1.883554687500000000e+02
1.094140625000000000e+02
1.198632812500000000e+02
1.265234375000000000e+02
9.115234375000000000e+01
8.510546875000000000e+01
1.225820312500000000e+02
1.468242187500000000e+02
1.287148437500000000e+02
1.342890625000000000e+02
1.057695312500000000e+02
1.314726562500000000e+02
1.228867187500000000e+02
1.540312500000000000e+02
1.075546875000000000e+02
1.140742187500000000e+02
1.126679687500000000e+02
1.255859375000000000e+02
1.319179687500000000e+02
1.678203125000000000e+02
1.481289062500000000e+02
1.371875000000000000e+02
1.413085937500000000e+02
1.241289062500000000e+02
1.223242187500000000e+02
1.006171875000000000e+02
1.064531250000000000e+02
1.116210937500000000e+02
1.529218750000000000e+02
1.377343750000000000e+02
1.411367187500000000e+02
1.173945312500000000e+02
1.278007812500000000e+02
1.047929687500000000e+02
1.222734375000000000e+02
1.319257812500000000e+02
1.467070312500000000e+02
1.419375000000000000e+02
1.288476562500000000e+02
1.285078125000000000e+02
1.439218750000000000e+02
1.565234375000000000e+02
1.170390625000000000e+02
1.412148437500000000e+02
1.262968750000000000e+02
1.454414062500000000e+02
1.376210937500000000e+02
1.844960937500000000e+02
1.590781250000000000e+02
1.342539062500000000e+02
1.839570312500000000e+02
1.744882812500000000e+02
1.891054687500000000e+02
1.276015625000000000e+02
1.317382812500000000e+02
1.291445312500000000e+02
1.390234375000000000e+02
1.771367187500000000e+02
1.546015625000000000e+02
1.329101562500000000e+02
1.564023437500000000e+02
1.563554687500000000e+02
1.770468750000000000e+02
1.406953125000000000e+02
1.633515625000000000e+02
1.738085937500000000e+02
1.379960937500000000e+02
1.290703125000000000e+02
1.567343750000000000e+02
1.500546875000000000e+02
1.591992187500000000e+02
1.880195312500000000e+02
1.505429687500000000e+02
1.186250000000000000e+02
1.633242187500000000e+02
1.932578125000000000e+02
1.876328125000000000e+02
1.249882812500000000e+02
1.599257812500000000e+02
1.690468750000000000e+02
1.457968750000000000e+02
1.462304687500000000e+02
1.852500000000000000e+02
1.560429687500000000e+02
1.327031250000000000e+02
1.174140625000000000e+02
1.057226562500000000e+02
1.218046875000000000e+02
1.269257812500000000e+02
1.160078125000000000e+02
1.112460937500000000e+02
1.143945312500000000e+02
1.244570312500000000e+02
9.776562500000000000e+01
1.266484375000000000e+02
1.282968750000000000e+02
9.562109375000000000e+01
1.229296875000000000e+02
1.660664062500000000e+02
2.920625000000000000e+02
1.941015625000000000e+02
3.408867187500000000e+02
1.735468750000000000e+02
2.941523437500000000e+02
2.396835937500000000e+02
2.124843750000000000e+02
2.012734375000000000e+02
1.945937500000000000e+02
2.836171875000000000e+02
1.741054687500000000e+02
1.684531250000000000e+02
2.864218750000000000e+02
1.610351562500000000e+02
1.742929687500000000e+02
1.615234375000000000e+02
2.989453125000000000e+02
2.694140625000000000e+02
2.433750000000000000e+02
1.809101562500000000e+02
2.183085937500000000e+02
2.141679687500000000e+02
1.490234375000000000e+02
1.738398437500000000e+02
2.185664062500000000e+02
1.080859375000000000e+02
1.083710937500000000e+02
1.088203125000000000e+02
1.111992187500000000e+02
1.105937500000000000e+02
1.065429687500000000e+02
1.111484375000000000e+02
1.471953125000000000e+02
1.108750000000000000e+02
1.313359375000000000e+02
1.343906250000000000e+02
1.218789062500000000e+02
1.027070312500000000e+02
1.034804687500000000e+02
1.072656250000000000e+02
1.033906250000000000e+02
1.102812500000000000e+02
1.316171875000000000e+02
1.033476562500000000e+02
1.084140625000000000e+02
1.086484375000000000e+02
1.108710937500000000e+02
1.102187500000000000e+02
1.084765625000000000e+02
1.117929687500000000e+02
1.272148437500000000e+02
1.268242187500000000e+02
1.273710937500000000e+02
1.281093750000000000e+02
1.033085937500000000e+02
9.994921875000000000e+01
1.346679687500000000e+02
1.204492187500000000e+02
1.199609375000000000e+02
1.046015625000000000e+02
1.204921875000000000e+02
1.169921875000000000e+02
1.065468750000000000e+02
1.185664062500000000e+02
1.122421875000000000e+02
1.314765625000000000e+02
1.250390625000000000e+02
1.268046875000000000e+02
1.215898437500000000e+02
1.342773437500000000e+02
1.232265625000000000e+02
1.199921875000000000e+02
1.267187500000000000e+02
1.286875000000000000e+02
1.271289062500000000e+02
1.362968750000000000e+02
1.427421875000000000e+02
1.272148437500000000e+02
1.250312500000000000e+02
1.232500000000000000e+02
1.290390625000000000e+02
1.348750000000000000e+02
1.251796875000000000e+02
1.304570312500000000e+02
1.185234375000000000e+02
1.415507812500000000e+02
1.467148437500000000e+02
1.161953125000000000e+02
9.715625000000000000e+01
1.066054687500000000e+02
1.116210937500000000e+02
1.046093750000000000e+02
1.053437500000000000e+02
1.186835937500000000e+02
1.204218750000000000e+02
1.197031250000000000e+02
1.013867187500000000e+02
1.195234375000000000e+02
1.285507812500000000e+02
1.465781250000000000e+02
1.015742187500000000e+02
1.038125000000000000e+02
1.077382812500000000e+02
1.359570312500000000e+02
1.743437500000000000e+02
1.536367187500000000e+02
1.544531250000000000e+02
1.239023437500000000e+02
1.258320312500000000e+02
2.052773437500000000e+02
1.485468750000000000e+02
1.316250000000000000e+02
1.436601562500000000e+02
1.396562500000000000e+02
1.517968750000000000e+02
1.400273437500000000e+02
1.369960937500000000e+02
1.364570312500000000e+02
1.485000000000000000e+02
1.318242187500000000e+02
1.272773437500000000e+02
1.500507812500000000e+02
