5.865848436302020102e-02
4.895370977008547952e-02
3.732447924043735127e-02
1.143314050624553990e-01
6.235157274475694456e-02
7.227892727976108211e-02
1.775629281707975446e-02
6.918783008825986347e-02
1.548773757592694644e-01
1.289612597891532687e-02
2.033532662764813304e-03
8.419504514698014641e-02
1.984192387173226366e-02
3.544621897413953449e-02
1.222079263834232980e-02
1.327813517481755100e-02
1.331506954221630366e-02
3.741791904572303734e-02
4.756936374697309788e-02
8.606579609227020533e-02
