2.167583020794412382e-02
5.427170544170605709e-02
6.072579128177680446e-02
3.859480542088005589e-02
8.612047045684924351e-02
3.235263063643264991e-02
8.384403617017484323e-02
5.544101324989988283e-02
3.924104587779440878e-02
6.162760213087108835e-02
7.481319530276223269e-03
9.335351933478881759e-02
1.419398279133997007e-02
2.057020033397108112e-03
7.729859012373394012e-02
2.552586832296658767e-02
2.107993796670457401e-02
4.863930847634736349e-02
3.134830764282887927e-02
2.653024517074521055e-02
8.060684383640810344e-03
4.416158450769186450e-02
5.711771156788825882e-02
4.659198904424360216e-02
6.271400332951548862e-02
