1.410933940180983392e-02
1.623297390883577176e-02
1.084793561977163111e-02
3.070315199121475408e-02
1.623407251716258923e-02
2.797724062541200735e-02
5.167919006863079534e-03
2.161998275589701451e-02
5.504399025168225934e-02
4.428089882028151542e-03
6.331570448026268552e-04
3.457208052666992798e-02
5.608876318794758439e-03
1.483678432040403013e-02
3.849514874087967865e-03
3.553192028972173341e-03
4.971578530782347696e-03
1.157190706138259799e-02
1.568788604879809909e-02
3.475848366924849664e-02
