5.920905350079255780e-02
4.787300188547750912e-02
3.710346485110428000e-02
1.785956320548567899e-01
6.627296987619861468e-02
2.625344091408067237e-01
5.861408567656337804e-02
1.277135082311947056e-01
2.815613941346176707e-01
2.413893974427798461e-02
1.650780081915019515e-02
4.183074291039871051e-01
4.356336812167069250e-02
1.853551677642167328e-01
5.599018843795949829e-02
2.040749930936362755e-02
2.530531966398321189e-02
7.934881194731571719e-02
1.624059173537114042e-01
1.818940999638201106e-01
