3.211023378770160724e-02
4.449577755011226848e-02
5.917262040800324446e-02
2.424219780152908621e-02
6.601629876260015073e-02
2.909916582194870330e-02
7.484250609979427316e-02
7.056298529124510610e-02
7.398607885691381968e-03
6.055352591935713596e-02
1.568929262264098096e-02
8.763182847006986687e-02
3.006040575646645729e-02
2.451488718658901417e-02
6.861393887310854312e-02
3.518841380689621129e-02
8.800395532084569206e-02
5.799369330290574803e-02
8.087592523942113698e-02
7.089861224149661412e-02
3.784932536114012785e-02
4.829053947499233057e-02
6.199279589685352532e-02
4.290801931641172878e-02
7.219955093213054065e-02
