1.144175732894897948e-02
2.615551033215988974e-02
4.709385061477680545e-02
1.171179451202123550e-02
4.765515393691678592e-02
1.512269982999353730e-02
8.589450807792992082e-02
6.993746538893967635e-02
2.979486102936079739e-03
5.817273308886308086e-02
2.913428499320041068e-03
7.356218772415017149e-02
1.068070042541348699e-02
7.927253661592187708e-03
6.823607032380880899e-02
1.067711185327666068e-02
8.507519799153738516e-02
4.509278078571855169e-02
8.906902218768845969e-02
5.000890051875889891e-02
1.458685239474005399e-02
2.534661789546153315e-02
4.436270418341682620e-02
2.245336134580777285e-02
7.384285099582327261e-02
