2.768918507395208561e-02
4.772853661114478951e-02
1.609926735068036366e-02
5.554350154526369737e-02
6.622743092405533605e-02
8.221820658094375345e-02
6.107150202572477621e-02
5.237808205374910181e-02
5.071205730526343047e-02
9.432703592540636964e-03
1.257193817808039370e-02
7.708863453730038784e-02
5.462216293461828048e-02
3.252001287250951000e-02
4.913645449787708286e-02
3.023800863985399295e-02
1.981901061845500397e-02
4.640204403056780863e-02
5.637052774340192696e-02
6.755184186349041942e-02
