4.000166189481969836e-02
1.292762473136503144e-02
5.196069980592256388e-02
8.793096280202201964e-03
4.381877611868014583e-02
1.232035875108875196e-02
1.018772263056574590e-01
8.665250628477552675e-02
2.344781566714690402e-02
4.433102519267260316e-02
2.829632540352742046e-03
5.453823716523720222e-02
8.956775718834564942e-03
7.479125529332666771e-03
6.761085935869366736e-02
1.894803444051747915e-02
3.934277359894187281e-02
4.749974202599200473e-02
4.708168058893460323e-02
1.198373383917373906e-02
2.009343059403837645e-02
4.537828666667279714e-02
3.191410902429382690e-02
7.939548900136729481e-02
9.081729887528630640e-02
