5.378905894280060218e-02
3.579135636645151136e-02
3.735303474264835971e-02
6.545287249990268397e-02
5.915858880489863192e-02
5.061439025373189182e-02
6.174641184183515472e-03
4.690561033064152840e-02
9.962754299176511397e-02
1.730947117062796997e-02
2.579246448347361290e-03
1.498341347758566089e-01
1.679814263853305831e-02
1.425335618513453098e-02
6.115303101111455031e-02
5.822659547794893642e-03
1.692683993354431385e-02
4.718477489145094655e-02
9.850857260003041682e-02
1.147626746805415210e-01
