1.220979500406543100e-01
3.864427682605285630e-02
2.934722171386285744e-02
1.886013319570589430e-01
8.867169638777783192e-02
1.350764119925830786e-01
1.574017453125840446e-02
4.931610446707408724e-02
1.549219522716929753e-01
5.158540224896049353e-02
1.973072836843867833e-02
6.981515520462794333e-01
2.909456812279907767e-02
3.251334702507033270e-02
1.014952493918851312e-01
1.636748120756603697e-02
2.263972960433718179e-02
1.052397832696838620e-01
1.665905424806225499e-01
2.889533350860220007e-01
