1.700095187381124931e-02
1.067525850172824052e-02
1.051518946929477956e-02
2.137736763905723897e-02
1.842760949714672761e-02
1.357883579980618226e-02
1.740601931731653243e-03
1.322289879734176408e-02
3.210399225015538038e-02
5.508812154227169314e-03
7.837106074474961288e-04
5.503665810729035934e-02
5.093102973575931204e-03
4.292236826215894800e-03
1.935802910700555601e-02
2.340716475731793866e-03
6.409058889762299024e-03
1.872655624732245949e-02
2.839384060945128116e-02
3.830940512398372383e-02
