3.941591990514420329e-02
4.466142998217290799e-02
4.426409239162835269e-02
6.839489216586254472e-02
6.563815842266627898e-02
7.003070375124526015e-02
1.407327774068454877e-02
5.382421437958535837e-02
3.639196520285634118e-02
1.602416745781353596e-02
6.574762495233377191e-02
7.677342997076529174e-02
3.807441193367971932e-02
3.267328149038094265e-02
9.279273239474258861e-02
1.913196890538263958e-02
3.233747934890095210e-02
4.846198129839621171e-02
8.698466884215270978e-02
8.068431418136592925e-02
