4.899607586885663252e-02
3.463681996217565784e-02
2.102231299696200040e-02
8.546902688551613614e-02
1.971814212598865523e-01
1.704119820089826376e-01
2.309351337085253919e-02
3.019164939925771812e-02
2.916793994336040752e-02
2.723762738245615045e-02
2.044649476832902935e-01
8.609458866403918442e-01
5.095061874326454326e-02
5.625343253066342197e-02
1.225841284321082664e-01
1.507020712444046007e-02
3.163461915667156732e-02
4.044820240291268493e-02
8.332928530439172310e-02
1.222383986683289320e-01
