8.899802274817823072e-03
1.526546071003417708e-02
9.285594237285624622e-03
1.697617419976785169e-02
2.291861167023461279e-02
2.148659133148899530e-02
2.572206535520764076e-03
1.198775679240004013e-02
8.180007901011037905e-03
2.749964810999355920e-03
2.467734300169557166e-02
5.581265368170949814e-02
9.030953407668450630e-03
9.534105272053530061e-03
2.580395245595500098e-02
3.609949480103003244e-03
6.302582358592065913e-03
1.103678237066941029e-02
2.457891807967836628e-02
3.000578561193956856e-02
