1.667017802639110188e-02
5.454429566952440078e-02
5.094172848002252729e-02
3.686280659875390553e-02
6.350004071288151142e-02
1.592704363706907988e-02
4.898858543100976376e-02
6.563570263878430733e-02
1.123630313531652665e-02
6.500176033824182908e-02
9.443959269203749604e-03
7.290624713498380927e-02
3.036895394247557736e-02
1.581085469394078596e-02
1.349782771824779015e-01
5.506356746739242067e-03
3.943398501711868620e-02
6.432004857750065266e-03
5.962426310152548620e-02
7.527902886178415749e-03
4.541564926177001082e-03
1.872306492068833567e-02
2.716684872350047866e-02
6.933704863135491114e-02
6.889022329789040722e-02
