2.345738918159450542e-02
5.430051925189650214e-02
4.613349863226390291e-02
4.055494589006524569e-02
5.910022990887285610e-02
2.821268544509571152e-02
4.908248925661026774e-02
5.431735857330655115e-02
1.374571698008425491e-02
4.804930156294409671e-02
1.578787860269442733e-02
6.925532009192685023e-02
3.256564768956730221e-02
2.306089684106451751e-02
7.531784064861148098e-02
8.594839473919209383e-03
4.212170256089977499e-02
1.057986726540897406e-02
6.767555037919631422e-02
1.278923747226224684e-02
8.176308579336676041e-03
3.541243962257915184e-02
3.642670546417396682e-02
6.154871363734031042e-02
6.186937617327659816e-02
