7.957142857142806766e-03
1.829999999999996213e-02
2.299999999999957460e-03
1.061428571428567683e-02
3.621428571428531116e-03
1.978571428571363009e-03
3.021428571428530409e-03
1.319999999999994442e-02
2.842857142857113575e-03
1.478571428571384683e-03
7.071428571428173488e-04
3.774285714285711274e-02
4.142857142856559813e-04
9.999999999995567448e-05
2.078571428571374113e-03
5.642857142856728004e-04
2.428571428570780509e-04
1.871428571428523924e-03
5.571428571428527557e-03
7.571428571428518058e-03
