2.157308979305188612e-01
3.840550858367871440e-02
3.775902428366180452e-02
2.203371856479557911e-01
7.827090101392573940e-02
1.834763207661035955e-01
2.982565369098271260e-02
1.361064851673023657e-01
8.714744018344182386e-02
1.011237984193099348e-01
1.689735758108965383e-02
6.243190094676936974e-01
2.569442075596187203e-02
3.140242050129320867e-02
7.838264261030916669e-02
1.842602764319246564e-02
1.855116312521676650e-02
5.512330435598771644e-02
1.001046613932536494e-01
7.148879195369434170e-02
