2.684226047562753709e-02
1.242762917845498249e-02
1.317993389229768150e-02
2.217158468208096228e-02
1.119474213470990180e-02
1.646500018430067241e-02
5.110372064705176291e-03
3.094770550585740701e-02
2.230109551972173434e-02
1.027256109786995469e-02
1.377866452604349342e-03
5.071160986029830259e-02
3.338592688470448655e-03
3.094470573186018387e-03
2.122929553665293956e-02
4.033499373781818283e-03
3.628924099747399094e-03
1.056494879603792764e-02
2.588367311170330573e-02
2.074330263007023029e-02
