8.355173958570388457e-03
1.921315130006297917e-02
3.912186222396998869e-02
6.314732141032482551e-03
5.573226633656513940e-02
7.634117952274945690e-03
7.715123053415631760e-02
6.882652458715285415e-02
3.667838228059046562e-03
1.115209645664933837e-02
4.493815695635052453e-04
9.426991805837653393e-02
2.627393210490990959e-03
8.128233319892801817e-03
8.913340143507487989e-02
1.471527425363996187e-02
1.017327917602124099e-01
4.724602298454806670e-02
6.523011605404568924e-02
4.851259039843972692e-02
2.203666174457859575e-02
2.869799059815020606e-02
4.039853559708228570e-02
6.548646309646467822e-02
7.416623220094618885e-02
