3.032572228520696161e-02
5.592095421046289899e-02
3.143238556287671071e-02
2.431376559629028558e-02
5.857168820074666604e-02
4.196828365684934781e-02
4.938006817375677898e-02
5.068702618122838260e-02
2.693195322706438966e-02
5.676470466043283258e-02
1.049329484388599777e-02
8.575275365820973772e-02
1.758798923129293104e-02
1.406542878240942158e-02
8.606859936607907935e-02
1.048941247157760513e-02
4.230950931462423847e-02
1.333876311971184114e-02
6.633890781610592147e-02
2.612461450987072983e-02
9.213711138058551867e-03
4.219758838048470739e-02
7.122074927550367529e-02
5.458499239681504495e-02
6.089656863892547317e-02
