1.454345209436362467e-02
6.239866037803312726e-02
1.912445568527272946e-02
1.141728973164961823e-02
7.346009279310494744e-02
2.827081994314357277e-02
7.183016552009698075e-02
4.274419452674377978e-02
1.631187939375453033e-02
6.336290484129160350e-02
4.767512519259427782e-03
9.932772038296086570e-02
1.060656477302232212e-02
7.124080720415027629e-03
1.456908513996591770e-01
2.726652134450635503e-03
2.912114337293960145e-02
9.578953819167740011e-03
5.176847695296467322e-02
1.673523670924017756e-02
4.032102003790184394e-03
3.927307236543955277e-02
6.395080830846749942e-02
4.447214320101976898e-02
6.736076642974890560e-02
