1.936981387490895740e-02
5.288969834209194913e-03
6.510105564619876432e-03
1.906043320290311260e-02
1.590470463662952555e-02
1.607517010041190769e-02
7.150936385887591076e-03
2.550634817971415488e-02
3.672985930704444207e-02
2.151594585868521828e-03
1.638236087670797000e-03
6.406692209480309430e-02
2.107811951120963038e-03
2.969792828725181539e-03
1.227372648216879664e-02
7.366856235301635566e-03
8.190902764924066701e-03
2.048130604647587297e-02
2.203088814785341548e-02
1.897514699083526629e-02
