1.687058871938096061e-01
1.452934618519300877e-02
2.024768624370324593e-02
2.600759681424347214e-01
7.169341372253322520e-02
1.741537034387466709e-01
5.273232575682116480e-02
9.074498637384641186e-02
1.845086861471428863e-01
2.270955538724921813e-02
1.412124156511743341e-02
8.637422557287357527e-01
1.952066462131060026e-02
1.331069776967612299e-02
3.021907211175121205e-02
2.663067982373067480e-02
2.548077356802642274e-02
1.294644542933759135e-01
9.184258708966532014e-02
7.092243851330602700e-02
