1.832837304491766531e-02
3.822955906102201706e-02
7.675470868241114630e-02
3.445675887368579438e-02
1.177339661742589638e-01
3.583473926459223441e-02
8.428136585723226826e-02
4.563581616902243066e-02
2.254996708499165323e-02
5.168489001166066271e-02
4.085020081234214638e-03
1.280671701559613074e-01
5.399136131455603040e-03
2.726898073645053332e-03
8.047581412044703397e-02
2.567942217154570161e-02
6.746972342220280278e-03
2.262239176552114511e-02
2.244720973573612055e-02
7.630204547133942992e-03
2.123104532467006908e-03
2.867997413116384064e-02
3.706816767929153877e-02
3.015799631399120051e-02
7.060037399439121619e-02
