3.688356647977398400e-02
5.903198315654879791e-02
7.809786187272454994e-02
4.455816020850576764e-02
9.138990479928095489e-02
5.146193465274304102e-02
8.223589958571393688e-02
5.546989429000003663e-02
2.873446229492391743e-02
5.355103310921189436e-02
1.159808904681679589e-02
9.060439256028815502e-02
1.666375567072107822e-02
8.983188871706420178e-03
7.411516263160357332e-02
4.393968465155048686e-02
1.521186891810832192e-02
4.000179120017240131e-02
3.635499583870291374e-02
1.942696219054340992e-02
4.363659041227976529e-03
4.146914379266711942e-02
4.870449623102258291e-02
4.371458830915950222e-02
6.251472352878371941e-02
