4.789165121954973986e-02
8.858217354754978345e-02
6.298166311719924360e-02
2.533370289201962167e-01
7.022913322549184656e-02
4.548377079596696015e-01
7.031771329828501171e-02
1.771887444330030315e-01
3.228866479518822663e-01
2.730411653553862714e-02
1.773269271027140895e-02
2.195298740881765909e-01
2.977048948646741910e-02
5.722741438435505895e-02
6.375325030080257471e-02
2.599837444108464568e-02
3.098745463615858522e-02
1.115566194646901571e-01
8.041994558942749949e-02
1.207261287933587418e-01
