9.717878867352244820e-03
2.426914918132001137e-02
1.067010909196319107e-02
3.193818106736603241e-02
1.347875274488514671e-02
4.452452107195832565e-02
7.246253522128291366e-03
2.802515371502910940e-02
4.936904046360492126e-02
8.152280701320966175e-03
1.501589427132720041e-03
2.450967691353635874e-02
6.629690260968087133e-03
7.494957248910355876e-03
6.681644748207315153e-03
3.746907177481331990e-03
7.114185385113161279e-03
1.637798413833141398e-02
1.060760977654764785e-02
2.311155244918499871e-02
