2.720677449905925874e-02
4.964038693791154866e-02
3.237937413375920753e-02
5.278497170314433440e-02
6.852803737117144078e-02
5.884219440015223124e-02
2.514703443687354642e-02
5.233222743821516060e-02
5.129784769291789726e-02
2.839350582328982117e-02
9.557461753522651995e-03
5.997866763050284378e-02
5.938978405404144595e-02
4.071592208527370638e-02
5.548777369876027599e-02
2.477573527413970758e-02
4.221186369615231859e-02
5.262759611547412897e-02
7.307747895046763642e-02
7.980183406232516097e-02
