2.909980191604366606e-02
4.033912000111255364e-02
6.256505956935562440e-02
3.513341049190413928e-02
6.241585130178983754e-02
1.866764960387978442e-02
6.372395136933105275e-02
5.118100770236314045e-02
2.407852075623993782e-02
5.573855891762454634e-02
7.955412924253385878e-03
6.626916538741742246e-02
2.896595738686134555e-02
6.860849751427707845e-03
6.683531483135676798e-02
3.092023657826910993e-02
6.058561928029074922e-02
5.132126875883519235e-02
5.909465556769773892e-02
3.275569864141655158e-02
2.418001961403458064e-02
6.437940939322246703e-02
2.833110721551798314e-02
6.453843169371077659e-02
7.437081692909307262e-02
