1.658942546092774528e-02
4.317083455411519638e-02
2.118357826342312858e-02
4.576577752421899514e-02
7.539093110872298331e-02
3.077242953947202653e-02
3.866117415077203329e-02
6.496442419941317326e-02
6.896433846533776835e-02
1.121311495539524528e-02
5.477892094517201188e-03
1.702511891117930443e-01
4.302982314687870541e-02
4.252889510624771607e-02
5.892757372696642848e-02
1.901087313970968931e-02
2.301767366917227900e-02
8.164981145400973528e-02
7.927814237696645394e-02
6.015209795194042391e-02
