4.994379144573073831e-02
3.888037444681227695e-02
3.653380327811864281e-02
8.870881185290260817e-02
1.680353695589301144e-01
9.997469693509518363e-02
4.927816739833103948e-02
1.393442379209687276e-01
1.881026951290971916e-01
1.841462994121795607e-02
1.663831299903269223e-02
9.990278665863658869e-01
7.817634663757846991e-02
3.604786670341639937e-02
7.474321075618432786e-02
4.421741045492321581e-02
5.077878967962319579e-02
2.262013651146788096e-01
1.840451794806274577e-01
1.152063400885788430e-01
