7.424062626214194584e-03
1.326088093617402985e-02
6.650911780361610202e-03
1.240148095083460841e-02
2.900271944595405466e-02
1.069210243818248703e-02
1.188361001464152342e-02
2.518276385568763917e-02
2.360979622416129950e-02
2.849327855239508576e-03
1.510647183097134621e-03
6.413117644040727816e-02
1.356911831064239182e-02
1.272792242808466062e-02
1.688015807137830879e-02
8.040020604764854667e-03
6.808416962938866092e-03
2.793366107133534240e-02
2.299866705392260638e-02
1.800086469039069090e-02
