4.272875235206774480e-02
5.878910898712950972e-02
3.505195443432296276e-02
9.024790525654390050e-02
6.353739704930770615e-02
7.020348372096957279e-02
3.911951427006579024e-02
6.639887114592929462e-02
6.822018745936836437e-02
2.829845728398734661e-02
6.372724173888271587e-03
5.857879066815430136e-02
7.695452348360132255e-02
5.799937317595409147e-02
5.888132320580706514e-02
3.291211759409400084e-02
4.610103612629090630e-02
5.160906958654124660e-02
8.643567191651782555e-02
7.331507416424622170e-02
