2.397128963031645507e-02
8.475692125496733786e-02
2.148092256320888530e-02
9.527022991698602672e-02
5.462485958000668634e-02
7.690774012241088919e-02
2.262544887508319974e-02
8.770778826031963571e-02
5.423922967478042589e-02
1.170799005521731655e-02
3.953011267186396470e-03
5.020508494510041164e-02
6.058964151954657901e-02
4.269048776487392033e-02
5.093687788027077834e-02
2.070194443320049274e-02
3.642876689480833985e-02
3.320794455877117135e-02
8.184106252862156927e-02
8.615275827432355982e-02
