0.000000000000000000e+00 1.730555647263644153e-05 0.000000000000000000e+00 8.669768509836651982e-02 0.000000000000000000e+00 1.460237578382632684e-01 1.420150372100721300e-02 0.000000000000000000e+00 3.475849093081334606e-01 2.046392339615634576e-02 0.000000000000000000e+00 3.446801958558664419e-02 3.909716268754941104e-02 0.000000000000000000e+00 1.599080406175031402e-02 0.000000000000000000e+00 0.000000000000000000e+00 1.328763577436904431e-01 1.557961235067790440e-01 6.782447496244778384e-03
1.050012826558765905e-01 0.000000000000000000e+00 0.000000000000000000e+00 5.612636217258907406e-02 3.163872027963046674e-02 0.000000000000000000e+00 7.878826359390060478e-04 0.000000000000000000e+00 1.894846170694175491e-01 9.650160166932950090e-02 0.000000000000000000e+00 1.648870599579410068e-01 0.000000000000000000e+00 0.000000000000000000e+00 0.000000000000000000e+00 0.000000000000000000e+00 1.356703642982588498e-01 1.948344318263942332e-01 2.506767743462378142e-02 0.000000000000000000e+00
1.380758014810046785e-01 0.000000000000000000e+00 0.000000000000000000e+00 2.480991020635037528e-02 6.349068790498223203e-02 6.767981237143096129e-02 1.985894977856869983e-02 1.083909314880927427e-01 3.804813322599796821e-02 0.000000000000000000e+00 0.000000000000000000e+00 0.000000000000000000e+00 3.029326938930003085e-02 1.274830631139759751e-01 1.087780906773671424e-02 0.000000000000000000e+00 1.165873795049504526e-03 1.679892456527070643e-01 1.899976448392572959e-01 1.183886768554579319e-02
9.413346167110085705e-03 8.068298264945772402e-02 0.000000000000000000e+00 0.000000000000000000e+00 4.238416825255010220e-03 0.000000000000000000e+00 2.582840686135049260e-02 7.122554102147882205e-02 1.600870667793176938e-01 3.865068976969526782e-02 0.000000000000000000e+00 8.257371230184494190e-03 1.079896458776050255e-01 1.393223419968254440e-01 0.000000000000000000e+00 5.556786286159309807e-02 2.292322140923387392e-03 5.354678509376529540e-03 2.685499812465239611e-01 2.253934606330299309e-02
2.977187621740685908e-02 8.447157697868949711e-02 0.000000000000000000e+00 2.302170520949973348e-03 1.522297231671232431e-02 0.000000000000000000e+00 5.468207954490542089e-02 1.168667442116265165e-01 6.436928234364580614e-02 5.228382435772388481e-02 0.000000000000000000e+00 2.044990381044527877e-02 2.801449038929400975e-02 1.284133308987527589e-01 7.682484639311554925e-03 0.000000000000000000e+00 7.099064428113198086e-03 7.738461623526858568e-02 1.508707972191931090e-01 1.601147858879612418e-01
1.476852678648508665e-01 2.475142368834739454e-02 4.514616599705196381e-02 0.000000000000000000e+00 1.046444482074737614e-01 0.000000000000000000e+00 2.407389891739652316e-02 3.854710354058620003e-02 7.125929074507129923e-02 2.758107905517608732e-02 0.000000000000000000e+00 1.593478377849854577e-01 6.626107501651745668e-02 0.000000000000000000e+00 8.121191535521349314e-03 0.000000000000000000e+00 0.000000000000000000e+00 1.259859373465022636e-01 4.712273011916556786e-02 1.094725501813539476e-01
1.298138919644327705e-01 0.000000000000000000e+00 0.000000000000000000e+00 3.644274339737223894e-02 1.204727242132122150e-01 1.339762603777078787e-01 1.667698088058995262e-02 3.255035300289119832e-02 1.731622766372699629e-01 0.000000000000000000e+00 0.000000000000000000e+00 1.468321258715135358e-01 0.000000000000000000e+00 1.889310084781514049e-02 2.975667795648069200e-02 5.505503116344266819e-03 0.000000000000000000e+00 7.124789760978692682e-03 1.135836376470469311e-01 3.520893432634448345e-02
1.492280846061199741e-02 5.633900223145730255e-04 0.000000000000000000e+00 8.086333541475350384e-02 1.328740248145656166e-01 2.125966727255674052e-02 0.000000000000000000e+00 1.220726649895615135e-01 1.332416122804545300e-01 0.000000000000000000e+00 0.000000000000000000e+00 4.765379124212144185e-02 1.549601383791939131e-02 1.091303749549734220e-01 0.000000000000000000e+00 6.906582482173699578e-02 1.097833873702040164e-01 9.625098507274425924e-03 1.332593775574109074e-01 1.886284535409631785e-04
1.161830498857413518e-02 1.474333186155469821e-01 0.000000000000000000e+00 2.692024855836051001e-01 1.939382443449135310e-02 1.348855983536090819e-01 0.000000000000000000e+00 0.000000000000000000e+00 1.446490058485824237e-01 5.987927427347630033e-02 0.000000000000000000e+00 9.458884899572994609e-02 3.202294952782753362e-03 0.000000000000000000e+00 0.000000000000000000e+00 0.000000000000000000e+00 3.343672595321325446e-03 2.467956419455814496e-02 5.683376746231921794e-02 3.029003970140307922e-02
1.123361441473194611e-01 0.000000000000000000e+00 0.000000000000000000e+00 2.632461208639588421e-02 1.554811251322059107e-01 0.000000000000000000e+00 9.799355148967649892e-03 1.205539193976740558e-01 1.886202225265171950e-01 2.451000136228389040e-02 0.000000000000000000e+00 1.845219460104361719e-01 0.000000000000000000e+00 7.807216677509273839e-02 0.000000000000000000e+00 1.407599664258499424e-02 4.069547355140784692e-04 0.000000000000000000e+00 1.270198657645095659e-02 7.259556945855687171e-02
