6.986387239471875121e-02
3.379199975108288651e-02
4.514616599705196902e-03
5.827693044803827077e-02
6.474569441285291105e-02
5.038250962135680522e-02
1.659090574887249828e-02
6.102072576519111669e-02
1.510506416764408333e-01
3.198703938838413224e-02
0.000000000000000000e+00
8.610069044889440137e-02
2.903539521509680699e-02
6.013143785874355829e-02
7.242896726080063664e-03
1.442151874422593731e-02
2.597616393633843390e-02
7.458547197767505244e-02
1.153783723608770989e-01
4.490311692542542366e-02
