5.821961417771957803e-02
4.957391718948636616e-02
1.354384979911558810e-02
7.639070529053906822e-02
5.570626057624846611e-02
6.092229357051908573e-02
1.566856057101868524e-02
5.022410336477303033e-02
8.312218159263576323e-02
2.945179465237576094e-02
0.000000000000000000e+00
6.851756711363389540e-02
3.332148711605963792e-02
5.861431817033468245e-02
9.272924134297647752e-03
2.450819813543464107e-02
4.876431629753764235e-02
7.130851035193815080e-02
7.683137452872944306e-02
5.057625446517766132e-02
