1.571428571428575699e-02
2.611428571428576692e-02
1.785714285714612329e-04
9.285714285714341543e-03
8.978571428571457264e-03
1.300000000000045477e-03
7.857142857147225983e-05
8.357142857143174276e-04
9.869285714285717936e-02
4.357142857143392551e-04
0.000000000000000000e+00
2.626428571428576081e-02
1.335714285714317872e-03
9.364285714285736431e-03
4.357142857143392551e-04
7.142857142894420635e-06
1.071428571428612031e-03
2.121428571428596137e-03
5.214285714285719214e-02
1.664285714285751363e-03
