2.842751665330885830e-02
1.001059773309964304e-02
1.463876532662162664e-03
1.784939357715831926e-02
1.822482115521149859e-02
1.689790372690868833e-02
4.855145137327192967e-03
2.114633962228109482e-02
4.844625888719008427e-02
1.195117991252041961e-02
0.000000000000000000e+00
3.873565998168384400e-02
1.028870747703067648e-02
2.344576067166357150e-02
3.971885027797161793e-03
4.042492995000672960e-03
9.981284611119261088e-03
1.953822107172978675e-02
3.360745891949178804e-02
1.987467200379803428e-02
