1.676000026847631885e-01
4.101643970990741933e-02
2.381489931823017880e-02
1.062697505660295388e-01
1.079048882868833409e-01
1.232302231295619305e-01
2.537568312775541346e-02
1.174400664641845199e-01
3.370481898163491530e-01
7.419479655337365975e-02
1.479492416966544932e-02
4.259126294249033218e-01
4.620978047852607878e-02
2.140373775468992490e-01
3.854497844994804467e-02
2.720551675827101445e-02
4.591644330403297364e-02
1.870030688947257880e-01
1.788257659934767707e-01
8.162855388022631498e-02
