2.627712175433943864e-02
5.163788047381476926e-02
2.176395343351111150e-02
6.658854609433324800e-02
7.163668972867860696e-02
7.074079494117598010e-02
1.501010556828834795e-02
4.522254224365571118e-02
7.269655742003576504e-02
3.578137340622936785e-02
5.133897404841997886e-02
8.192307288731556780e-02
6.201747445241054257e-02
4.617142338742518531e-02
5.957498302454550254e-02
6.373318143806991354e-02
6.121384705576377039e-02
5.526066057561075662e-02
5.745965708910494990e-02
6.504264561481955254e-02
