2.141229330756061131e-02
4.910984501124038282e-02
9.574056010581546983e-03
4.303434630619863005e-02
7.401437328873373966e-02
8.520842816500710792e-02
7.377358695612053728e-03
3.421607816144019154e-02
7.423973981746655182e-02
1.874611649956725232e-02
3.597761752297037180e-02
1.059018944565768838e-01
8.776874509233208166e-02
3.506612393219668555e-02
5.732687602435294905e-02
5.117593232880828652e-02
4.942810405771751875e-02
5.200412366125415492e-02
4.268838493547597035e-02
6.572956272490698693e-02
