4.472580311836211325e-02
4.897881572719588877e-02
5.378571462491142652e-02
6.087569530150366975e-02
4.816915977402563137e-02
5.617870966785491055e-02
1.383253505218377116e-02
3.153265906834772092e-02
1.926007338763672042e-02
1.499026635691490771e-02
5.031442486597381691e-02
6.165185234053002089e-02
3.630830081643237478e-02
4.995383034429844160e-02
5.990305499032382019e-02
4.111809709141644315e-02
2.923400810072623174e-02
6.575604268169209232e-02
7.377982170596343592e-02
8.947900552931792317e-02
