5.174553206197389510e-02
3.776091972969027738e-02
2.523843662332729207e-02
4.771351225204836788e-02
3.937031628596382449e-02
1.547100995786734705e-02
8.048923730031555535e-02
5.767682409326520959e-02
1.442810146080157835e-03
1.016721493942905792e-02
3.306644066302841765e-03
5.578001375157108470e-03
4.046193157187826135e-03
3.256643331965998478e-02
1.509324899573991074e-01
1.141724726467821180e-02
2.707403754200185184e-02
5.805005535752697648e-02
7.414388068984230362e-02
2.577772928000436961e-02
7.214988659148296145e-03
3.144081781994865349e-02
7.176543373620866695e-02
6.621064296445712538e-02
6.339959142051564134e-02
