-4.285714285715558212e-05
1.030000000000002094e-02
-7.142857142850012392e-06
9.499999999999953360e-04
6.428571428572782680e-05
2.414285714285690880e-03
-3.571428571430557142e-05
4.285714285714448260e-05
7.857142857143894772e-05
3.357142857142503050e-04
-5.000000000001669911e-05
1.974928571428571367e-01
2.428571428571224490e-04
1.542857142857123609e-03
1.142857142857112206e-04
5.714285714285561029e-05
-2.857142857144445781e-05
2.771428571428557943e-03
6.857142857142784365e-04
3.371428571428558649e-03
