1.235414607977307691e-02
2.238347674278154051e-02
1.340963403079416250e-02
1.630795690056837874e-02
1.135707670237499738e-02
1.678699131966200631e-02
1.913075454388235563e-03
7.403690470353801144e-03
5.472466446426902872e-03
2.958110235680275115e-03
1.312931905186066027e-02
6.402628607057321564e-02
8.551981479459449739e-03
2.591963783866933074e-02
1.819048191245013768e-02
1.099587112695354398e-02
6.799939509178571338e-03
2.449242542608931136e-02
2.230850362970122902e-02
3.861806059931117280e-02
