7.429973056270525178e-02
7.745736811027781332e-02
2.594505825273948213e-02
1.480154758860037223e-01
6.188773890433604818e-02
1.432848734905847465e-01
1.157853937951170732e-02
2.965221633249485317e-02
1.476728450999288157e-02
1.274963336299809145e-02
7.052827844894055120e-02
1.091112799553799917e+00
4.266612372081297899e-02
1.278847527616589486e-01
5.545918225031194054e-02
5.235500769200505944e-02
1.906308736789906477e-02
1.330125919841258497e-01
5.799988123586909822e-02
1.420638538498903980e-01
