4.028792397065046604e-02
8.199646976386607000e-02
1.852402372527448687e-02
4.084529209586162252e-02
1.108334871615272027e-01
8.067142359157994380e-02
2.646930265129488619e-02
5.365932142529344223e-02
5.511969241897293759e-02
6.094474846810665758e-03
1.764378858586123679e-03
1.057231311847374178e-01
5.947570082902262772e-02
2.409355305033102079e-02
4.711102149327851124e-02
5.472538535744169395e-03
4.840017816223646935e-02
2.849988432388688223e-02
7.821450836030433007e-02
8.674369355074089405e-02
