4.371104486190456606e-02
2.878321125961929086e-02
1.706162919520435098e-02
5.902679356435507063e-02
3.387196113948690024e-02
4.622786195704072648e-02
4.878064234061165946e-03
5.108012113764353462e-02
4.900164157374138629e-02
6.550727605761279271e-02
1.094936120853851926e-02
7.366678337328083637e-02
4.094944346286426978e-02
1.556545740417771039e-03
6.018297020021065591e-02
1.420076459778805630e-02
3.896462796648512625e-03
5.483083771060074524e-02
7.620159905566135927e-02
5.969322526003677243e-02
