1.433415423025777811e-02
6.216972575548760510e-02
6.214712960102485723e-02
2.413771816111202548e-02
6.553174751982304702e-02
2.231486809992421633e-02
3.324286425018567470e-02
3.075459792086440367e-02
2.543136168267685036e-03
4.629876543704766756e-02
8.518026768661649678e-03
1.225300399902668341e-01
2.143523976688199023e-02
7.534657870762078054e-03
1.546864119973636320e-01
9.682997650734419953e-03
8.628055273565977956e-03
1.292912195636508089e-02
6.537161761665309656e-02
2.160398004604676021e-03
6.935305527803505010e-03
3.508004280918334411e-02
5.373660474758287786e-02
7.841681038410157345e-02
4.887996249147444350e-02
