1.897103829516718632e-01
3.266402535707786658e-02
1.915247146573345258e-02
1.821486800500285719e-01
6.094557557928175634e-02
1.937378091795264601e-01
1.852680619751369273e-02
6.882779062266948522e-02
1.492174485399358486e-01
1.956034837900813561e-01
1.762588218552832778e-02
4.973958916150732490e-01
6.251377047842815449e-02
6.307225423151813573e-03
8.333625798610876101e-02
2.152082304238997143e-02
1.898800811567329452e-02
8.492931772220022046e-02
2.505629469777294616e-01
4.862784897780428883e-01
