1.880672709549458324e-02
1.276666959819203889e-02
7.435280167180695343e-03
3.435831872673517084e-02
1.521182094641122459e-02
2.032647347372208702e-02
3.565494302114511575e-03
2.366958353688312575e-02
3.189173438890314377e-02
2.203484209993101725e-02
2.676669321707332225e-03
4.940390963283313591e-02
1.251612146628297909e-02
6.167850569426409349e-04
1.686859994285608982e-02
4.023144947274690311e-03
2.085638545419165029e-03
2.504006711156695972e-02
2.495654636496111994e-02
5.592230860451256891e-02
