6.288412885166377864e-02
8.843131471653138675e-02
7.842235002271141786e-02
3.650546629582464286e-02
8.721221588351062148e-02
5.169202615782197280e-02
5.725658095291770444e-02
7.217885125714551542e-02
3.221271808746192788e-02
5.746955063681191689e-02
2.559662868863799793e-03
8.634147235454867064e-02
5.159402331576352918e-02
2.608765590556362188e-02
6.057633512194336711e-02
1.041878098419035323e-02
3.079384661867382716e-02
4.516164554101175649e-02
1.095832638965871589e-02
4.063527838221631105e-02
1.613984888466422907e-02
3.188855648865090986e-02
5.170236114275695433e-02
4.252352690664076146e-02
6.542919023268807532e-02
