4.858579355754216733e-02
7.643165123610240475e-02
1.026855951838634012e-01
1.834038338075808308e-02
1.161286699069454670e-01
2.674814143143057141e-02
4.383922577506502855e-02
9.365327874254983365e-02
2.040027572187289376e-02
4.905075279717521775e-02
7.441448265465497054e-04
1.004041353368312905e-01
4.091616582127196450e-02
1.900137382124653801e-02
5.255100660892803033e-02
2.174633323364966349e-03
1.394963328190401870e-02
2.055333010983996858e-02
3.978571797762311263e-03
2.286384367368732989e-02
6.719305350277441670e-03
1.446509615651883976e-02
3.307682903409176617e-02
2.309720482250574719e-02
4.964095830191817688e-02
