3.135141885762310343e-02
2.915238935142335647e-02
9.801670924061876237e-04
3.101140970299310837e-02
8.793988736083049526e-03
4.205002550543960466e-02
3.825603466265037767e-03
5.662490949001900559e-03
3.473577942720883216e-02
1.922322533119549121e-02
1.399573567208113947e-02
1.887331233627540655e-02
1.108978210967075280e-02
2.366409022335033870e-03
1.977637980502178986e-03
3.343893655244484231e-03
1.915291397939453046e-03
1.752696304834822430e-02
5.568795269169523991e-03
8.892762641937584922e-03
