2.241111838875244899e-01
1.117112387931656764e-01
8.002038144235026212e-03
2.825916000977969356e-01
4.791120385993629521e-02
8.928230461581792010e-01
1.696003925055272060e-02
6.109978275631974820e-02
2.700197747522800062e-01
1.479154625467734852e-01
3.044936663491755111e-02
1.091978496642232732e-01
2.928623794335474817e-02
1.936571291288500390e-02
1.451128955905201835e-02
1.376845769620729278e-02
8.344671024687617955e-03
1.115106069729765031e-01
2.543779380247567987e-02
3.842918197324968199e-02
