1.832556718436825077e-02
6.352461077138531198e-02
4.153071870973801955e-02
1.034127567780073267e-02
4.412546215390597548e-02
2.160329516746401640e-02
5.156304287419096605e-02
2.406473112228800504e-02
1.273852729046867638e-02
5.015317208707855551e-02
1.297292873034068018e-02
8.920250570247439947e-02
7.073113812790778054e-03
2.283108484804271653e-03
1.497426286575881393e-01
4.174796252492513592e-03
4.391631541120798177e-02
5.621057662048634801e-02
5.781600265126143889e-02
8.996113758724255324e-03
1.942851836977431152e-03
4.094827047353819666e-02
3.384914016248282559e-02
7.028284557683478484e-02
8.261839882930742396e-02
