2.614936473840760445e-01
5.206044561540535548e-02
2.849096092607367528e-02
8.421390789736080129e-02
6.204309780190769841e-02
1.884531418631426591e-01
2.677350963858301722e-02
7.133251874158430539e-02
2.482958013370030748e-01
5.802293321686211036e-02
2.290057916646150854e-02
6.498615196291263052e-01
5.926020200382460523e-02
8.696364570967173024e-02
5.797416747101869633e-02
1.078773492106549492e-02
3.924007698522404691e-02
1.275943569292956603e-01
1.332010729819054218e-01
1.084034339316218981e-01
