2.798022593213670556e-02
1.476471758786125979e-02
5.507507498359745859e-03
1.318328411237505368e-02
1.347814855272858742e-02
2.048690851049966843e-02
4.683467706487421701e-03
1.409988017717257042e-02
3.322169457439298063e-02
6.399169218640208059e-03
1.127078418649526395e-03
5.292064136622626896e-02
1.374789640859093963e-02
1.371746582489496991e-02
1.773222203948313785e-02
2.794381082197848216e-03
8.818293970394151804e-03
1.662248132082810165e-02
2.389961254791548445e-02
2.086116777270589223e-02
