3.481967636982447045e-02
3.410732125687033350e-02
6.537149041920124748e-02
2.080062281782822653e-02
8.053698789048448214e-02
1.900384938378678334e-02
7.453579635668371173e-02
6.543966101035185445e-02
2.705012566447879963e-02
5.490368996191129919e-02
3.518682325699259636e-03
6.889074804137716723e-02
2.835980783985381226e-02
1.134130614725731637e-02
6.194233814447888675e-02
4.048097935921635138e-02
6.411032765824883906e-02
5.109002400716822906e-02
7.107906843865183233e-02
6.636671527170494127e-03
4.263347199871307669e-02
6.219184073739879304e-02
5.742422181028165873e-02
6.987649438715504147e-02
7.437194456756221483e-02
