2.194265679917199383e-02
1.786238577677673467e-02
5.409394742512908805e-02
1.109786106353338915e-02
8.695833468669617039e-02
6.905550306101234520e-03
7.618536517108727424e-02
7.031678726835291493e-02
1.743814934388860857e-02
4.302934308274345560e-02
9.343842284201157389e-04
7.074249535194146454e-02
1.220849479260584063e-02
3.252637039159702453e-03
6.535570405058430121e-02
2.474578853852762300e-02
4.744249633699708368e-02
3.749032951582269291e-02
7.217241377537980673e-02
2.864178615932748591e-03
1.969829424311995286e-02
5.128324223269699333e-02
4.109692257439438029e-02
6.225956224952212265e-02
8.262267553141439125e-02
